System params: f_X=0.1, f_Y=0.9, A_X=1, A_Y=0.5, phi=0, dt=0.01, N=1000

t	X	Y	Z
0.0	1.0	0.0	1.0
0.01001001001	0.999980221319	0.0565750491838	1.0565552705
0.02002002002	0.999920886057	0.112968871429	1.11288975749
0.03003003003	0.999821996562	0.169000820322	1.16882281688
0.04004004004	0.999683556747	0.224491408638	1.22417496538
0.0500500500501	0.999505572086	0.279262883293	1.27876845538
0.0600600600601	0.99928804962	0.333139794742	1.33242784436
0.0700700700701	0.999030997955	0.385949558995	1.38498055695
0.0800800800801	0.998734427259	0.437523010457	1.43625743772
0.0900900900901	0.998398349262	0.487694943814	1.48609329308
0.1001001001	0.99802277726	0.536304643237	1.5343274205
0.11011011011	0.99760772611	0.583196397206	1.58080412332
0.12012012012	0.997153212228	0.628219997296	1.62537320952
0.13013013013	0.996659253595	0.671231219341	1.66789047294
0.14014014014	0.996125869751	0.712092285431	1.70821815518
0.15015015015	0.995553081795	0.750672305253	1.74622538705
0.16016016016	0.994940912384	0.786847695372	1.78178860776
0.17017017017	0.994289385735	0.820502575107	1.81479196084
0.18018018018	0.99359852762	0.851529137733	1.84512766535
0.19019019019	0.992868365367	0.879827995816	1.87269636118
0.2002002002	0.992098927861	0.905308499583	1.89740742744
0.21021021021	0.991290245538	0.927889027297	1.91917927283
0.22022022022	0.990442350387	0.94749724672	1.93793959711
0.23023023023	0.989555275949	0.964070346816	1.95362562276
0.24024024024	0.988629057313	0.977555238948	1.96618429626
0.25025025025	0.98766373112	0.98790872694	1.97557245806
0.26026026026	0.986659335554	0.99509764545	1.981756981
0.27027027027	0.985615910348	0.999098966205	1.98471487655
0.28028028028	0.984533496775	0.999899871767	1.98443336854
0.29029029029	0.983412137654	0.997497796594	1.98090993425
0.3003003003	0.982251877342	0.991900435259	1.9741523126
0.31031031031	0.981052761736	0.983125717796	1.96417847953
0.32032032032	0.979814838271	0.97120175227	1.95101659054
0.33033033033	0.978538155914	0.956166734739	1.93470489065
0.34034034034	0.977222765169	0.938068826896	1.91529159207
0.35035035035	0.975868718069	0.916966001796	1.89283471987
0.36036036036	0.974476068176	0.89292585815	1.86740192633
0.37037037037	0.97304487058	0.866025403784	1.83907027436
0.38038038038	0.971575181895	0.836350808966	1.80792599086
0.39039039039	0.970067060258	0.803997130367	1.77406419062
0.4004004004	0.968520565327	0.769068006574	1.7375885719
0.41041041041	0.966935758276	0.731675326102	1.69861108438
0.42042042042	0.965312701797	0.691938868978	1.65725157077
0.43043043043	0.963651460093	0.649985923054	1.61363738315
0.44044044044	0.96195209888	0.605950876264	1.56790297514
0.45045045045	0.960214685378	0.559974786138	1.52018947152
0.46046046046	0.958439288315	0.512204927953	1.47064421627
0.47047047047	0.956625977922	0.462794322967	1.41942030089
0.48048048048	0.954774825929	0.411901248244	1.36667607417
0.49049049049	0.952885905561	0.359688729645	1.31257463521
0.500500500501	0.95095929154	0.306324019607	1.25728331115
0.510510510511	0.948995060078	0.251978061385	1.20097312146
0.520520520521	0.946993288874	0.196824941468	1.14381823034
0.530530530531	0.944954057113	0.141041331925	1.08599538904
0.540540540541	0.942877445461	0.0848059244755	1.02768336994
0.550550550551	0.940763536065	0.0282988580831	0.969062394148
0.560560560561	0.938612412544	-0.0282988580831	0.910313554461
0.570570570571	0.936424159991	-0.0848059244755	0.851618235516
0.580580580581	0.934198864969	-0.141041331925	0.793157533044
0.590590590591	0.931936615503	-0.196824941468	0.735111674035
0.600600600601	0.929637501083	-0.251978061385	0.677659439698
0.610610610611	0.927301612655	-0.306324019607	0.620977593048
0.620620620621	0.92492904262	-0.359688729645	0.565240312976
0.630630630631	0.922519884832	-0.411901248244	0.510618636588
0.640640640641	0.920074234591	-0.462794322967	0.457279911624
0.650650650651	0.917592188639	-0.512204927953	0.405387260686
0.660660660661	0.915073845161	-0.559974786138	0.355099059023
0.670670670671	0.912519303774	-0.605950876264	0.306568427511
0.680680680681	0.909928665531	-0.649985923054	0.259942742477
0.690690690691	0.907302032909	-0.691938868978	0.215363163931
0.700700700701	0.904639509812	-0.731675326102	0.17296418371
0.710710710711	0.901941201561	-0.769068006574	0.132873194987
0.720720720721	0.899207214896	-0.803997130367	0.0952100845289
0.730730730731	0.896437657964	-0.836350808966	0.0600868489986
0.740740740741	0.893632640323	-0.866025403784	0.027607236539
0.750750750751	0.890792272932	-0.89292585815	-0.00213358521754
0.760760760761	0.887916668148	-0.916966001796	-0.0290493336483
0.770770770771	0.885005939722	-0.938068826896	-0.0530628871745
0.780780780781	0.882060202795	-0.956166734739	-0.0741065319444
0.790790790791	0.879079573893	-0.97120175227	-0.0921221783777
0.800800800801	0.876064170921	-0.983125717796	-0.107061546875
0.810810810811	0.873014113161	-0.991900435259	-0.118886322098
0.820820820821	0.869929521266	-0.997497796594	-0.127568275329
0.830830830831	0.866810517252	-0.999899871767	-0.133089354514
0.840840840841	0.863657224501	-0.999098966205	-0.135441741703
0.850850850851	0.860469767748	-0.99509764545	-0.134627877702
0.860860860861	0.85724827308	-0.98790872694	-0.13066045386
0.870870870871	0.853992867932	-0.977555238948	-0.123562371016
0.880880880881	0.850703681078	-0.964070346816	-0.113366665739
0.890890890891	0.847380842629	-0.94749724672	-0.100116404091
0.900900900901	0.84402448403	-0.927889027297	-0.0838645432666
0.910910910911	0.840634738048	-0.905308499583	-0.0646737615347
0.920920920921	0.837211738773	-0.879827995816	-0.0426162570437
0.930930930931	0.833755621609	-0.851529137733	-0.0177735161242
0.940940940941	0.830266523272	-0.820502575107	0.00976394816503
0.950950950951	0.826744581781	-0.786847695372	0.0398968864096
0.960960960961	0.823189936455	-0.750672305253	0.0725176312022
0.970970970971	0.819602727906	-0.712092285431	0.107510442475
0.980980980981	0.815983098035	-0.671231219341	0.144751878694
0.990990990991	0.812331190024	-0.628219997296	0.184111192728
1.001001001	0.808647148334	-0.583196397206	0.225450751127
1.01101101101	0.804931118695	-0.536304643237	0.268626475458
1.02102102102	0.801183248104	-0.487694943814	0.313488304291
1.03103103103	0.797403684817	-0.437523010457	0.35988067436
1.04104104104	0.793592578344	-0.385949558995	0.407643019348
1.05105105105	0.78975007944	-0.333139794742	0.456610284698
1.06106106106	0.785876340107	-0.279262883293	0.506613456814
1.07107107107	0.781971513578	-0.224491408638	0.55748010494
1.08108108108	0.778035754318	-0.169000820322	0.609034933997
1.09109109109	0.774069218016	-0.112968871429	0.661100346587
1.1011011011	0.770072061578	-0.0565750491838	0.713497012394
1.11111111111	0.766044443119	-2.44929359829e-16	0.766044443119
1.12112112112	0.761986521963	0.0565750491838	0.818561571146
1.13113113113	0.757898458629	0.112968871429	0.870867330058
1.14114114114	0.753780414831	0.169000820322	0.922781235153
1.15115115115	0.749632553468	0.224491408638	0.974123962106
1.16116116116	0.745455038618	0.279262883293	1.02471792191
1.17117117117	0.741248035533	0.333139794742	1.07438783028
1.18118118118	0.737011710631	0.385949558995	1.12296126963
1.19119119119	0.732746231489	0.437523010457	1.17026924195
1.2012012012	0.728451766839	0.487694943814	1.21614671065
1.21121121121	0.724128486558	0.536304643237	1.2604331298
1.22122122122	0.719776561664	0.583196397206	1.30297295887
1.23123123123	0.715396164307	0.628219997296	1.3436161616
1.24124124124	0.710987467765	0.671231219341	1.38221868711
1.25125125125	0.706550646434	0.712092285431	1.41864293186
1.26126126126	0.702085875823	0.750672305253	1.45275818108
1.27127127127	0.697593332546	0.786847695372	1.48444102792
1.28128128128	0.693073194316	0.820502575107	1.51357576942
1.29129129129	0.688525639939	0.851529137733	1.54005477767
1.3013013013	0.683950849304	0.879827995816	1.56377884512
1.31131131131	0.679349003377	0.905308499583	1.58465750296
1.32132132132	0.674720284195	0.927889027297	1.60260931149
1.33133133133	0.670064874858	0.94749724672	1.61756212158
1.34134134134	0.665382959521	0.964070346816	1.62945330634
1.35135135135	0.66067472339	0.977555238948	1.63822996234
1.36136136136	0.655940352709	0.98790872694	1.64384907965
1.37137137137	0.651180034758	0.99509764545	1.64627768021
1.38138138138	0.646393957842	0.999098966205	1.64549292405
1.39139139139	0.641582311285	0.999899871767	1.64148218305
1.4014014014	0.636745285425	0.997497796594	1.63424308202
1.41141141141	0.6318830716	0.991900435259	1.62378350686
1.42142142142	0.626995862148	0.983125717796	1.61012157994
1.43143143143	0.622083850393	0.97120175227	1.59328560266
1.44144144144	0.617147230641	0.956166734739	1.57331396538
1.45145145145	0.612186198173	0.938068826896	1.55025502507
1.46146146146	0.607200949233	0.916966001796	1.52416695103
1.47147147147	0.602191681025	0.89292585815	1.49511753917
1.48148148148	0.597158591703	0.866025403784	1.46318399549
1.49149149149	0.592101880361	0.836350808966	1.42845268933
1.5015015015	0.587021747031	0.803997130367	1.3910188774
1.51151151151	0.581918392668	0.769068006574	1.35098639924
1.52152152152	0.576792019149	0.731675326102	1.30846734525
1.53153153153	0.571642829258	0.691938868978	1.26358169824
1.54154154154	0.566471026685	0.649985923054	1.21645694974
1.55155155155	0.561276816012	0.605950876264	1.16722769228
1.56156156156	0.556060402709	0.559974786138	1.11603518885
1.57157157157	0.550821993122	0.512204927953	1.06302692108
1.58158158158	0.54556179447	0.462794322967	1.00835611744
1.59159159159	0.540280014833	0.411901248244	0.952181263077
1.6016016016	0.534976863143	0.359688729645	0.894665592787
1.61161161161	0.529652549179	0.306324019607	0.835976568786
1.62162162162	0.524307283557	0.251978061385	0.776285344942
1.63163163163	0.518941277722	0.196824941468	0.71576621919
1.64164164164	0.513554743939	0.141041331925	0.654596075864
1.65165165165	0.508147895284	0.0848059244755	0.592953819759
1.66166166166	0.502720945639	0.0282988580831	0.531019803722
1.67167167167	0.497274109679	-0.0282988580831	0.468975251596
1.68168168168	0.491807602866	-0.0848059244755	0.407001678391
1.69169169169	0.486321641442	-0.141041331925	0.345280309518
1.7017017017	0.480816442417	-0.196824941468	0.283991500949
1.71171171171	0.475292223561	-0.251978061385	0.223314162176
1.72172172172	0.469749203398	-0.306324019607	0.163425183792
1.73173173173	0.464187601196	-0.359688729645	0.104498871552
1.74174174174	0.458607636956	-0.411901248244	0.0467063887125
1.75175175175	0.453009531408	-0.462794322967	-0.00978479155899
1.76176176176	0.447393505998	-0.512204927953	-0.0648114219553
1.77177177177	0.44175978288	-0.559974786138	-0.118215003257
1.78178178178	0.436108584911	-0.605950876264	-0.169842291353
1.79179179179	0.430440135636	-0.649985923054	-0.219545787418
1.8018018018	0.424754659284	-0.691938868978	-0.267184209693
1.81181181181	0.419052380758	-0.731675326102	-0.312622945343
1.82182182182	0.413333525626	-0.769068006574	-0.355734480949
1.83183183183	0.407598320109	-0.803997130367	-0.396398810258
1.84184184184	0.401846991078	-0.836350808966	-0.434503817888
1.85185185185	0.396079766039	-0.866025403784	-0.469945637745
1.86186186186	0.39029687313	-0.89292585815	-0.50262898502
1.87187187187	0.384498541105	-0.916966001796	-0.532467460691
1.88188188188	0.378684999333	-0.938068826896	-0.559383827563
1.89189189189	0.37285647778	-0.956166734739	-0.583310256959
1.9019019019	0.367013207009	-0.97120175227	-0.604188545261
1.91191191191	0.361155418163	-0.983125717796	-0.621970299633
1.92192192192	0.355283342961	-0.991900435259	-0.636617092297
1.93193193193	0.349397213688	-0.997497796594	-0.648100582907
1.94194194194	0.343497263182	-0.999899871767	-0.656402608585
1.95195195195	0.33758372483	-0.999098966205	-0.661515241375
1.96196196196	0.331656832556	-0.99509764545	-0.663440812894
1.97197197197	0.325716820813	-0.98790872694	-0.662191906127
1.98198198198	0.319763924571	-0.977555238948	-0.657791314376
1.99199199199	0.313798379312	-0.964070346816	-0.650271967504
2.002002002	0.307820421017	-0.94749724672	-0.639676825704
2.01201201201	0.301830286157	-0.927889027297	-0.626058741139
2.02202202202	0.295828211688	-0.905308499583	-0.609480287895
2.03203203203	0.289814435034	-0.879827995816	-0.590013560782
2.04204204204	0.283789194086	-0.851529137733	-0.567739943647
2.05205205205	0.277752727186	-0.820502575107	-0.542749847921
2.06206206206	0.27170527312	-0.786847695372	-0.515142422251
2.07207207207	0.265647071111	-0.750672305253	-0.485025234142
2.08208208208	0.259578360804	-0.712092285431	-0.452513924627
2.09209209209	0.253499382261	-0.671231219341	-0.417731837079
2.1021021021	0.247410375952	-0.628219997296	-0.380809621344
2.11211211211	0.241311582741	-0.583196397206	-0.341884814466
2.12212212212	0.235203243879	-0.536304643237	-0.301101399358
2.13213213213	0.229085600998	-0.487694943814	-0.258609342815
2.14214214214	0.222958896095	-0.437523010457	-0.214564114362
2.15215215215	0.216823371526	-0.385949558995	-0.16912618747
2.16216216216	0.210679269996	-0.333139794742	-0.122460524746
2.17217217217	0.204526834549	-0.279262883293	-0.0747360487434
2.18218218218	0.198366308561	-0.224491408638	-0.0261251000766
2.19219219219	0.192197935725	-0.169000820322	0.0231971154027
2.2022022022	0.186021960045	-0.112968871429	0.0730530886156
2.21221221221	0.179838625827	-0.0565750491838	0.123263576643
2.22222222222	0.173648177667	-4.89858719659e-16	0.173648177667
2.23223223223	0.167450860443	0.0565750491838	0.224025909627
2.24224224224	0.161246919305	0.112968871429	0.274215790734
2.25225225225	0.155036599664	0.169000820322	0.324037419986
2.26226226226	0.148820147184	0.224491408638	0.373311555822
2.27227227227	0.142597807772	0.279262883293	0.421860691065
2.28228228228	0.136369827566	0.333139794742	0.469509622308
2.29229229229	0.13013645293	0.385949558995	0.516086011925
2.3023023023	0.123897930438	0.437523010457	0.561420940895
2.31231231231	0.117654506872	0.487694943814	0.605349450685
2.32232232232	0.111406429203	0.536304643237	0.647711072441
2.33233233233	0.10515394459	0.583196397206	0.688350341796
2.34234234234	0.0988973003642	0.628219997296	0.72711729766
2.35235235235	0.092636744022	0.671231219341	0.763867963363
2.36236236236	0.0863725232145	0.712092285431	0.798464808646
2.37237237237	0.0801048857378	0.750672305253	0.830777190991
2.38238238238	0.0738340795231	0.786847695372	0.860681774895
2.39239239239	0.0675603526269	0.820502575107	0.888062927734
2.4024024024	0.0612839532213	0.851529137733	0.912813090955
2.41241241241	0.0550051295842	0.879827995816	0.934833125401
2.42242242242	0.0487241300892	0.905308499583	0.954032629672
2.43243243243	0.0424412031961	0.927889027297	0.970330230493
2.44244244244	0.036156597441	0.94749724672	0.983653844161
2.45245245245	0.0298705614263	0.964070346816	0.993940908242
2.46246246246	0.0235833438109	0.977555238948	1.00113858276
2.47247247247	0.0172951933006	0.98790872694	1.00520392024
2.48248248248	0.0110063586381	0.99509764545	1.00610400409
2.49249249249	0.00471708859303	0.999098966205	1.0038160548
2.5025025025	-0.00157236804758	0.999899871767	0.998327503719
2.51251251251	-0.00786176248947	0.997497796594	0.989636034105
2.52252252252	-0.0141508459408	0.991900435259	0.977749589318
2.53253253253	-0.0204393696219	0.983125717796	0.962686348174
2.54254254254	-0.0267270847755	0.97120175227	0.944474667495
2.55255255255	-0.0330137426761	0.956166734739	0.923152992063
2.56256256256	-0.0392990946401	0.938068826896	0.898769732256
2.57257257257	-0.0455828920356	0.916966001796	0.87138310976
2.58258258258	-0.0518648862921	0.89292585815	0.841060971857
2.59259259259	-0.0581448289105	0.866025403784	0.807880574874
2.6026026026	-0.0644224714728	0.836350808966	0.771928337493
2.61261261261	-0.070697565652	0.803997130367	0.733299564715
2.62262262262	-0.076969863222	0.769068006574	0.692098143352
2.63263263263	-0.0832391160672	0.731675326102	0.648436210035
2.64264264264	-0.0895050761925	0.691938868978	0.602433792785
2.65265265265	-0.095767495733	0.649985923054	0.554218427321
2.66266266266	-0.102026126964	0.605950876264	0.5039247493
2.67267267267	-0.10828072231	0.559974786138	0.451694063827
2.68268268268	-0.114531034357	0.512204927953	0.397673893596
2.69269269269	-0.120776815858	0.462794322967	0.342017507109
2.7027027027	-0.127017819747	0.411901248244	0.284883428497
2.71271271271	-0.133253799146	0.359688729645	0.226434930499
2.72272272272	-0.139484507376	0.306324019607	0.166839512231
2.73273273273	-0.145709697966	0.251978061385	0.106268363419
2.74274274274	-0.151929124666	0.196824941468	0.0448958168022
2.75275275275	-0.158142541449	0.141041331925	-0.0171012095244
2.76276276276	-0.164349702531	0.0848059244755	-0.0795437780558
2.77277277277	-0.170550362372	0.0282988580831	-0.142251504289
2.78278278278	-0.176744275691	-0.0282988580831	-0.205043133774
2.79279279279	-0.182931197472	-0.0848059244755	-0.267737121948
2.8028028028	-0.189110882978	-0.141041331925	-0.330152214903
2.81281281281	-0.195283087756	-0.196824941468	-0.392108029223
2.82282282282	-0.20144756765	-0.251978061385	-0.453425629035
2.83283283283	-0.207604078809	-0.306324019607	-0.513928098416
2.84284284284	-0.213752377698	-0.359688729645	-0.573441107343
2.85285285285	-0.219892221108	-0.411901248244	-0.631793469352
2.86286286286	-0.22602336616	-0.462794322967	-0.688817689128
2.87287287287	-0.232145570325	-0.512204927953	-0.744350498278
2.88288288288	-0.238258591423	-0.559974786138	-0.798233377561
2.89289289289	-0.24436218764	-0.605950876264	-0.850313063903
2.9029029029	-0.250456117533	-0.649985923054	-0.900442040586
2.91291291291	-0.256540140042	-0.691938868978	-0.94847900902
2.92292292292	-0.2626140145	-0.731675326102	-0.994289340602
2.93293293293	-0.268677500641	-0.769068006574	-1.03774550721
2.94294294294	-0.274730358608	-0.803997130367	-1.07872748897
2.95295295295	-0.280772348966	-0.836350808966	-1.11712315793
2.96296296296	-0.286803232711	-0.866025403784	-1.1528286365
2.97297297297	-0.292822771277	-0.89292585815	-1.18574862943
2.98298298298	-0.298830726545	-0.916966001796	-1.21579672834
2.99299299299	-0.304826860859	-0.938068826896	-1.24289568776
3.003003003	-0.310810937026	-0.956166734739	-1.26697767177
3.01301301301	-0.316782718332	-0.97120175227	-1.2879844706
3.02302302302	-0.322741968549	-0.983125717796	-1.30586768634
3.03303303303	-0.328688451945	-0.991900435259	-1.3205888872
3.04304304304	-0.334621933292	-0.997497796594	-1.33211972989
3.05305305305	-0.340542177879	-0.999899871767	-1.34044204965
3.06306306306	-0.346448951515	-0.999098966205	-1.34554791772
3.07307307307	-0.352342020544	-0.99509764545	-1.34743966599
3.08308308308	-0.358221151852	-0.98790872694	-1.34612987879
3.09309309309	-0.364086112876	-0.977555238948	-1.34164135182
3.1031031031	-0.369936671614	-0.964070346816	-1.33400701843
3.11311311311	-0.375772596633	-0.94749724672	-1.32326984335
3.12312312312	-0.381593657079	-0.927889027297	-1.30948268438
3.13313313313	-0.387399622686	-0.905308499583	-1.29270812227
3.14314314314	-0.393190263785	-0.879827995816	-1.2730182596
3.15315315315	-0.398965351315	-0.851529137733	-1.25049448905
3.16316316316	-0.404724656828	-0.820502575107	-1.22522723194
3.17317317317	-0.410467952501	-0.786847695372	-1.19731564787
3.18318318318	-0.416195011144	-0.750672305253	-1.1668673164
3.19319319319	-0.421905606211	-0.712092285431	-1.13399789164
3.2032032032	-0.427599511804	-0.671231219341	-1.09883073114
3.21321321321	-0.433276502688	-0.628219997296	-1.06149649998
3.22322322322	-0.438936354296	-0.583196397206	-1.0221327515
3.23323323323	-0.44457884274	-0.536304643237	-0.980883485978
3.24324324324	-0.450203744818	-0.487694943814	-0.937898688631
3.25325325325	-0.455810838022	-0.437523010457	-0.893333848479
3.26326326326	-0.461399900552	-0.385949558995	-0.847349459548
3.27327327327	-0.466970711319	-0.333139794742	-0.800110506061
3.28328328328	-0.472523049956	-0.279262883293	-0.751785933249
3.29329329329	-0.478056696828	-0.224491408638	-0.702548105465
3.3033033033	-0.483571433037	-0.169000820322	-0.652572253359
3.31331331331	-0.489067040436	-0.112968871429	-0.602035911865
3.32332332332	-0.494543301632	-0.0565750491838	-0.551118350816
3.33333333333	-0.5	-7.34788079488e-16	-0.5
3.34334334334	-0.505436919686	0.0565750491838	-0.448861870503
3.35335335335	-0.510853845621	0.112968871429	-0.397884974192
3.36336336336	-0.516250563526	0.169000820322	-0.347249743204
3.37337337337	-0.521626859919	0.224491408638	-0.297135451281
3.38338338338	-0.526982522129	0.279262883293	-0.247719638837
3.39339339339	-0.532317338301	0.333139794742	-0.199177543559
3.4034034034	-0.537631097403	0.385949558995	-0.151681538408
3.41341341341	-0.542923589236	0.437523010457	-0.10540057878
3.42342342342	-0.548194604445	0.487694943814	-0.0604996606311
3.43343343343	-0.55344393452	0.536304643237	-0.0171392912828
3.44344344344	-0.558671371813	0.583196397206	0.0245250253931
3.45345345345	-0.56387670954	0.628219997296	0.0643432877555
3.46346346346	-0.569059741792	0.671231219341	0.102171477549
3.47347347347	-0.574220263541	0.712092285431	0.13787202189
3.48348348348	-0.57935807065	0.750672305253	0.171314234602
3.49349349349	-0.584472959883	0.786847695372	0.202374735489
3.5035035035	-0.589564728906	0.820502575107	0.230937846201
3.51351351351	-0.594633176304	0.851529137733	0.256895961429
3.52352352352	-0.599678101582	0.879827995816	0.280149894234
3.53353353353	-0.604699305175	0.905308499583	0.300609194407
3.54354354354	-0.609696588459	0.927889027297	0.318192438837
3.55355355355	-0.614669753754	0.94749724672	0.332827492966
3.56356356356	-0.619618604335	0.964070346816	0.344451742482
3.57357357357	-0.624542944437	0.977555238948	0.353012294511
3.58358358358	-0.629442579268	0.98790872694	0.358466147672
3.59359359359	-0.634317315011	0.99509764545	0.36078033044
3.6036036036	-0.639166958833	0.999098966205	0.359932007372
3.61361361361	-0.643991318896	0.999899871767	0.35590855287
3.62362362362	-0.648790204361	0.997497796594	0.348707592233
3.63363363363	-0.653563425397	0.991900435259	0.338337009862
3.64364364364	-0.658310793188	0.983125717796	0.324814924608
3.65365365365	-0.663032119939	0.97120175227	0.308169632331
3.66366366366	-0.667727218889	0.956166734739	0.288439515851
3.67367367367	-0.67239590431	0.938068826896	0.265672922586
3.68368368368	-0.677037991524	0.916966001796	0.239928010272
3.69369369369	-0.6816532969	0.89292585815	0.21127256125
3.7037037037	-0.686241637869	0.866025403784	0.179783765916
3.71371371371	-0.690802832929	0.836350808966	0.145547976037
3.72372372372	-0.69533670165	0.803997130367	0.108660428717
3.73373373373	-0.699843064686	0.769068006574	0.0692249418884
3.74374374374	-0.704321743776	0.731675326102	0.027353582326
3.75375375375	-0.708772561755	0.691938868978	-0.0168336927773
3.76376376376	-0.713195342561	0.649985923054	-0.0632094195071
3.77377377377	-0.71758991124	0.605950876264	-0.111639034976
3.78378378378	-0.721956093955	0.559974786138	-0.161981307817
3.79379379379	-0.72629371799	0.512204927953	-0.214088790037
3.8038038038	-0.730602611762	0.462794322967	-0.267808288795
3.81381381381	-0.734882604821	0.411901248244	-0.322981356577
3.82382382382	-0.739133527863	0.359688729645	-0.379444798218
3.83383383383	-0.743355212731	0.306324019607	-0.437031193125
3.84384384384	-0.747547492428	0.251978061385	-0.495569431043
3.85385385385	-0.751710201118	0.196824941468	-0.55488525965
3.86386386386	-0.755843174135	0.141041331925	-0.61480184221
3.87387387387	-0.759946247989	0.0848059244755	-0.675140323513
3.88388388388	-0.764019260373	0.0282988580831	-0.73572040229
3.89389389389	-0.768062050171	-0.0282988580831	-0.796360908254
3.9039039039	-0.77207445746	-0.0848059244755	-0.856880381936
3.91391391391	-0.77605632352	-0.141041331925	-0.917097655444
3.92392392392	-0.780007490838	-0.196824941468	-0.976832432305
3.93393393393	-0.783927803117	-0.251978061385	-1.0359058645
3.94394394394	-0.787817105279	-0.306324019607	-1.09414112489
3.95395395395	-0.791675243475	-0.359688729645	-1.15136397312
3.96396396396	-0.795502065086	-0.411901248244	-1.20740331333
3.97397397397	-0.799297418733	-0.462794322967	-1.2620917417
3.98398398398	-0.803061154282	-0.512204927953	-1.31526608224
3.99399399399	-0.80679312285	-0.559974786138	-1.36676790899
4.004004004	-0.81049317681	-0.605950876264	-1.41644405307
4.01401401401	-0.814161169798	-0.649985923054	-1.46414709285
4.02402402402	-0.817796956717	-0.691938868978	-1.50973582569
4.03403403403	-0.821400393745	-0.731675326102	-1.55307571985
4.04404404404	-0.824971338339	-0.769068006574	-1.59403934491
4.05405405405	-0.828509649244	-0.803997130367	-1.63250677961
4.06406406406	-0.832015186492	-0.836350808966	-1.66836599546
4.07407407407	-0.835487811413	-0.866025403784	-1.7015132152
4.08408408408	-0.83892738664	-0.89292585815	-1.73185324479
4.09409409409	-0.842333776112	-0.916966001796	-1.75929977791
4.1041041041	-0.845706845082	-0.938068826896	-1.78377567198
4.11411411411	-0.849046460119	-0.956166734739	-1.80521319486
4.12412412412	-0.852352489117	-0.97120175227	-1.82355424139
4.13413413413	-0.855624801299	-0.983125717796	-1.83875051909
4.14414414414	-0.85886326722	-0.991900435259	-1.85076370248
4.15415415415	-0.862067758776	-0.997497796594	-1.85956555537
4.16416416416	-0.865238149205	-0.999899871767	-1.86513802097
4.17417417417	-0.868374313094	-0.999098966205	-1.8674732793
4.18418418418	-0.871476126386	-0.99509764545	-1.86657377184
4.19419419419	-0.874543466381	-0.98790872694	-1.86245219332
4.2042042042	-0.877576211743	-0.977555238948	-1.85513145069
4.21421421421	-0.880574242504	-0.964070346816	-1.84464458932
4.22422422422	-0.88353744007	-0.94749724672	-1.83103468679
4.23423423423	-0.886465687226	-0.927889027297	-1.81435471452
4.24424424424	-0.889358868137	-0.905308499583	-1.79466736772
4.25425425425	-0.892216868357	-0.879827995816	-1.77204486417
4.26426426426	-0.89503957483	-0.851529137733	-1.74656871256
4.27427427427	-0.897826875899	-0.820502575107	-1.71832945101
4.28428428428	-0.900578661304	-0.786847695372	-1.68742635668
4.29429429429	-0.903294822193	-0.750672305253	-1.65396712745
4.3043043043	-0.90597525112	-0.712092285431	-1.61806753655
4.31431431431	-0.908619842057	-0.671231219341	-1.5798510614
4.32432432432	-0.911228490388	-0.628219997296	-1.53944848768
4.33433433433	-0.913801092924	-0.583196397206	-1.49699749013
4.34434434434	-0.916337547898	-0.536304643237	-1.45264219114
4.35435435435	-0.918837754976	-0.487694943814	-1.40653269879
4.36436436436	-0.921301615256	-0.437523010457	-1.35882462571
4.37437437437	-0.923729031273	-0.385949558995	-1.30967859027
4.38438438438	-0.926119907006	-0.333139794742	-1.25925970175
4.39439439439	-0.928474147879	-0.279262883293	-1.20773703117
4.4044044044	-0.930791660762	-0.224491408638	-1.1552830694
4.41441441441	-0.933072353983	-0.169000820322	-1.1020731743
4.42442442442	-0.935316137322	-0.112968871429	-1.04828500875
4.43443443443	-0.937522922021	-0.0565750491838	-0.994097971205
4.44444444444	-0.939692620786	-9.79717439318e-16	-0.939692620786
4.45445445445	-0.941825147789	0.0565750491838	-0.885250098605
4.46446446446	-0.943920418674	0.112968871429	-0.830951547245
4.47447447447	-0.945978350556	0.169000820322	-0.776977530234
4.48448448448	-0.947998862029	0.224491408638	-0.723507453392
4.49449449449	-0.949981873168	0.279262883293	-0.670718989875
4.5045045045	-0.951927305529	0.333139794742	-0.618787510787
4.51451451451	-0.953835082157	0.385949558995	-0.567885523161
4.52452452452	-0.955705127584	0.437523010457	-0.518182117127
4.53453453453	-0.957537367837	0.487694943814	-0.469842424024
4.54454454454	-0.959331730437	0.536304643237	-0.4230270872
4.55455455455	-0.961088144404	0.583196397206	-0.377891747198
4.56456456456	-0.962806540259	0.628219997296	-0.334586542964
4.57457457457	-0.964486850027	0.671231219341	-0.293255630686
4.58458458458	-0.966129007238	0.712092285431	-0.254036721807
4.59459459459	-0.967732946933	0.750672305253	-0.217060641681
4.6046046046	-0.969298605666	0.786847695372	-0.182450910295
4.61461461461	-0.970825921502	0.820502575107	-0.150323346395
4.62462462462	-0.972314834025	0.851529137733	-0.120785696292
4.63463463463	-0.973765284338	0.879827995816	-0.0939372885217
4.64464464464	-0.975177215064	0.905308499583	-0.0698687154818
4.65465465465	-0.976550570352	0.927889027297	-0.0486615430553
4.66466466466	-0.977885295874	0.94749724672	-0.0303880491539
4.67467467467	-0.979181338833	0.964070346816	-0.0151109920173
4.68468468468	-0.980438647961	0.977555238948	-0.00288340901364
4.69469469469	-0.981657173522	0.98790872694	0.00625155341812
4.7047047047	-0.982836867314	0.99509764545	0.0122607781363
4.71471471471	-0.983977682672	0.999098966205	0.0151212835331
4.72472472472	-0.985079574467	0.999899871767	0.0148202972996
4.73473473473	-0.986142499113	0.997497796594	0.0113552974818
4.74474474474	-0.987166414562	0.991900435259	0.00473402069701
4.75475475475	-0.988151280311	0.983125717796	-0.00502556251548
4.76476476476	-0.989097057402	0.97120175227	-0.0178953051316
4.77477477477	-0.990003708422	0.956166734739	-0.0338369736825
4.78478478478	-0.990871197506	0.938068826896	-0.0528023706097
4.79479479479	-0.991699490339	0.916966001796	-0.0747334885427
4.8048048048	-0.992488554155	0.89292585815	-0.0995626960056
4.81481481481	-0.993238357742	0.866025403784	-0.127212953958
4.82482482482	-0.993948871439	0.836350808966	-0.157598062473
4.83483483483	-0.99462006714	0.803997130367	-0.190622936773
4.84484484484	-0.995251918294	0.769068006574	-0.22618391172
4.85485485485	-0.995844399907	0.731675326102	-0.264169073806
4.86486486486	-0.996397488543	0.691938868978	-0.304458619565
4.87487487487	-0.996911162321	0.649985923054	-0.346925239267
4.88488488488	-0.997385400923	0.605950876264	-0.391434524659
4.89489489489	-0.997820185589	0.559974786138	-0.437845399451
4.9049049049	-0.99821549912	0.512204927953	-0.486010571167
4.91491491491	-0.998571325879	0.462794322967	-0.535777002912
4.92492492492	-0.998887651789	0.411901248244	-0.586986403545
4.93493493493	-0.999164464339	0.359688729645	-0.639475734694
4.94494494494	-0.999401752577	0.306324019607	-0.693077732971
4.95495495495	-0.999599507118	0.251978061385	-0.747621445733
4.96496496496	-0.999757720139	0.196824941468	-0.802932778671
4.97497497497	-0.999876385381	0.141041331925	-0.858835053456
4.98498498498	-0.99995549815	0.0848059244755	-0.915149573675
4.99499499499	-0.999995055317	0.0282988580831	-0.971696197234
5.00500500501	-0.999995055317	-0.0282988580831	-1.0282939134
5.01501501502	-0.99995549815	-0.0848059244755	-1.08476142263
5.02502502503	-0.999876385381	-0.141041331925	-1.14091771731
5.03503503504	-0.999757720139	-0.196824941468	-1.19658266161
5.04504504505	-0.999599507118	-0.251978061385	-1.2515775685
5.05505505506	-0.999401752577	-0.306324019607	-1.30572577218
5.06506506507	-0.999164464339	-0.359688729645	-1.35885319398
5.07507507508	-0.998887651789	-0.411901248244	-1.41078890003
5.08508508509	-0.998571325879	-0.462794322967	-1.46136564885
5.0950950951	-0.99821549912	-0.512204927953	-1.51042042707
5.10510510511	-0.997820185589	-0.559974786138	-1.55779497173
5.11511511512	-0.997385400923	-0.605950876264	-1.60333627719
5.12512512513	-0.996911162321	-0.649985923054	-1.64689708537
5.13513513514	-0.996397488543	-0.691938868978	-1.68833635752
5.14514514515	-0.995844399907	-0.731675326102	-1.72751972601
5.15515515516	-0.995251918294	-0.769068006574	-1.76431992487
5.16516516517	-0.99462006714	-0.803997130367	-1.79861719751
5.17517517518	-0.993948871439	-0.836350808966	-1.8302996804
5.18518518519	-0.993238357742	-0.866025403784	-1.85926376153
5.1951951952	-0.992488554155	-0.89292585815	-1.8854144123
5.20520520521	-0.991699490339	-0.916966001796	-1.90866549213
5.21521521522	-0.990871197506	-0.938068826896	-1.9289400244
5.22522522523	-0.990003708422	-0.956166734739	-1.94617044316
5.23523523524	-0.989097057402	-0.97120175227	-1.96029880967
5.24524524525	-0.988151280311	-0.983125717796	-1.97127699811
5.25525525526	-0.987166414562	-0.991900435259	-1.97906684982
5.26526526527	-0.986142499113	-0.997497796594	-1.98364029571
5.27527527528	-0.985079574467	-0.999899871767	-1.98497944623
5.28528528529	-0.983977682672	-0.999098966205	-1.98307664888
5.2952952953	-0.982836867314	-0.99509764545	-1.97793451276
5.30530530531	-0.981657173522	-0.98790872694	-1.96956590046
5.31531531532	-0.980438647961	-0.977555238948	-1.95799388691
5.32532532533	-0.979181338833	-0.964070346816	-1.94325168565
5.33533533534	-0.977885295874	-0.94749724672	-1.92538254259
5.34534534535	-0.976550570352	-0.927889027297	-1.90443959765
5.35535535536	-0.975177215064	-0.905308499583	-1.88048571465
5.36536536537	-0.973765284338	-0.879827995816	-1.85359328015
5.37537537538	-0.972314834025	-0.851529137733	-1.82384397176
5.38538538539	-0.970825921502	-0.820502575107	-1.79132849661
5.3953953954	-0.969298605666	-0.786847695372	-1.75614630104
5.40540540541	-0.967732946933	-0.750672305253	-1.71840525219
5.41541541542	-0.966129007238	-0.712092285431	-1.67822129267
5.42542542543	-0.964486850027	-0.671231219341	-1.63571806937
5.43543543544	-0.962806540259	-0.628219997296	-1.59102653755
5.44544544545	-0.961088144404	-0.583196397206	-1.54428454161
5.45545545546	-0.959331730437	-0.536304643237	-1.49563637367
5.46546546547	-0.957537367837	-0.487694943814	-1.44523231165
5.47547547548	-0.955705127584	-0.437523010457	-1.39322813804
5.48548548549	-0.953835082157	-0.385949558995	-1.33978464115
5.4954954955	-0.951927305529	-0.333139794742	-1.28506710027
5.50550550551	-0.949981873168	-0.279262883293	-1.22924475646
5.51551551552	-0.947998862029	-0.224491408638	-1.17249027067
5.52552552553	-0.945978350556	-0.169000820322	-1.11497917088
5.53553553554	-0.943920418674	-0.112968871429	-1.0568892901
5.54554554555	-0.941825147789	-0.0565750491838	-0.998400196973
5.55555555556	-0.939692620786	-1.22464679915e-15	-0.939692620786
5.56556556557	-0.937522922021	0.0565750491838	-0.880947872837
5.57557557558	-0.935316137322	0.112968871429	-0.822347265892
5.58558558559	-0.933072353983	0.169000820322	-0.764071533661
5.5955955956	-0.930791660762	0.224491408638	-0.706300252125
5.60560560561	-0.928474147879	0.279262883293	-0.649211264586
5.61561561562	-0.926119907006	0.333139794742	-0.592980112264
5.62562562563	-0.923729031273	0.385949558995	-0.537779472278
5.63563563564	-0.921301615256	0.437523010457	-0.483778604799
5.64564564565	-0.918837754976	0.487694943814	-0.431142811163
5.65565565566	-0.916337547898	0.536304643237	-0.380032904661
5.66566566567	-0.913801092924	0.583196397206	-0.330604695718
5.67567567568	-0.911228490388	0.628219997296	-0.283008493092
5.68568568569	-0.908619842057	0.671231219341	-0.237388622716
5.6956956957	-0.90597525112	0.712092285431	-0.193882965689
5.70570570571	-0.903294822193	0.750672305253	-0.15262251694
5.71571571572	-0.900578661304	0.786847695372	-0.113730965933
5.72572572573	-0.897826875899	0.820502575107	-0.0773243007919
5.73573573574	-0.89503957483	0.851529137733	-0.0435104370972
5.74574574575	-0.892216868357	0.879827995816	-0.0123888725405
5.75575575576	-0.889358868137	0.905308499583	0.0159496314455
5.76576576577	-0.886465687226	0.927889027297	0.0414233400704
5.77577577578	-0.88353744007	0.94749724672	0.06395980665
5.78578578579	-0.880574242504	0.964070346816	0.0834961043123
5.7957957958	-0.877576211743	0.977555238948	0.0999790272051
5.80580580581	-0.874543466381	0.98790872694	0.113365260559
5.81581581582	-0.871476126386	0.99509764545	0.123621519064
5.82582582583	-0.868374313094	0.999098966205	0.13072465311
5.83583583584	-0.865238149205	0.999899871767	0.134661722562
5.84584584585	-0.862067758776	0.997497796594	0.135430037818
5.85585585586	-0.85886326722	0.991900435259	0.133037168038
5.86586586587	-0.855624801299	0.983125717796	0.127500916497
5.87587587588	-0.852352489117	0.97120175227	0.118849263153
5.88588588589	-0.849046460119	0.956166734739	0.107120274621
5.8958958959	-0.845706845082	0.938068826896	0.0923619818146
5.90590590591	-0.842333776112	0.916966001796	0.074632225684
5.91591591592	-0.83892738664	0.89292585815	0.0539984715096
5.92592592593	-0.835487811413	0.866025403784	0.0305375923715
5.93593593594	-0.832015186492	0.836350808966	0.00433562247416
5.94594594595	-0.828509649244	0.803997130367	-0.0245125188769
5.95595595596	-0.824971338339	0.769068006574	-0.0559033317651
5.96596596597	-0.821400393745	0.731675326102	-0.0897250676429
5.97597597598	-0.817796956717	0.691938868978	-0.125858087739
5.98598598599	-0.814161169798	0.649985923054	-0.164175246744
5.995995996	-0.81049317681	0.605950876264	-0.204542300547
6.00600600601	-0.80679312285	0.559974786138	-0.246818336713
6.01601601602	-0.803061154282	0.512204927953	-0.290856226329
6.02602602603	-0.799297418733	0.462794322967	-0.336503095766
6.03603603604	-0.795502065086	0.411901248244	-0.383600816842
6.04604604605	-0.791675243475	0.359688729645	-0.43198651383
6.05605605606	-0.787817105279	0.306324019607	-0.481493085672
6.06606606607	-0.783927803117	0.251978061385	-0.531949741731
6.07607607608	-0.780007490838	0.196824941468	-0.58318254937
6.08608608609	-0.77605632352	0.141041331925	-0.635014991595
6.0960960961	-0.77207445746	0.0848059244755	-0.687268532985
6.10610610611	-0.768062050171	0.0282988580831	-0.739763192088
6.11611611612	-0.764019260373	-0.0282988580831	-0.792318118457
6.12612612613	-0.759946247989	-0.0848059244755	-0.844752172464
6.13613613614	-0.755843174135	-0.141041331925	-0.89688450606
6.14614614615	-0.751710201118	-0.196824941468	-0.948535142586
6.15615615616	-0.747547492428	-0.251978061385	-0.999525553813
6.16616616617	-0.743355212731	-0.306324019607	-1.04967923234
6.17617617618	-0.739133527863	-0.359688729645	-1.09882225751
6.18618618619	-0.734882604821	-0.411901248244	-1.14678385307
6.1961961962	-0.730602611762	-0.462794322967	-1.19339693473
6.20620620621	-0.72629371799	-0.512204927953	-1.23849864594
6.21621621622	-0.721956093955	-0.559974786138	-1.28193088009
6.22622622623	-0.71758991124	-0.605950876264	-1.3235407875
6.23623623624	-0.713195342561	-0.649985923054	-1.36318126561
6.24624624625	-0.708772561755	-0.691938868978	-1.40071143073
6.25625625626	-0.704321743776	-0.731675326102	-1.43599706988
6.26626626627	-0.699843064686	-0.769068006574	-1.46891107126
6.27627627628	-0.69533670165	-0.803997130367	-1.49933383202
6.28628628629	-0.690802832929	-0.836350808966	-1.52715364189
6.2962962963	-0.686241637869	-0.866025403784	-1.55226704165
6.30630630631	-0.6816532969	-0.89292585815	-1.57457915505
6.31631631632	-0.677037991524	-0.916966001796	-1.59400399332
6.32632632633	-0.67239590431	-0.938068826896	-1.61046473121
6.33633633634	-0.667727218889	-0.956166734739	-1.62389395363
6.34634634635	-0.663032119939	-0.97120175227	-1.63423387221
6.35635635636	-0.658310793188	-0.983125717796	-1.64143651098
6.36636636637	-0.653563425397	-0.991900435259	-1.64546386066
6.37637637638	-0.648790204361	-0.997497796594	-1.64628800096
6.38638638639	-0.643991318896	-0.999899871767	-1.64389119066
6.3963963964	-0.639166958833	-0.999098966205	-1.63826592504
6.40640640641	-0.634317315011	-0.99509764545	-1.62941496046
6.41641641642	-0.629442579268	-0.98790872694	-1.61735130621
6.42642642643	-0.624542944437	-0.977555238948	-1.60209818338
6.43643643644	-0.619618604335	-0.964070346816	-1.58368895115
6.44644644645	-0.614669753754	-0.94749724672	-1.56216700047
6.45645645646	-0.609696588459	-0.927889027297	-1.53758561576
6.46646646647	-0.604699305175	-0.905308499583	-1.51000780476
6.47647647648	-0.599678101582	-0.879827995816	-1.4795060974
6.48648648649	-0.594633176304	-0.851529137733	-1.44616231404
6.4964964965	-0.589564728906	-0.820502575107	-1.41006730401
6.50650650651	-0.584472959883	-0.786847695372	-1.37132065525
6.51651651652	-0.57935807065	-0.750672305253	-1.3300303759
6.52652652653	-0.574220263541	-0.712092285431	-1.28631254897
6.53653653654	-0.569059741792	-0.671231219341	-1.24029096113
6.54654654655	-0.56387670954	-0.628219997296	-1.19209670684
6.55655655656	-0.558671371813	-0.583196397206	-1.14186776902
6.56656656657	-0.55344393452	-0.536304643237	-1.08974857776
6.57657657658	-0.548194604445	-0.487694943814	-1.03588954826
6.58658658659	-0.542923589236	-0.437523010457	-0.980446599693
6.5965965966	-0.537631097403	-0.385949558995	-0.923580656398
6.60660660661	-0.532317338301	-0.333139794742	-0.865457133043
6.61661661662	-0.526982522129	-0.279262883293	-0.806245405422
6.62662662663	-0.521626859919	-0.224491408638	-0.746118268556
6.63663663664	-0.516250563526	-0.169000820322	-0.685251383847
6.64664664665	-0.510853845621	-0.112968871429	-0.62382271705
6.65665665666	-0.505436919686	-0.0565750491838	-0.56201196887
6.66666666667	-0.5	-1.46957615898e-15	-0.5
6.67667667668	-0.494543301632	0.0565750491838	-0.437968252448
6.68668668669	-0.489067040436	0.112968871429	-0.376098169007
6.6966966967	-0.483571433037	0.169000820322	-0.314570612715
6.70670670671	-0.478056696828	0.224491408638	-0.25356528819
6.71671671672	-0.472523049956	0.279262883293	-0.193260166663
6.72672672673	-0.466970711319	0.333139794742	-0.133830916577
6.73673673674	-0.461399900552	0.385949558995	-0.075450341557
6.74674674675	-0.455810838022	0.437523010457	-0.0182878275654
6.75675675676	-0.450203744818	0.487694943814	0.037491198996
6.76676676677	-0.44457884274	0.536304643237	0.0917258004971
6.77677677678	-0.438936354296	0.583196397206	0.14426004291
6.78678678679	-0.433276502688	0.628219997296	0.194943494608
6.7967967968	-0.427599511804	0.671231219341	0.243631707537
6.80680680681	-0.421905606211	0.712092285431	0.290186679221
6.81681681682	-0.416195011144	0.750672305253	0.334477294108
6.82682682683	-0.410467952501	0.786847695372	0.37637974287
6.83683683684	-0.404724656828	0.820502575107	0.415777918279
6.84684684685	-0.398965351315	0.851529137733	0.452563786418
6.85685685686	-0.393190263785	0.879827995816	0.486637732031
6.86686686687	-0.387399622686	0.905308499583	0.517908876897
6.87687687688	-0.381593657079	0.927889027297	0.546295370218
6.88688688689	-0.375772596633	0.94749724672	0.571724650088
6.8968968969	-0.369936671614	0.964070346816	0.594133675202
6.90690690691	-0.364086112876	0.977555238948	0.613469126071
6.91691691692	-0.358221151852	0.98790872694	0.629687575088
6.92692692693	-0.352342020544	0.99509764545	0.642755624906
6.93693693694	-0.346448951515	0.999098966205	0.65265001469
6.94694694695	-0.340542177879	0.999899871767	0.659357693888
6.95695695696	-0.334621933292	0.997497796594	0.662875863302
6.96696696697	-0.328688451945	0.991900435259	0.663211983314
6.97697697698	-0.322741968549	0.983125717796	0.660383749247
6.98698698699	-0.316782718332	0.97120175227	0.654419033939
6.996996997	-0.310810937026	0.956166734739	0.645355797713
7.00700700701	-0.304826860859	0.938068826896	0.633241966037
7.01701701702	-0.298830726545	0.916966001796	0.618135275251
7.02702702703	-0.292822771277	0.89292585815	0.600103086873
7.03703703704	-0.286803232711	0.866025403784	0.579222171073
7.04704704705	-0.280772348966	0.836350808966	0.55557846
7.05705705706	-0.274730358608	0.803997130367	0.529266771759
7.06706706707	-0.268677500641	0.769068006574	0.500390505934
7.07707707708	-0.2626140145	0.731675326102	0.469061311601
7.08708708709	-0.256540140042	0.691938868978	0.435398728935
7.0970970971	-0.250456117533	0.649985923054	0.399529805521
7.10710710711	-0.24436218764	0.605950876264	0.361588688624
7.11711711712	-0.238258591423	0.559974786138	0.321716194714
7.12712712713	-0.232145570325	0.512204927953	0.280059357628
7.13713713714	-0.22602336616	0.462794322967	0.236770956807
7.14714714715	-0.219892221108	0.411901248244	0.192009027136
7.15715715716	-0.213752377698	0.359688729645	0.145936351946
7.16716716717	-0.207604078809	0.306324019607	0.0987199407979
7.17717717718	-0.20144756765	0.251978061385	0.0505304937356
7.18718718719	-0.195283087756	0.196824941468	0.00154185371204
7.1971971972	-0.189110882978	0.141041331925	-0.048069551053
7.20720720721	-0.182931197472	0.0848059244755	-0.0981252729969
7.21721721722	-0.176744275691	0.0282988580831	-0.148445417608
7.22722722723	-0.170550362372	-0.0282988580831	-0.198849220456
7.23723723724	-0.164349702531	-0.0848059244755	-0.249155627007
7.24724724725	-0.158142541449	-0.141041331925	-0.299183873374
7.25725725726	-0.151929124666	-0.196824941468	-0.348754066133
7.26726726727	-0.145709697966	-0.251978061385	-0.397687759351
7.27727727728	-0.139484507376	-0.306324019607	-0.445808526982
7.28728728729	-0.133253799146	-0.359688729645	-0.49294252879
7.2972972973	-0.127017819747	-0.411901248244	-0.538919067991
7.30730730731	-0.120776815858	-0.462794322967	-0.583571138825
7.31731731732	-0.114531034357	-0.512204927953	-0.62673596231
7.32732732733	-0.10828072231	-0.559974786138	-0.668255508448
7.33733733734	-0.102026126964	-0.605950876264	-0.707977003228
7.34734734735	-0.095767495733	-0.649985923054	-0.745753418787
7.35735735736	-0.0895050761925	-0.691938868978	-0.78144394517
7.36736736737	-0.0832391160672	-0.731675326102	-0.814914442169
7.37737737738	-0.076969863222	-0.769068006574	-0.846037869796
7.38738738739	-0.070697565652	-0.803997130367	-0.874694696019
7.3973973974	-0.0644224714728	-0.836350808966	-0.900773280439
7.40740740741	-0.0581448289105	-0.866025403784	-0.924170232695
7.41741741742	-0.0518648862921	-0.89292585815	-0.944790744442
7.42742742743	-0.0455828920356	-0.916966001796	-0.962548893832
7.43743743744	-0.0392990946401	-0.938068826896	-0.977367921536
7.44744744745	-0.0330137426761	-0.956166734739	-0.989180477415
7.45745745746	-0.0267270847755	-0.97120175227	-0.997928837046
7.46746746747	-0.0204393696219	-0.983125717796	-1.00356508742
7.47747747748	-0.0141508459408	-0.991900435259	-1.0060512812
7.48748748749	-0.00786176248947	-0.997497796594	-1.00535955908
7.4974974975	-0.00157236804758	-0.999899871767	-1.00147223981
7.50750750751	0.00471708859303	-0.999098966205	-0.994381877612
7.51751751752	0.0110063586381	-0.99509764545	-0.984091286812
7.52752752753	0.0172951933006	-0.98790872694	-0.97061353364
7.53753753754	0.0235833438109	-0.977555238948	-0.953971895137
7.54754754755	0.0298705614263	-0.964070346816	-0.93419978539
7.55755755756	0.036156597441	-0.94749724672	-0.911340649279
7.56756756757	0.0424412031961	-0.927889027297	-0.8854478241
7.57757757758	0.0487241300892	-0.905308499583	-0.856584369493
7.58758758759	0.0550051295842	-0.879827995816	-0.824822866232
7.5975975976	0.0612839532213	-0.851529137733	-0.790245184512
7.60760760761	0.0675603526269	-0.820502575107	-0.75294222248
7.61761761762	0.0738340795231	-0.786847695372	-0.713013615849
7.62762762763	0.0801048857378	-0.750672305253	-0.670567419515
7.63763763764	0.0863725232145	-0.712092285431	-0.625719762216
7.64764764765	0.092636744022	-0.671231219341	-0.578594475319
7.65765765766	0.0988973003642	-0.628219997296	-0.529322696931
7.66766766767	0.10515394459	-0.583196397206	-0.478042452616
7.67767767768	0.111406429203	-0.536304643237	-0.424898214034
7.68768768769	0.117654506872	-0.487694943814	-0.370040436942
7.6976976977	0.123897930438	-0.437523010457	-0.313625080018
7.70770770771	0.13013645293	-0.385949558995	-0.255813106066
7.71771771772	0.136369827566	-0.333139794742	-0.196769967176
7.72772772773	0.142597807772	-0.279262883293	-0.136665075521
7.73773773774	0.148820147184	-0.224491408638	-0.0756712614533
7.74774774775	0.155036599664	-0.169000820322	-0.0139642206577
7.75775775776	0.161246919305	-0.112968871429	0.0482780478761
7.76776776777	0.167450860443	-0.0565750491838	0.110875811259
7.77777777778	0.173648177667	-1.71450551881e-15	0.173648177667
7.78778778779	0.179838625827	0.0565750491838	0.23641367501
7.7977977978	0.186021960045	0.112968871429	0.298990831474
7.80780780781	0.192197935725	0.169000820322	0.361198756046
7.81781781782	0.198366308561	0.224491408638	0.422857717199
7.82782782783	0.204526834549	0.279262883293	0.483789717842
7.83783783784	0.210679269996	0.333139794742	0.543819064738
7.84784784785	0.216823371526	0.385949558995	0.602772930521
7.85785785786	0.222958896095	0.437523010457	0.660481906552
7.86786786787	0.229085600998	0.487694943814	0.716780544812
7.87787787788	0.235203243879	0.536304643237	0.771507887117
7.88788788789	0.241311582741	0.583196397206	0.824507979947
7.8978978979	0.247410375952	0.628219997296	0.875630373248
7.90790790791	0.253499382261	0.671231219341	0.924730601602
7.91791791792	0.259578360804	0.712092285431	0.971670646235
7.92792792793	0.265647071111	0.750672305253	1.01631937636
7.93793793794	0.27170527312	0.786847695372	1.05855296849
7.94794794795	0.277752727186	0.820502575107	1.09825530229
7.95795795796	0.283789194086	0.851529137733	1.13531833182
7.96796796797	0.289814435034	0.879827995816	1.16964243085
7.97797797798	0.295828211688	0.905308499583	1.20113671127
7.98798798799	0.301830286157	0.927889027297	1.22971931345
7.997997998	0.307820421017	0.94749724672	1.25531766774
8.00800800801	0.313798379312	0.964070346816	1.27786872613
8.01801801802	0.319763924571	0.977555238948	1.29731916352
8.02802802803	0.325716820813	0.98790872694	1.31362554775
8.03803803804	0.331656832556	0.99509764545	1.32675447801
8.04804804805	0.33758372483	0.999098966205	1.33668269103
8.05805805806	0.343497263182	0.999899871767	1.34339713495
8.06806806807	0.349397213688	0.997497796594	1.34689501028
8.07807807808	0.355283342961	0.991900435259	1.34718377822
8.08808808809	0.361155418163	0.983125717796	1.34428113596
8.0980980981	0.367013207009	0.97120175227	1.33821495928
8.10810810811	0.37285647778	0.956166734739	1.32902321252
8.11811811812	0.378684999333	0.938068826896	1.31675382623
8.12812812813	0.384498541105	0.916966001796	1.3014645429
8.13813813814	0.39029687313	0.89292585815	1.28322273128
8.14814814815	0.396079766039	0.866025403784	1.26210516982
8.15815815816	0.401846991078	0.836350808966	1.23819780004
8.16816816817	0.407598320109	0.803997130367	1.21159545048
8.17817817818	0.413333525626	0.769068006574	1.1824015322
8.18818818819	0.419052380758	0.731675326102	1.15072770686
8.1981981982	0.424754659284	0.691938868978	1.11669352826
8.20820820821	0.430440135636	0.649985923054	1.08042605869
8.21821821822	0.436108584911	0.605950876264	1.04205946117
8.22822822823	0.44175978288	0.559974786138	1.00173456902
8.23823823824	0.447393505998	0.512204927953	0.959598433951
8.24824824825	0.453009531408	0.462794322967	0.915803854376
8.25825825826	0.458607636956	0.411901248244	0.8705088852
8.26826826827	0.464187601196	0.359688729645	0.823876330841
8.27827827828	0.469749203398	0.306324019607	0.776073223005
8.28828828829	0.475292223561	0.251978061385	0.727270284946
8.2982982983	0.480816442417	0.196824941468	0.677641383885
8.30830830831	0.486321641442	0.141041331925	0.627362973367
8.31831831832	0.491807602866	0.0848059244755	0.576613527342
8.32832832833	0.497274109679	0.0282988580831	0.525572967762
8.33833833834	0.502720945639	-0.0282988580831	0.474422087556
8.34834834835	0.508147895284	-0.0848059244755	0.423341970808
8.35835835836	0.513554743939	-0.141041331925	0.372513412014
8.36836836837	0.518941277722	-0.196824941468	0.322116336254
8.37837837838	0.524307283557	-0.251978061385	0.272329222172
8.38838838839	0.529652549179	-0.306324019607	0.223328529572
8.3983983984	0.534976863143	-0.359688729645	0.175288133498
8.40840840841	0.540280014833	-0.411901248244	0.128378766589
8.41841841842	0.54556179447	-0.462794322967	0.0827674715032
8.42842842843	0.550821993122	-0.512204927953	0.0386170651692
8.43843843844	0.556060402709	-0.559974786138	-0.00391438342875
8.44844844845	0.561276816012	-0.605950876264	-0.0446740602512
8.45845845846	0.566471026685	-0.649985923054	-0.0835148963683
8.46846846847	0.571642829258	-0.691938868978	-0.120296039719
8.47847847848	0.576792019149	-0.731675326102	-0.154883306953
8.48848848849	0.581918392668	-0.769068006574	-0.187149613906
8.4984984985	0.587021747031	-0.803997130367	-0.216975383336
8.50850850851	0.592101880361	-0.836350808966	-0.244248928605
8.51851851852	0.597158591703	-0.866025403784	-0.268866812082
8.52852852853	0.602191681025	-0.89292585815	-0.290734177124
8.53853853854	0.607200949233	-0.916966001796	-0.309765052563
8.54854854855	0.612186198173	-0.938068826896	-0.325882628723
8.55855855856	0.617147230641	-0.956166734739	-0.339019504098
8.56856856857	0.622083850393	-0.97120175227	-0.349117901877
8.57857857858	0.626995862148	-0.983125717796	-0.356129855648
8.58858858859	0.6318830716	-0.991900435259	-0.360017363658
8.5985985986	0.636745285425	-0.997497796594	-0.360752511169
8.60860860861	0.641582311285	-0.999899871767	-0.358317560481
8.61861861862	0.646393957842	-0.999098966205	-0.352705008363
8.62862862863	0.651180034758	-0.99509764545	-0.343917610692
8.63863863864	0.655940352709	-0.98790872694	-0.331968374231
8.64864864865	0.66067472339	-0.977555238948	-0.316880515558
8.65865865866	0.665382959521	-0.964070346816	-0.298687387295
8.66866866867	0.670064874858	-0.94749724672	-0.277432371863
8.67867867868	0.674720284195	-0.927889027297	-0.253168743102
8.68868868869	0.679349003377	-0.905308499583	-0.225959496206
8.6986986987	0.683950849304	-0.879827995816	-0.195877146512
8.70870870871	0.688525639939	-0.851529137733	-0.163003497794
8.71871871872	0.693073194316	-0.820502575107	-0.127429380791
8.72872872873	0.697593332546	-0.786847695372	-0.0892543628259
8.73873873874	0.702085875823	-0.750672305253	-0.0485864294301
8.74874874875	0.706550646434	-0.712092285431	-0.00554163899709
8.75875875876	0.710987467765	-0.671231219341	0.0397562484242
8.76876876877	0.715396164307	-0.628219997296	0.0871761670115
8.77877877878	0.719776561664	-0.583196397206	0.136580164457
8.78878878879	0.724128486558	-0.536304643237	0.187823843321
8.7987987988	0.728451766839	-0.487694943814	0.240756823025
8.80880880881	0.732746231489	-0.437523010457	0.295223221032
8.81881881882	0.737011710631	-0.385949558995	0.351062151636
8.82882882883	0.741248035533	-0.333139794742	0.408108240791
8.83883883884	0.745455038618	-0.279262883293	0.466192155326
8.84884884885	0.749632553468	-0.224491408638	0.525141144831
8.85885885886	0.753780414831	-0.169000820322	0.584779594509
8.86886886887	0.757898458629	-0.112968871429	0.6449295872
8.87887887888	0.761986521963	-0.0565750491838	0.705411472779
8.88888888889	0.766044443119	-1.95943487864e-15	0.766044443119
8.8988988989	0.770072061578	0.0565750491838	0.826647110761
8.90890890891	0.774069218016	0.112968871429	0.887038089445
8.91891891892	0.778035754318	0.169000820322	0.94703657464
8.92892892893	0.781971513578	0.224491408638	1.00646292222
8.93893893894	0.785876340107	0.279262883293	1.0651392234
8.94894894895	0.78975007944	0.333139794742	1.12288987418
8.95895895896	0.793592578344	0.385949558995	1.17954213734
8.96896896897	0.797403684817	0.437523010457	1.23492669527
8.97897897898	0.801183248104	0.487694943814	1.28887819192
8.98898898899	0.804931118695	0.536304643237	1.34123576193
8.998998999	0.808647148334	0.583196397206	1.39184354554
9.00900900901	0.812331190024	0.628219997296	1.44055118732
9.01901901902	0.815983098035	0.671231219341	1.48721431738
9.02902902903	0.819602727906	0.712092285431	1.53169501334
9.03903903904	0.823189936455	0.750672305253	1.57386224171
9.04904904905	0.826744581781	0.786847695372	1.61359227715
9.05905905906	0.830266523272	0.820502575107	1.65076909838
9.06906906907	0.833755621609	0.851529137733	1.68528475934
9.07907907908	0.837211738773	0.879827995816	1.71703973459
9.08908908909	0.840634738048	0.905308499583	1.74594323763
9.0990990991	0.84402448403	0.927889027297	1.77191351133
9.10910910911	0.847380842629	0.94749724672	1.79487808935
9.11911911912	0.850703681078	0.964070346816	1.81477402789
9.12912912913	0.853992867932	0.977555238948	1.83154810688
9.13913913914	0.85724827308	0.98790872694	1.84515700002
9.14914914915	0.860469767748	0.99509764545	1.8555674132
9.15915915916	0.863657224501	0.999098966205	1.86275619071
9.16916916917	0.866810517252	0.999899871767	1.86671038902
9.17917917918	0.869929521266	0.997497796594	1.86742731786
9.18918918919	0.873014113161	0.991900435259	1.86491454842
9.1991991992	0.876064170921	0.983125717796	1.85918988872
9.20920920921	0.879079573893	0.97120175227	1.85028132616
9.21921921922	0.882060202795	0.956166734739	1.83822693753
9.22922922923	0.885005939722	0.938068826896	1.82307476662
9.23923923924	0.887916668148	0.916966001796	1.80488266994
9.24924924925	0.890792272932	0.89292585815	1.78371813108
9.25925925926	0.893632640323	0.866025403784	1.75965804411
9.26926926927	0.896437657964	0.836350808966	1.73278846693
9.27927927928	0.899207214896	0.803997130367	1.70320434526
9.28928928929	0.901941201561	0.769068006574	1.67100920814
9.2992992993	0.904639509812	0.731675326102	1.63631483591
9.30930930931	0.907302032909	0.691938868978	1.59924090189
9.31931931932	0.909928665531	0.649985923054	1.55991458858
9.32932932933	0.912519303774	0.605950876264	1.51847018004
9.33933933934	0.915073845161	0.559974786138	1.4750486313
9.34934934935	0.917592188639	0.512204927953	1.42979711659
9.35935935936	0.920074234591	0.462794322967	1.38286855756
9.36936936937	0.922519884832	0.411901248244	1.33442113308
9.37937937938	0.92492904262	0.359688729645	1.28461777226
9.38938938939	0.927301612655	0.306324019607	1.23362563226
9.3993993994	0.929637501083	0.251978061385	1.18161556247
9.40940940941	0.931936615503	0.196824941468	1.12876155697
9.41941941942	0.934198864969	0.141041331925	1.07524019689
9.42942942943	0.936424159991	0.0848059244755	1.02123008447
9.43943943944	0.938612412544	0.0282988580831	0.966911270627
9.44944944945	0.940763536065	-0.0282988580831	0.912464677981
9.45945945946	0.942877445461	-0.0848059244755	0.858071520986
9.46946946947	0.944954057113	-0.141041331925	0.803912725188
9.47947947948	0.946993288874	-0.196824941468	0.750168347406
9.48948948949	0.948995060078	-0.251978061385	0.697016998693
9.4994994995	0.95095929154	-0.306324019607	0.644635271934
9.50950950951	0.952885905561	-0.359688729645	0.593197175917
9.51951951952	0.954774825929	-0.411901248244	0.542873577685
9.52952952953	0.956625977922	-0.462794322967	0.493831654955
9.53953953954	0.958439288315	-0.512204927953	0.446234360362
9.54954954955	0.960214685378	-0.559974786138	0.40023989924
9.55955955956	0.96195209888	-0.605950876264	0.356001222616
9.56956956957	0.963651460093	-0.649985923054	0.31366553704
9.57957957958	0.965312701797	-0.691938868978	0.273373832819
9.58958958959	0.966935758276	-0.731675326102	0.235260432174
9.5995995996	0.968520565327	-0.769068006574	0.199452558752
9.60960960961	0.970067060258	-0.803997130367	0.166069929891
9.61961961962	0.971575181895	-0.836350808966	0.135224372929
9.62962962963	0.97304487058	-0.866025403784	0.107019466795
9.63963963964	0.974476068176	-0.89292585815	0.0815502100265
9.64964964965	0.975868718069	-0.916966001796	0.0589027162731
9.65965965966	0.977222765169	-0.938068826896	0.0391539382733
9.66966966967	0.978538155914	-0.956166734739	0.0223714211752
9.67967967968	0.979814838271	-0.97120175227	0.00861308600035
9.68968968969	0.981052761736	-0.983125717796	-0.00207295605954
9.6996996997	0.982251877342	-0.991900435259	-0.00964855791713
9.70970970971	0.983412137654	-0.997497796594	-0.0140856589409
9.71971971972	0.984533496775	-0.999899871767	-0.0153663749918
9.72972972973	0.985615910348	-0.999098966205	-0.013483055857
9.73973973974	0.986659335554	-0.99509764545	-0.00843830989577
9.74974974975	0.98766373112	-0.98790872694	-0.000244995820034
9.75975975976	0.988629057313	-0.977555238948	0.0110738183657
9.76976976977	0.989555275949	-0.964070346816	0.0254849291324
9.77977977978	0.990442350387	-0.94749724672	0.0429451036664
9.78978978979	0.991290245538	-0.927889027297	0.0634012182413
9.7997997998	0.992098927861	-0.905308499583	0.0867904282786
9.80980980981	0.992868365367	-0.879827995816	0.113040369551
9.81981981982	0.99359852762	-0.851529137733	0.142069389886
9.82982982983	0.994289385735	-0.820502575107	0.173786810628
9.83983983984	0.994940912384	-0.786847695372	0.208093217012
9.84984984985	0.995553081795	-0.750672305253	0.244880776542
9.85985985986	0.996125869751	-0.712092285431	0.28403358432
9.86986986987	0.996659253595	-0.671231219341	0.325428034254
9.87987987988	0.997153212228	-0.628219997296	0.368933214932
9.88988988989	0.99760772611	-0.583196397206	0.414411328903
9.8998998999	0.99802277726	-0.536304643237	0.461718134023
9.90990990991	0.998398349262	-0.487694943814	0.510703405449
9.91991991992	0.998734427259	-0.437523010457	0.561211416802
9.92992992993	0.999030997955	-0.385949558995	0.61308143896
9.93993993994	0.99928804962	-0.333139794742	0.666148254878
9.94994994995	0.999505572086	-0.279262883293	0.720242688793
9.95995995996	0.999683556747	-0.224491408638	0.775192148109
9.96996996997	0.999821996562	-0.169000820322	0.830821176241
9.97997997998	0.999920886057	-0.112968871429	0.886952014628
9.98998998999	0.999980221319	-0.0565750491838	0.943405172135
10.0	1.0	-2.20436423847e-15	1.0
