System params: f_X=1, f_Y=2, A_X=1, A_Y=0.5, phi=0, dt=0.01, N=1000

t	X	Y	Z
0.0	1.0	0.0	1.0
0.01001001001	0.99802277726	0.12545803018	1.12348080744
0.02002002002	0.992098927861	0.248933554467	1.24103248233
0.03003003003	0.982251877342	0.36847539481	1.35072727215
0.04004004004	0.968520565327	0.482194533802	1.45071509913
0.0500500500501	0.95095929154	0.588293965201	1.53925325674
0.0600600600601	0.929637501083	0.685097090484	1.61473459157
0.0700700700701	0.904639509812	0.771074212699	1.67571372251
0.0800800800801	0.876064170921	0.844866708956	1.72093087988
0.0900900900901	0.84402448403	0.905308499583	1.74933298361
0.1001001001	0.808647148334	0.951444474683	1.76009162302
0.11011011011	0.770072061578	0.982545586923	1.7526176485
0.12012012012	0.728451766839	0.998120372038	1.72657213888
0.13013013013	0.683950849304	0.997922715028	1.68187356433
0.14014014014	0.636745285425	0.981955739298	1.61870102472
0.15015015015	0.587021747031	0.9504717573	1.53749350433
0.16016016016	0.534976863143	0.903968283462	1.4389451466
0.17017017017	0.480816442417	0.843180172386	1.3239966148
0.18018018018	0.424754659284	0.769068006574	1.19382266586
0.19019019019	0.367013207009	0.682802917163	1.04981612417
0.2002002002	0.307820421017	0.585748077542	0.893568498558
0.21021021021	0.247410375952	0.479437162289	0.726847538241
0.22022022022	0.186021960045	0.365550111825	0.55157207187
0.23023023023	0.123897930438	0.245886585754	0.369784516192
0.24024024024	0.0612839532213	0.122337524378	0.1836214776
0.25025025025	-0.00157236804758	-0.00314473220774	-0.00471710025532
0.26026026026	-0.0644224714728	-0.128577295282	-0.192999766755
0.27027027027	-0.127017819747	-0.251978061385	-0.378995881132
0.28028028028	-0.189110882978	-0.371397033808	-0.560507916785
0.29029029029	-0.250456117533	-0.484947136717	-0.73540325425
0.3003003003	-0.310810937026	-0.590834035006	-0.901644972032
0.31031031031	-0.369936671614	-0.687384488629	-1.05732116024
0.32032032032	-0.427599511804	-0.773072793389	-1.20067230519
0.33033033033	-0.483571433037	-0.84654489033	-1.33011632337
0.34034034034	-0.537631097403	-0.906639762777	-1.44427086018
0.35035035035	-0.589564728906	-0.952407782884	-1.54197251179
0.36036036036	-0.639166958833	-0.983125717796	-1.62229267663
0.37037037037	-0.686241637869	-0.998308158271	-1.68454979614
0.38038038038	-0.730602611762	-0.997715189196	-1.72831780096
0.39039039039	-0.77207445746	-0.981356180754	-1.75343063821
0.4004004004	-0.81049317681	-0.949489640355	-1.75998281717
0.41041041041	-0.845706845082	-0.902619127669	-1.74832597275
0.42042042042	-0.877576211743	-0.8414852973	-1.71906150904
0.43043043043	-0.90597525112	-0.767054194856	-1.67302944598
0.44044044044	-0.930791660762	-0.680501991355	-1.61129365212
0.45045045045	-0.951927305529	-0.583196397206	-1.53512370274
0.46046046046	-0.969298605666	-0.476675049446	-1.44597365511
0.47047047047	-0.982836867314	-0.362621213782	-1.3454580811
0.48048048048	-0.992488554155	-0.242837185379	-1.23532573953
0.49049049049	-0.99821549912	-0.119215808736	-1.11743130786
0.500500500501	-0.999995055317	0.00628943331607	-0.993705622001
0.510510510511	-0.997820185589	0.131695288836	-0.866124896753
0.520520520521	-0.991699490339	0.2550200764	-0.736679413938
0.530530530531	-0.981657173522	0.374314999924	-0.607342173598
0.540540540541	-0.967732946933	0.487694943814	-0.48003800312
0.550550550551	-0.949981873168	0.593368261838	-0.35661361133
0.560560560561	-0.928474147879	0.689665088978	-0.2388090589
0.570570570571	-0.903294822193	0.77506372888	-0.128231093313
0.580580580581	-0.874543466381	0.848214699913	-0.0263287664681
0.590590590591	-0.842333776112	0.90796205988	0.0656282837675
0.600600600601	-0.80679312285	0.953361672377	0.146568549527
0.610610610611	-0.768062050171	0.98369612618	0.215634076008
0.620620620621	-0.72629371799	0.998486071871	0.27219235388
0.630630630631	-0.6816532969	0.997497796594	0.315844499695
0.640640640641	-0.634317315011	0.98074691722	0.34642960221
0.650650650651	-0.584472959883	0.94849813356	0.364025173677
0.660660660661	-0.532317338301	0.901261045546	0.368943707245
0.670670670671	-0.478056696828	0.839782100459	0.361725403631
0.680680680681	-0.421905606211	0.765032797458	0.343127191247
0.690690690691	-0.364086112876	0.678194335815	0.314108222938
0.700700700701	-0.304826860859	0.580638949429	0.27581208857
0.710710710711	-0.24436218764	0.47390822259	0.229546034951
0.720720720721	-0.182931197472	0.359688729645	0.176757532172
0.730730730731	-0.120776815858	0.239785383498	0.11900856764
0.740740740741	-0.0581448289105	0.116092914125	0.0579480852148
0.750750750751	0.00471708859303	-0.0094340722259	-0.00471698363286
0.760760760761	0.0675603526269	-0.134811980007	-0.0672516273797
0.770770770771	0.13013645293	-0.258059569429	-0.127923116499
0.780780780781	0.192197935725	-0.377229264303	-0.185031328578
0.790790790791	0.253499382261	-0.490437927916	-0.236938545655
0.800800800801	0.313798379312	-0.595896620634	-0.282098241322
0.810810810811	0.37285647778	-0.691938868978	-0.319082391197
0.820820820821	0.430440135636	-0.777046999482	-0.346606863847
0.830830830831	0.486321641442	-0.849876121191	-0.363554479748
0.840840840841	0.540280014833	-0.909275377814	-0.368995362981
0.850850850851	0.592101880361	-0.954306133729	-0.362204253368
0.860860860861	0.641582311285	-0.984256806433	-0.342674495148
0.870870870871	0.688525639939	-0.998654111076	-0.310128471137
0.880880880881	0.732746231489	-0.997270539373	-0.264524307884
0.890890890891	0.774069218016	-0.980127954722	-0.206058736706
0.900900900901	0.812331190024	-0.94749724672	-0.135166056697
0.910910910911	0.847380842629	-0.899894050523	-0.0525132078939
0.920920920921	0.879079573893	-0.838070598705	0.0410089751874
0.930930930931	0.907302032909	-0.763003834372	0.144298198538
0.940940940941	0.931936615503	-0.675879973363	0.25605664214
0.950950950951	0.952885905561	-0.5780757595	0.374810146061
0.960960960961	0.970067060258	-0.471136709083	0.498930351175
0.970970970971	0.983412137654	-0.356752688414	0.626659449239
0.980980980981	0.992868365367	-0.236731210292	0.756137155076
0.990990990991	0.998398349262	-0.112968871429	0.885429477833
1.001001001	0.999980221319	0.0125786178387	1.01255883916
1.01101101101	0.99760772611	0.137927337973	1.13553506408
1.02102102102	0.991290245538	0.261096510412	1.25238675595
1.03103103103	0.981052761736	0.380139798124	1.36119255986
1.04104104104	0.966935758276	0.493176061899	1.46011182018
1.05105105105	0.948995060078	0.598419086391	1.54741414647
1.06106106106	0.927301612655	0.694205806141	1.6215074188
1.07107107107	0.901941201561	0.779022585583	1.68096378714
1.08108108108	0.873014113161	0.851529137733	1.72454325089
1.09109109109	0.840634738048	0.910579703592	1.75121444164
1.1011011011	0.804931118695	0.955241157598	1.76017227629
1.11111111111	0.766044443119	0.984807753012	1.75085219613
1.12112112112	0.724128486558	0.998812274227	1.72294076079
1.13113113113	0.679349003377	0.997033419779	1.67638242316
1.14114114114	0.6318830716	0.979499299381	1.61138237098
1.15115115115	0.581918392668	0.946486989735	1.5284053824
1.16116116116	0.529652549179	0.89851815612	1.4281707053
1.17117117117	0.475292223561	0.836350808966	1.31164303253
1.18118118118	0.419052380758	0.760967325662	1.18001970642
1.19119119119	0.361155418163	0.673558926887	1.03471434505
1.2012012012	0.301830286157	0.57550685277	0.877337138927
1.21121121121	0.241311582741	0.468360536333	0.709672119073
1.22122122122	0.179838625827	0.353813119126	0.533651744953
1.23123123123	0.117654506872	0.233674695964	0.351329202836
1.24124124124	0.0550051295842	0.109843711543	0.164848841127
1.25125125125	-0.00786176248947	-0.015723039057	-0.0235848015465
1.26126126126	-0.070697565652	-0.141041331925	-0.211738897577
1.27127127127	-0.133253799146	-0.264130869317	-0.397384668462
1.28128128128	-0.195283087756	-0.383046572603	-0.578329660359
1.29129129129	-0.256540140042	-0.495909318684	-0.752449458727
1.3013013013	-0.316782718332	-0.600935634163	-0.917718352495
1.31131131131	-0.375772596633	-0.696465878049	-1.07223847468
1.32132132132	-0.433276502688	-0.780990467646	-1.21426697033
1.33133133133	-0.489067040436	-0.853173733193	-1.34224077363
1.34134134134	-0.542923589236	-0.911875024315	-1.45479861355
1.35135135135	-0.594633176304	-0.956166734739	-1.55079991104
1.36136136136	-0.643991318896	-0.985348960468	-1.62934027936
1.37137137137	-0.690802832929	-0.998960559759	-1.68976339269
1.38138138138	-0.734882604821	-0.996786440157	-1.73166904498
1.39139139139	-0.77605632352	-0.978860957414	-1.75491728093
1.4014014014	-0.814161169798	-0.945467372594	-1.75962854239
1.41141141141	-0.849046460119	-0.897133375942	-1.74617983606
1.42142142142	-0.880574242504	-0.834622748248	-1.71519699075
1.43143143143	-0.908619842057	-0.758923291468	-1.66754313352
1.44144144144	-0.933072353983	-0.671231219341	-1.60430357332
1.45145145145	-0.953835082157	-0.572932254642	-1.5267673368
1.46146146146	-0.970825921502	-0.465579731794	-1.4364056533
1.47147147147	-0.983977682672	-0.350870050851	-1.33484773352
1.48148148148	-0.993238357742	-0.230615870742	-1.22385422848
1.49149149149	-0.998571325879	-0.106717465371	-1.10528879125
1.5015015015	-0.99995549815	0.0188673047845	-0.981088193366
1.51151151151	-0.997385400923	0.144153931068	-0.853231469855
1.52152152152	-0.990871197506	0.267162616135	-0.723708581371
1.53153153153	-0.980438647961	0.385949558995	-0.594489088966
1.54154154154	-0.966129007238	0.498637671241	-0.467491335997
1.55155155155	-0.947998862029	0.603446239063	-0.344552622966
1.56156156156	-0.926119907006	0.698719062352	-0.227400844654
1.57157157157	-0.900578661304	0.782950626208	-0.117628035096
1.58158158158	-0.871476126386	0.854809891307	-0.0166662350792
1.59159159159	-0.83892738664	0.913161327173	0.0742339405331
1.6016016016	-0.803061154282	0.957082855998	0.154021701716
1.61161161161	-0.764019260373	0.985880423447	0.221861163074
1.62162162162	-0.721956093955	0.999098966205	0.27714287225
1.63163163163	-0.677037991524	0.99652960295	0.319491611427
1.64164164164	-0.629442579268	0.978212935133	0.348770355865
1.65165165165	-0.57935807065	0.944438405381	0.36508033473
1.66166166166	-0.526982522129	0.895739723685	0.368757201556
1.67167167167	-0.472523049956	0.832886433641	0.360363383685
1.68168168168	-0.416195011144	0.756871752005	0.340676740861
1.69169169169	-0.358221151852	0.668896873744	0.310675721892
1.7017017017	-0.298830726545	0.570351990578	0.271521264032
1.71171171171	-0.238258591423	0.462794322967	0.224535731544
1.72172172172	-0.176744275691	0.347923512694	0.171179237003
1.73173173173	-0.114531034357	0.227554764876	0.113023730519
1.74174174174	-0.0518648862921	0.103590163832	0.0517252775401
1.75175175175	0.0110063586381	-0.0220113839262	-0.0110050252882
1.76176176176	0.0738340795231	-0.14726510462	-0.0734310250971
1.77177177177	0.136369827566	-0.270191720884	-0.133821893318
1.78178178178	0.198366308561	-0.388848728591	-0.19048242003
1.79179179179	0.259578360804	-0.501361092588	-0.241782731784
1.8018018018	0.319763924571	-0.605950876264	-0.286186951692
1.81181181181	0.378684999333	-0.700965336768	-0.322280337435
1.82182182182	0.436108584911	-0.784903041886	-0.348794456976
1.83183183183	0.491807602866	-0.856437595893	-0.364629993027
1.84184184184	0.54556179447	-0.914438599445	-0.368876804975
1.85185185185	0.597158591703	-0.957989512315	-0.360830920613
1.86186186186	0.646393957842	-0.986402136696	-0.340008178854
1.87187187187	0.693073194316	-0.999227492196	-0.30615429788
1.88188188188	0.737011710631	-0.996262910699	-0.259251200068
1.89189189189	0.778035754318	-0.977555238948	-0.199519484629
1.9019019019	0.815983098035	-0.943400098272	-0.127417000237
1.91191191191	0.850703681078	-0.894337213131	-0.0436335320535
1.92192192192	0.882060202795	-0.831141882316	0.0509183204791
1.93193193193	0.909928665531	-0.754812727561	0.15511593797
1.94194194194	0.934198864969	-0.666555913182	0.267642951787
1.95195195195	0.954774825929	-0.567766086095	0.387008739834
1.96196196196	0.971575181895	-0.460004337399	0.511570844496
1.97197197197	0.984533496775	-0.344973533795	0.63955996298
1.98198198198	0.99359852762	-0.224491408638	0.769107118982
1.99199199199	0.998734427259	-0.100461837852	0.898272589407
2.002002002	0.999920886057	0.0251552453894	1.02507613145
2.01201201201	0.997153212228	0.150374821814	1.14752803404
2.02202202202	0.990442350387	0.273218153608	1.263660504
2.03203203203	0.979814838271	0.39174405272	1.37155889099
2.04204204204	0.965312701797	0.504079555791	1.46939225759
2.05205205205	0.946993288874	0.608449520994	1.55544280987
2.06206206206	0.92492904262	0.703204679081	1.6281337217
2.07207207207	0.899207214896	0.786847695372	1.68605491027
2.08208208208	0.869929521266	0.858056830856	1.72798635212
2.09209209209	0.837211738773	0.9157068285	1.75291856727
2.1021021021	0.801183248104	0.958886694725	1.76006994283
2.11211211211	0.761986521963	0.986914095053	1.74890061702
2.12212212212	0.719776561664	0.999346136462	1.71912269813
2.13213213213	0.674720284195	0.995986366039	1.67070665023
2.14214214214	0.626995862148	0.976887875361	1.60388373751
2.15215215215	0.576792019149	0.942352461534	1.51914448068
2.16216216216	0.524307283557	0.89292585815	1.41723314171
2.17217217217	0.469749203398	0.829389111525	1.29913831492
2.18218218218	0.413333525626	0.752746238498	1.16607976412
2.19219219219	0.355283342961	0.664208360806	1.01949170377
2.2022022022	0.295828211688	0.565174566765	0.861002778453
2.21221221221	0.235203243879	0.457209802679	0.692413046559
2.22222222222	0.173648177667	0.342020143326	0.515668320993
2.23223223223	0.111406429203	0.221425832322	0.332832261525
2.24224224224	0.0487241300892	0.0973325183683	0.146056648458
2.25225225225	-0.0141508459408	-0.0282988580831	-0.0424497040239
2.26226226226	-0.076969863222	-0.153483051896	-0.230452915118
2.27227227227	-0.139484507376	-0.276241884379	-0.415726391755
2.28228228228	-0.20144756765	-0.394635502749	-0.596083070399
2.29229229229	-0.2626140145	-0.506793033968	-0.769407048469
2.3023023023	-0.322741968549	-0.610942148545	-0.933684117094
2.31231231231	-0.381593657079	-0.705437067146	-1.08703072422
2.32232232232	-0.438936354296	-0.788784567433	-1.22772092173
2.33233233233	-0.494543301632	-0.859667580181	-1.35421088181
2.34234234234	-0.548194604445	-0.916966001796	-1.46516060624
2.35235235235	-0.599678101582	-0.959774394353	-1.55945249594
2.36236236236	-0.648790204361	-0.987416293457	-1.63620649782
2.37237237237	-0.69533670165	-0.999454897829	-1.69479159948
2.38238238238	-0.739133527863	-0.995699971707	-1.73483349957
2.39239239239	-0.780007490838	-0.976210850974	-1.75621834181
2.4024024024	-0.817796956717	-0.94129550553	-1.75909246225
2.41241241241	-0.852352489117	-0.891505672698	-1.74385816182
2.42242242242	-0.88353744007	-0.827628138603	-1.71116557867
2.43243243243	-0.911228490388	-0.750672305253	-1.66190079564
2.44244244244	-0.935316137322	-0.66185423983	-1.59717037715
2.45245245245	-0.955705127584	-0.562577458218	-1.5182825858
2.46246246246	-0.972314834025	-0.454410746445	-1.42672558047
2.47247247247	-0.985079574467	-0.339063370495	-1.32414294496
2.48248248248	-0.993948871439	-0.218358066245	-1.21230693768
2.49249249249	-0.998887651789	-0.0942022363276	-1.09308988812
2.5025025025	-0.999876385381	0.0314421909191	-0.968434194462
2.51251251251	-0.996911162321	0.156589764129	-0.840321398192
2.52252252252	-0.990003708422	0.279262883293	-0.710740825129
2.53253253253	-0.979181338833	0.397523050084	-0.58165828875
2.54254254254	-0.964486850027	0.509501500284	-0.454985349743
2.55255255255	-0.945978350556	0.613428734267	-0.332549616289
2.56256256256	-0.923729031273	0.707662478887	-0.216066552387
2.57257257257	-0.897826875899	0.790713638915	-0.107113236984
2.58258258258	-0.868374313094	0.861269827939	-0.00710448515506
2.59259259259	-0.835487811413	0.91821610688	0.0827282954673
2.6026026026	-0.799297418733	0.960652602422	0.161355183689
2.61261261261	-0.759946247989	0.98790872694	0.227962478951
2.62262262262	-0.71758991124	0.999553775222	0.281963863982
2.63263263263	-0.67239590431	0.995403730534	0.323007826224
2.64264264264	-0.624542944437	0.975524172482	0.350981228045
2.65265265265	-0.574220263541	0.94022924071	0.366008977169
2.66266266266	-0.521626859919	0.890076670822	0.368449810903
2.67267267267	-0.466970711319	0.825858980964	0.358888269644
2.68268268268	-0.410467952501	0.748590948335	0.338122995834
2.69269269269	-0.352342020544	0.659493573536	0.307151552992
2.7027027027	-0.292822771277	0.559974786138	0.267152014861
2.71271271271	-0.232145570325	0.451607196377	0.219461626052
2.72272272272	-0.170550362372	0.336103244542	0.16555288217
2.73273273273	-0.10828072231	0.215288140745	0.107007418435
2.74274274274	-0.0455828920356	0.0910710226866	0.045488130651
2.75275275275	0.0172951933006	-0.0345852128118	-0.0172900195112
2.76276276276	0.0801048857378	-0.159694927788	-0.0795900420497
2.77277277277	0.142597807772	-0.282281120474	-0.139683312702
2.78278278278	0.204526834549	-0.400406666168	-0.195879831618
2.79279279279	0.265647071111	-0.512204927953	-0.246557856842
2.8028028028	0.325716820813	-0.615909253567	-0.290192432754
2.81281281281	0.384498541105	-0.709880892294	-0.325382351189
2.82282282282	0.44175978288	-0.792634890742	-0.350875107862
2.83283283283	0.497274109679	-0.862863558286	-0.365589448607
2.84284284284	0.550821993122	-0.91945713139	-0.368635138268
2.85285285285	0.602191681025	-0.961521310247	-0.359329629222
2.86286286286	0.651180034758	-0.988391390633	-0.337211355876
2.87287287287	0.697593332546	-0.999642767662	-0.302049435117
2.88288288288	0.741248035533	-0.99509764545	-0.253849609917
2.89289289289	0.781971513578	-0.974827846675	-0.192856333097
2.9029029029	0.819602727906	-0.93915367762	-0.119550949714
2.91291291291	0.853992867932	-0.888638866652	-0.0346459987206
2.92292292292	0.885005939722	-0.824081656103	0.0609242836183
2.93293293293	0.912519303774	-0.746502188328	0.166017115446
2.94294294294	0.936424159991	-0.657126385269	0.279297774722
2.95295295295	0.956625977922	-0.557366576262	0.399259401661
2.96296296296	0.97304487058	-0.4487991802	0.524245690379
2.97297297297	0.985615910348	-0.333139794742	0.652476115606
2.98298298298	0.994289385735	-0.212216086183	0.782073299552
2.99299299299	0.999030997955	-0.0879389084111	0.911092089544
3.003003003	0.999821996562	0.0377278926787	1.03754988924
3.01301301301	0.996659253595	0.162798512165	1.15945776576
3.02302302302	0.989555275949	0.285296566074	1.27485184202
3.03303303303	0.978538155914	0.403286322484	1.3818244784
3.04304304304	0.963651460093	0.514903290241	1.47855475033
3.05305305305	0.944954057113	0.618383681916	1.56333773903
3.06306306306	0.922519884832	0.712092285431	1.63461217026
3.07307307307	0.896437657964	0.794548303912	1.69098596188
3.08308308308	0.866810517252	0.86444875546	1.73125927271
3.09309309309	0.833755621609	0.920689063053	1.75444468466
3.1031031031	0.797403684817	0.962380509237	1.75978419405
3.11311311311	0.757898458629	0.988864279763	1.74676273839
3.12312312312	0.715396164307	0.99972187427	1.71511803858
3.13313313313	0.670064874858	0.994781719483	1.66484659434
3.14314314314	0.622083850393	0.974121880439	1.59620573083
3.15315315315	0.571642829258	0.938068826896	1.50971165615
3.16316316316	0.518941277722	0.887192274409	1.40613355213
3.17317317317	0.464187601196	0.822296181599	1.28648378279
3.18318318318	0.407598320109	0.744406045888	1.152004366
3.19319319319	0.349397213688	0.65475269844	1.00414991213
3.2032032032	0.289814435034	0.554752854384	0.844567289418
3.21321321321	0.229085600998	0.445986725685	0.675072326683
3.22322322322	0.167450860443	0.330173050401	0.497623910844
3.23323323323	0.10515394459	0.209141932938	0.314295877528
3.24324324324	0.0424412031961	0.0848059244755	0.127247127672
3.25325325325	-0.0204393696219	-0.0408701994407	-0.0613095690626
3.26326326326	-0.0832391160672	-0.165900486569	-0.249139602636
3.27327327327	-0.145709697966	-0.288309190272	-0.434018888238
3.28328328328	-0.207604078809	-0.406161990554	-0.613766069363
3.29329329329	-0.268677500641	-0.517596560462	-0.786274061102
3.3033033033	-0.328688451945	-0.620851994843	-0.949540446788
3.31331331331	-0.387399622686	-0.714296636427	-1.10169625911
3.32332332332	-0.44457884274	-0.796453859505	-1.24103270225
3.33333333333	-0.5	-0.866025403784	-1.36602540378
3.34334334334	-0.55344393452	-0.921911889685	-1.47535582421
3.35335335335	-0.604699305175	-0.963230190894	-1.56792949607
3.36336336336	-0.653563425397	-0.989327389653	-1.64289081505
3.37337337337	-0.699843064686	-0.999791094264	-1.69963415895
3.38338338338	-0.743355212731	-0.994455955755	-1.73781116849
3.39339339339	-0.783927803117	-0.973406280756	-1.75733408387
3.4034034034	-0.821400393745	-0.936974699267	-1.75837509301
3.41341341341	-0.855624801299	-0.885736908397	-1.7413617097
3.42342342342	-0.886465687226	-0.820502575107	-1.70696826233
3.43343343343	-0.913801092924	-0.742302541746	-1.65610363467
3.44344344344	-0.937522922021	-0.652372536522	-1.58989545854
3.45345345345	-0.957537367837	-0.552133646353	-1.50967101419
3.46346346346	-0.973765284338	-0.443169860644	-1.41693514498
3.47347347347	-0.986142499113	-0.327203040858	-1.31334553997
3.48348348348	-0.99462006714	-0.206065711412	-1.20068577855
3.49349349349	-0.999164464339	-0.0816721018632	-1.0808365662
3.5035035035	-0.999757720139	0.0440121020224	-0.955745618117
3.51351351351	-0.996397488543	0.169000820322	-0.827396668221
3.52352352352	-0.989097057402	0.291318963276	-0.697778094126
3.53353353353	-0.977885295874	0.409033641941	-0.568851653934
3.54354354354	-0.962806540259	0.520284711982	-0.442521828278
3.55355355355	-0.943920418674	0.623314167938	-0.320606250735
3.56356356356	-0.921301615256	0.716493923483	-0.204807691773
3.57357357357	-0.89503957483	0.798351538674	-0.0966880361561
3.58358358358	-0.865238149205	0.867593487668	0.00235533846279
3.59359359359	-0.832015186492	0.923125599194	0.0911104127027
3.6036036036	-0.795502065086	0.964070346816	0.168568281731
3.61361361361	-0.755843174135	0.989780715724	0.233937541589
3.62362362362	-0.713195342561	0.999850426958	0.286655084398
3.63363363363	-0.667727218889	0.99412035749	0.326393138601
3.64364364364	-0.619618604335	0.972681054703	0.353062450369
3.65365365365	-0.569059741792	0.935871305554	0.366811563762
3.66366366366	-0.516250563526	0.884272783009	0.368022219483
3.67367367367	-0.461399900552	0.818700854366	0.357300953814
3.68368368368	-0.404724656828	0.740191696702	0.335467039874
3.69369369369	-0.346448951515	0.649985923054	0.303536971539
3.7037037037	-0.286803232711	0.549508978071	0.26270574536
3.71371371371	-0.22602336616	0.440348612935	0.214325246774
3.72372372372	-0.164349702531	0.324229795484	0.159880092953
3.73373373373	-0.102026126964	0.202987452027	0.100961325063
3.74374374374	-0.0392990946401	0.0785374715657	0.0392383769255
3.75375375375	0.0235833438109	-0.0471535693523	-0.0235702255414
3.76376376376	0.0863725232145	-0.172099482764	-0.0857269595496
3.77377377377	0.148820147184	-0.294325855319	-0.145505708135
3.78378378378	0.210679269996	-0.411901248244	-0.201221978248
3.79379379379	0.27170527312	-0.522967718216	-0.251262445095
3.8038038038	0.331656832556	-0.625770176852	-0.294113344296
3.81381381381	0.39029687313	-0.718684124869	-0.328387251739
3.82382382382	0.447393505998	-0.800241322654	-0.352847816656
3.83383383383	0.502720945639	-0.869152991602	-0.366432045963
3.84384384384	0.556060402709	-0.924330179577	-0.368269776868
3.85385385385	0.607200949233	-0.964900968695	-0.357700019461
3.86386386386	0.655940352709	-0.990224253491	-0.334283900782
3.87387387387	0.702085875823	-0.999899871767	-0.297813995944
3.88388388388	0.745455038618	-0.993774928005	-0.248319889387
3.89389389389	0.785876340107	-0.971946209452	-0.186069869345
3.9039039039	0.823189936455	-0.934758656667	-0.111568720212
3.91391391391	0.85724827308	-0.882799912725	-0.0255516396443
3.92392392392	0.887916668148	-0.816891037193	0.0710256309548
3.93393393393	0.915073845161	-0.738073531632	0.177000313528
3.94394394394	0.938612412544	-0.647592881637	0.291019530906
3.95395395395	0.958439288315	-0.546878875494	0.411560412822
3.96396396396	0.974476068176	-0.437523010457	0.536953057719
3.97397397397	0.986659335554	-0.321253343684	0.66540599187
3.98398398398	0.994940912384	-0.199907185225	0.795033727159
3.99399399399	0.99928804962	-0.0754020645824	0.923885985038
4.004004004	0.999683556747	0.0502945703634	1.04997812711
4.01401401401	0.996125869751	0.175196443252	1.171322313
4.02402402402	0.988629057313	0.297329836667	1.28595889398
4.03403403403	0.977222765169	0.414764781105	1.39198754627
4.04404404404	0.96195209888	0.525645552631	1.48759765151
4.05405405405	0.942877445461	0.628219997296	1.57109744276
4.06406406406	0.920074234591	0.720867218925	1.64094145352
4.07407407407	0.893632640323	0.802123192755	1.69575583308
4.08408408408	0.863657224501	0.870703900165	1.73436112467
4.09409409409	0.830266523272	0.925525618922	1.75579214219
4.1041041041	0.793592578344	0.965722048315	1.75931462666
4.11411411411	0.753780414831	0.990657998569	1.7444384134
4.12412412412	0.710987467765	0.9999394282	1.71092689597
4.13413413413	0.665382959521	0.993419670718	1.65880263024
4.14414414414	0.617147230641	0.97120175227	1.58834898291
4.15415415415	0.566471026685	0.933636763611	1.5001077903
4.16416416416	0.513554743939	0.88131831211	1.39487305605
4.17417417417	0.458607636956	0.815073141486	1.27368077844
4.18418418418	0.401846991078	0.735948067484	1.13779505856
4.19419419419	0.343497263182	0.645193435939	0.98869069912
4.2042042042	0.283789194086	0.544243364632	0.828032558718
4.21421421421	0.222958896095	0.434693081154	0.657651977249
4.22422422422	0.161246919305	0.318273714892	0.479520634197
4.23423423423	0.0988973003642	0.196824941468	0.295722241832
4.24424424424	0.036156597441	0.0722659119206	0.108422509362
4.25425425425	-0.0267270847755	-0.0534350739931	-0.0801621587686
4.26426426426	-0.0895050761925	-0.178291671158	-0.26779674735
4.27427427427	-0.151929124666	-0.300330877612	-0.452260002277
4.28428428428	-0.213752377698	-0.417624212206	-0.631376589905
4.29429429429	-0.274730358608	-0.528318188746	-0.803048547354
4.3043043043	-0.334621933292	-0.630663605043	-0.965285538335
4.31431431431	-0.393190263785	-0.723043184062	-1.11623344785
4.32432432432	-0.450203744818	-0.803997130367	-1.25420087518
4.33433433433	-0.505436919686	-0.872246198019	-1.37768311771
4.34434434434	-0.558671371813	-0.926711905405	-1.48538327722
4.35435435435	-0.609696588459	-0.966533577558	-1.57623016602
4.36436436436	-0.658310793188	-0.991081946669	-1.64939273986
4.37437437437	-0.704321743776	-0.999969095868	-1.70429083964
4.38438438438	-0.747547492428	-0.99305458914	-1.74060208157
4.39439439439	-0.787817105279	-0.97044769052	-1.7582647958
4.4044044044	-0.824971338339	-0.93250563748	-1.75747697582
4.41441441441	-0.85886326722	-0.879827995816	-1.73869126304
4.42442442442	-0.889358868137	-0.813247185224	-1.70260605336
4.43443443443	-0.916337547898	-0.733815325277	-1.65015287318
4.44444444444	-0.939692620786	-0.642787609687	-1.58248023047
4.45445445445	-0.959331730437	-0.541602471548	-1.50093420199
4.46446446446	-0.975177215064	-0.431858853013	-1.40703606808
4.47447447447	-0.987166414562	-0.315290938576	-1.30245735314
4.48448448448	-0.995251918294	-0.193740751237	-1.18899266953
4.49449449449	-0.999401752577	-0.0691290445948	-1.06853079717
4.5045045045	-0.999599507118	0.0565750491838	-0.943024457935
4.51451451451	-0.995844399907	0.181385135873	-0.814459264035
4.52452452452	-0.988151280311	0.303328948475	-0.684822331837
4.53453453453	-0.976550570352	0.420479513269	-0.556071057083
4.54454454454	-0.961088144404	0.530985600129	-0.430102544275
4.55455455455	-0.941825147789	0.633100975927	-0.308724171862
4.56456456456	-0.918837754976	0.72521199876	-0.193625756216
4.57457457457	-0.892216868357	0.805863116958	-0.0863537513992
4.58458458458	-0.862067758776	0.873779869913	0.0117121111366
4.59459459459	-0.828509649244	0.927889027297	0.0993793780527
4.6046046046	-0.791675243475	0.967335548397	0.175660304923
4.61461461461	-0.751710201118	0.991496093597	0.239785892479
4.62462462462	-0.708772561755	0.999988874476	0.291216312721
4.63463463463	-0.663032119939	0.992679686884	0.329647566944
4.64464464464	-0.614669753754	0.969684031658	0.355014277904
4.65465465465	-0.56387670954	0.93136528946	0.36748857992
4.66466466466	-0.510853845621	0.878328978583	0.367475132961
4.67467467467	-0.455810838022	0.811413186463	0.355602348441
4.68468468468	-0.398965351315	0.731675326102	0.332709974786
4.69469469469	-0.340542177879	0.640375426673	0.299833248794
4.7047047047	-0.280772348966	0.53895622236	0.258183873394
4.71471471471	-0.219892221108	0.429020354062	0.209128132955
4.72472472472	-0.158142541449	0.312305044231	0.154162502782
4.73473473473	-0.095767495733	0.190654645033	0.0948871493001
4.74474474474	-0.0330137426761	0.0659914936266	0.0329777509505
4.75475475475	0.0298705614263	-0.0597144648832	-0.029843903457
4.76476476476	0.092636744022	-0.184476806803	-0.0918400627815
4.77477477477	0.155036599664	-0.306324019607	-0.151287419943
4.78478478478	0.216823371526	-0.423330656057	-0.206507284531
4.79479479479	0.277752727186	-0.533647760402	-0.255895033216
4.8048048048	0.33758372483	-0.635532085844	-0.297948361015
4.81481481481	0.396079766039	-0.727373641573	-0.331293875534
4.82482482482	0.453009531408	-0.807721134074	-0.354711602665
4.83483483483	0.508147895284	-0.875304900678	-0.367157005394
4.84484484484	0.561276816012	-0.929056972954	-0.367780156942
4.85485485485	0.612186198173	-0.968127952902	-0.355941754729
4.86486486486	0.66067472339	-0.991900435259	-0.331225711869
4.87487487487	0.706550646434	-0.999998763829	-0.293448117395
4.88488488488	0.749632553468	-0.992294967655	-0.242662414187
4.89489489489	0.78975007944	-0.968910783236	-0.179160703796
4.9049049049	0.826744581781	-0.930215730829	-0.103471149047
4.91491491491	0.860469767748	-0.876821275233	-0.016351507485
4.92492492492	0.890792272932	-0.809571163341	0.0812211095913
4.93493493493	0.917592188639	-0.729528091122	0.188064097517
4.94494494494	0.940763536065	-0.637956910753	0.302806625311
4.95495495495	0.960214685378	-0.536304643237	0.42391004214
4.96496496496	0.975868718069	-0.426177612372	0.549691105697
4.97497497497	0.98766373112	-0.309316061389	0.678347669731
4.98498498498	0.995553081795	-0.187566653376	0.807986428419
4.99499499499	0.999505572086	-0.0628532900445	0.936652282041
5.00500500501	0.999505572086	0.0628532900445	1.06235886213
5.01501501502	0.995553081795	0.187566653376	1.18311973517
5.02502502503	0.98766373112	0.309316061389	1.29697979251
5.03503503504	0.975868718069	0.426177612372	1.40204633044
5.04504504505	0.960214685378	0.536304643237	1.49651932862
5.05505505506	0.940763536065	0.637956910753	1.57872044682
5.06506506507	0.917592188639	0.729528091122	1.64712027976
5.07507507508	0.890792272932	0.809571163341	1.70036343627
5.08508508509	0.860469767748	0.876821275233	1.73729104298
5.0950950951	0.826744581781	0.930215730829	1.75696031261
5.10510510511	0.78975007944	0.968910783236	1.75866086268
5.11511511512	0.749632553468	0.992294967655	1.74192752112
5.12512512513	0.706550646434	0.999998763829	1.70654941026
5.13513513514	0.66067472339	0.991900435259	1.65257515865
5.14514514515	0.612186198173	0.968127952902	1.58031415108
5.15515515516	0.561276816012	0.929056972954	1.49033378897
5.16516516517	0.508147895284	0.875304900678	1.38345279596
5.17517517518	0.453009531408	0.807721134074	1.26073066548
5.18518518519	0.396079766039	0.727373641573	1.12345340761
5.1951951952	0.33758372483	0.635532085844	0.973115810674
5.20520520521	0.277752727186	0.533647760402	0.811400487588
5.21521521522	0.216823371526	0.423330656057	0.640154027582
5.22522522523	0.155036599664	0.306324019607	0.461360619271
5.23523523524	0.092636744022	0.184476806803	0.277113550826
5.24524524525	0.0298705614263	0.0597144648832	0.0895850263095
5.25525525526	-0.0330137426761	-0.0659914936266	-0.0990052363027
5.26526526527	-0.095767495733	-0.190654645033	-0.286422140766
5.27527527528	-0.158142541449	-0.312305044231	-0.470447585681
5.28528528529	-0.219892221108	-0.429020354062	-0.64891257517
5.2952952953	-0.280772348966	-0.53895622236	-0.819728571326
5.30530530531	-0.340542177879	-0.640375426673	-0.980917604552
5.31531531532	-0.398965351315	-0.731675326102	-1.13064067742
5.32532532533	-0.455810838022	-0.811413186463	-1.26722402449
5.33533533534	-0.510853845621	-0.878328978583	-1.3891828242
5.34534534535	-0.56387670954	-0.93136528946	-1.495241999
5.35535535536	-0.614669753754	-0.969684031658	-1.58435378541
5.36536536537	-0.663032119939	-0.992679686884	-1.65571180682
5.37537537538	-0.708772561755	-0.999988874476	-1.70876143623
5.38538538539	-0.751710201118	-0.991496093597	-1.74320629472
5.3953953954	-0.791675243475	-0.967335548397	-1.75901079187
5.40540540541	-0.828509649244	-0.927889027297	-1.75639867654
5.41541541542	-0.862067758776	-0.873779869913	-1.73584762869
5.42542542543	-0.892216868357	-0.805863116958	-1.69807998531
5.43543543544	-0.918837754976	-0.72521199876	-1.64404975374
5.44544544545	-0.941825147789	-0.633100975927	-1.57492612372
5.45545545546	-0.961088144404	-0.530985600129	-1.49207374453
5.46546546547	-0.976550570352	-0.420479513269	-1.39703008362
5.47547547548	-0.988151280311	-0.303328948475	-1.29148022879
5.48548548549	-0.995844399907	-0.181385135873	-1.17722953578
5.4954954955	-0.999599507118	-0.0565750491838	-1.0561745563
5.50550550551	-0.999401752577	0.0691290445948	-0.930272707983
5.51551551552	-0.995251918294	0.193740751237	-0.801511167057
5.52552552553	-0.987166414562	0.315290938575	-0.671875475986
5.53553553554	-0.975177215064	0.431858853013	-0.543318362051
5.54554554555	-0.959331730437	0.541602471548	-0.417729258889
5.55555555556	-0.939692620786	0.642787609687	-0.296905011099
5.56556556557	-0.916337547898	0.733815325277	-0.182522222622
5.57557557558	-0.889358868137	0.813247185224	-0.0761116829134
5.58558558559	-0.85886326722	0.879827995816	0.020964728596
5.5955955956	-0.824971338339	0.93250563748	0.10753429914
5.60560560561	-0.787817105279	0.97044769052	0.182630585241
5.61561561562	-0.747547492428	0.99305458914	0.245507096712
5.62562562563	-0.704321743776	0.999969095868	0.295647352092
5.63563563564	-0.658310793188	0.991081946669	0.332771153482
5.64564564565	-0.609696588459	0.966533577558	0.356836989099
5.65565565566	-0.558671371813	0.926711905405	0.368040533592
5.66566566567	-0.505436919686	0.872246198019	0.366809278333
5.67567567568	-0.450203744818	0.803997130367	0.353793385549
5.68568568569	-0.393190263785	0.723043184062	0.329852920276
5.6956956957	-0.334621933292	0.630663605043	0.29604167175
5.70570570571	-0.274730358608	0.528318188746	0.253587830138
5.71571571572	-0.213752377698	0.417624212206	0.203871834508
5.72572572573	-0.151929124666	0.300330877612	0.148401752946
5.73573573574	-0.0895050761925	0.178291671158	0.0887865949655
5.74574574575	-0.0267270847755	0.0534350739931	0.0267079892176
5.75575575576	0.036156597441	-0.0722659119206	-0.0361093144796
5.76576576577	0.0988973003642	-0.196824941468	-0.0979276411035
5.77577577578	0.161246919305	-0.318273714892	-0.157026795587
5.78578578579	0.222958896095	-0.434693081154	-0.211734185059
5.7957957958	0.283789194086	-0.544243364632	-0.260454170545
5.80580580581	0.343497263182	-0.645193435939	-0.301696172757
5.81581581582	0.401846991078	-0.735948067484	-0.334101076406
5.82582582583	0.458607636956	-0.815073141486	-0.35646550453
5.83583583584	0.513554743939	-0.88131831211	-0.367763568171
5.84584584585	0.566471026685	-0.933636763611	-0.367165736926
5.85585585586	0.617147230641	-0.97120175227	-0.354054521629
5.86586586587	0.665382959521	-0.993419670718	-0.328036711196
5.87587587588	0.710987467765	-0.9999394282	-0.288951960435
5.88588588589	0.753780414831	-0.990657998569	-0.236877583738
5.8958958959	0.793592578344	-0.965722048315	-0.172129469972
5.90590590591	0.830266523272	-0.925525618922	-0.0952590956496
5.91591591592	0.863657224501	-0.870703900165	-0.00704667566387
5.92592592593	0.893632640323	-0.802123192755	0.0915094475684
5.93593593594	0.920074234591	-0.720867218925	0.199207015666
5.94594594595	0.942877445461	-0.628219997296	0.314657448165
5.95595595596	0.96195209888	-0.525645552631	0.436306546248
5.96596596597	0.977222765169	-0.414764781105	0.562457984064
5.97597597598	0.988629057313	-0.297329836667	0.691299220646
5.98598598599	0.996125869751	-0.175196443252	0.820929426499
5.995995996	0.999683556747	-0.0502945703634	0.949388986383
6.00600600601	0.99928804962	0.0754020645824	1.0746901142
6.01601601602	0.994940912384	0.199907185225	1.19484809761
6.02602602603	0.986659335554	0.321253343684	1.30791267924
6.03603603604	0.974476068176	0.437523010457	1.41199907863
6.04604604605	0.958439288315	0.546878875494	1.50531816381
6.05605605606	0.938612412544	0.647592881637	1.58620529418
6.06606606607	0.915073845161	0.738073531632	1.65314737679
6.07607607608	0.887916668148	0.816891037193	1.70480770534
6.08608608609	0.85724827308	0.882799912725	1.7400481858
6.0960960961	0.823189936455	0.934758656667	1.75794859312
6.10610610611	0.785876340107	0.971946209452	1.75782254956
6.11611611612	0.745455038618	0.993774928005	1.73922996662
6.12612612613	0.702085875823	0.999899871767	1.70198574759
6.13613613614	0.655940352709	0.990224253491	1.6461646062
6.14614614615	0.607200949233	0.964900968695	1.57210191793
6.15615615616	0.556060402709	0.924330179577	1.48039058229
6.16616616617	0.502720945639	0.869152991602	1.37187393724
6.17617617618	0.447393505998	0.800241322654	1.24763482865
6.18618618619	0.39029687313	0.718684124869	1.108980998
6.1961961962	0.331656832556	0.625770176852	0.957427009408
6.20620620621	0.27170527312	0.522967718216	0.794672991336
6.21621621622	0.210679269996	0.411901248244	0.62258051824
6.22622622623	0.148820147184	0.294325855319	0.443146002504
6.23623623624	0.0863725232145	0.172099482764	0.258472005979
6.24624624625	0.0235833438109	0.0471535693523	0.0707369131632
6.25625625626	-0.0392990946401	-0.0785374715657	-0.117836566206
6.26626626627	-0.102026126964	-0.202987452027	-0.305013578991
6.27627627628	-0.164349702531	-0.324229795484	-0.488579498016
6.28628628629	-0.22602336616	-0.440348612935	-0.666371979095
6.2962962963	-0.286803232711	-0.549508978071	-0.836312210782
6.30630630631	-0.346448951515	-0.649985923054	-0.996434874568
6.31631631632	-0.404724656828	-0.740191696702	-1.14491635353
6.32632632633	-0.461399900552	-0.818700854366	-1.28010075492
6.33633633634	-0.516250563526	-0.884272783009	-1.40052334653
6.34634634635	-0.569059741792	-0.935871305554	-1.50493104735
6.35635635636	-0.619618604335	-0.972681054703	-1.59229965904
6.36636636637	-0.667727218889	-0.99412035749	-1.66184757638
6.37637637638	-0.713195342561	-0.999850426958	-1.71304576952
6.38638638639	-0.755843174135	-0.989780715724	-1.74562388986
6.3963963964	-0.795502065086	-0.964070346816	-1.7595724119
6.40640640641	-0.832015186492	-0.923125599194	-1.75514078569
6.41641641642	-0.865238149205	-0.867593487668	-1.73283163687
6.42642642643	-0.89503957483	-0.798351538674	-1.6933911135
6.43643643644	-0.921301615256	-0.716493923483	-1.63779553874
6.44644644645	-0.943920418674	-0.623314167938	-1.56723458661
6.45645645646	-0.962806540259	-0.520284711982	-1.48309125224
6.46646646647	-0.977885295874	-0.409033641941	-1.38691893782
6.47647647648	-0.989097057402	-0.291318963276	-1.28041602068
6.48648648649	-0.996397488543	-0.169000820322	-1.16539830886
6.4964964965	-0.999757720139	-0.0440121020224	-1.04376982216
6.50650650651	-0.999164464339	0.0816721018632	-0.917492362476
6.51651651652	-0.99462006714	0.206065711412	-0.788554355728
6.52652652653	-0.986142499113	0.327203040858	-0.658939458255
6.53653653654	-0.973765284338	0.443169860644	-0.530595423694
6.54654654655	-0.957537367837	0.552133646353	-0.405403721484
6.55655655656	-0.937522922021	0.652372536522	-0.285150385499
6.56656656657	-0.913801092924	0.742302541746	-0.171498551178
6.57657657658	-0.886465687226	0.820502575107	-0.065963112119
6.58658658659	-0.855624801299	0.885736908397	0.0301121070975
6.5965965966	-0.821400393745	0.936974699267	0.115574305523
6.60660660661	-0.783927803117	0.973406280756	0.189478477639
6.61661661662	-0.743355212731	0.994455955755	0.251100743024
6.62662662663	-0.699843064686	0.999791094264	0.299948029578
6.63663663664	-0.653563425397	0.989327389653	0.335763964256
6.64664664665	-0.604699305175	0.963230190894	0.358530885718
6.65665665666	-0.55344393452	0.921911889685	0.368467955165
6.66666666667	-0.5	0.866025403784	0.366025403784
6.67667667668	-0.44457884274	0.796453859505	0.351875016765
6.68668668669	-0.387399622686	0.714296636427	0.326897013741
6.6966966967	-0.328688451945	0.620851994843	0.292163542899
6.70670670671	-0.268677500641	0.517596560462	0.248919059821
6.71671671672	-0.207604078809	0.406161990554	0.198557911746
6.72672672673	-0.145709697966	0.288309190272	0.142599492306
6.73673673674	-0.0832391160672	0.165900486569	0.0826613705015
6.74674674675	-0.0204393696219	0.0408701994407	0.0204308298188
6.75675675676	0.0424412031962	-0.0848059244755	-0.0423647212794
6.76676676677	0.10515394459	-0.209141932938	-0.103987988347
6.77677677678	0.167450860443	-0.330173050401	-0.162722189958
6.78678678679	0.229085600998	-0.445986725685	-0.216901124687
6.7967967968	0.289814435034	-0.554752854384	-0.26493841935
6.80680680681	0.349397213688	-0.65475269844	-0.305355484752
6.81681681682	0.407598320109	-0.744406045888	-0.336807725779
6.82682682683	0.464187601196	-0.822296181599	-0.358108580403
6.83683683684	0.518941277722	-0.887192274409	-0.368250996687
6.84684684685	0.571642829258	-0.938068826896	-0.366425997638
6.85685685686	0.622083850393	-0.974121880439	-0.352038030046
6.86686686687	0.670064874858	-0.994781719483	-0.324716844625
6.87687687688	0.715396164307	-0.99972187427	-0.284325709963
6.88688688689	0.757898458629	-0.988864279763	-0.230965821134
6.8968968969	0.797403684817	-0.962380509237	-0.164976824419
6.90690690691	0.833755621609	-0.920689063053	-0.0869334414437
6.91691691692	0.866810517252	-0.86444875546	0.00236176179252
6.92692692693	0.896437657964	-0.794548303912	0.101889354052
6.93693693694	0.922519884832	-0.712092285431	0.210427599401
6.94694694695	0.944954057113	-0.618383681916	0.326570375196
6.95695695696	0.963651460093	-0.514903290241	0.448748169853
6.96696696697	0.978538155914	-0.403286322484	0.57525183343
6.97697697698	0.989555275949	-0.285296566074	0.704258709875
6.98698698699	0.996659253595	-0.162798512165	0.83386074143
6.996996997	0.999821996562	-0.0377278926787	0.962094103884
7.00700700701	0.999030997955	0.0879389084111	1.08696990637
7.01701701702	0.994289385735	0.212216086183	1.20650547192
7.02702702703	0.985615910348	0.333139794742	1.31875570509
7.03703703704	0.97304487058	0.4487991802	1.42184405078
7.04704704705	0.956625977922	0.557366576262	1.51399255418
7.05705705706	0.936424159991	0.657126385269	1.59355054526
7.06706706707	0.912519303774	0.746502188328	1.6590214921
7.07707707708	0.885005939722	0.824081656103	1.70908759583
7.08708708709	0.853992867932	0.888638866652	1.74263173458
7.0970970971	0.819602727906	0.93915367762	1.75875640553
7.10710710711	0.781971513578	0.974827846675	1.75679936025
7.11711711712	0.741248035533	0.99509764545	1.73634568098
7.12712712713	0.697593332546	0.999642767662	1.69723610021
7.13713713714	0.651180034758	0.988391390633	1.63957142539
7.14714714715	0.602191681025	0.961521310247	1.56371299127
7.15715715716	0.550821993122	0.91945713139	1.47027912451
7.16716716717	0.497274109679	0.862863558286	1.36013766796
7.17717717718	0.44175978288	0.792634890742	1.23439467362
7.18718718719	0.384498541105	0.709880892294	1.0943794334
7.1971971972	0.325716820813	0.615909253567	0.94162607438
7.20720720721	0.265647071111	0.512204927953	0.777851999064
7.21721721722	0.204526834549	0.400406666168	0.604933500717
7.22722722723	0.142597807772	0.282281120474	0.424878928246
7.23723723724	0.0801048857378	0.159694927788	0.239799813525
7.24724724725	0.0172951933006	0.0345852128118	0.0518804061124
7.25725725726	-0.0455828920356	-0.0910710226866	-0.136653914722
7.26726726727	-0.10828072231	-0.215288140745	-0.323568863056
7.27727727728	-0.170550362372	-0.336103244542	-0.506653606915
7.28728728729	-0.232145570325	-0.451607196377	-0.683752766702
7.2972972973	-0.292822771277	-0.559974786138	-0.852797557414
7.30730730731	-0.352342020544	-0.659493573536	-1.01183559408
7.31731731732	-0.410467952501	-0.748590948335	-1.15905890084
7.32732732733	-0.466970711319	-0.825858980964	-1.29282969228
7.33733733734	-0.521626859919	-0.890076670822	-1.41170353074
7.34734734735	-0.574220263541	-0.94022924071	-1.51444950425
7.35735735736	-0.624542944437	-0.975524172482	-1.60006711692
7.36736736737	-0.67239590431	-0.995403730534	-1.66779963484
7.37737737738	-0.71758991124	-0.999553775222	-1.71714368646
7.38738738739	-0.759946247989	-0.98790872694	-1.74785497493
7.3973973974	-0.799297418733	-0.960652602422	-1.75995002116
7.40740740741	-0.835487811413	-0.91821610688	-1.75370391829
7.41741741742	-0.868374313094	-0.861269827939	-1.72964414103
7.42742742743	-0.897826875899	-0.790713638915	-1.68854051481
7.43743743744	-0.923729031273	-0.707662478887	-1.63139151016
7.44744744745	-0.945978350556	-0.613428734267	-1.55940708482
7.45745745746	-0.964486850027	-0.509501500284	-1.47398835031
7.46746746747	-0.979181338833	-0.397523050084	-1.37670438892
7.47747747748	-0.990003708422	-0.279262883293	-1.26926659171
7.48748748749	-0.996911162321	-0.156589764129	-1.15350092645
7.4974974975	-0.999876385381	-0.0314421909191	-1.0313185763
7.50750750751	-0.998887651789	0.0942022363276	-0.904685415462
7.51751751752	-0.993948871439	0.218358066245	-0.775590805194
7.52752752753	-0.985079574467	0.339063370495	-0.646016203972
7.53753753754	-0.972314834025	0.454410746445	-0.517904087581
7.54754754755	-0.955705127584	0.562577458218	-0.393127669366
7.55755755756	-0.935316137322	0.66185423983	-0.273461897492
7.56756756757	-0.911228490388	0.750672305253	-0.160556185135
7.57757757758	-0.88353744007	0.827628138603	-0.0559093014677
7.58758758759	-0.852352489117	0.891505672698	0.0391531835812
7.5975975976	-0.817796956717	0.94129550553	0.123498548813
7.60760760761	-0.780007490838	0.976210850974	0.196203360137
7.61761761762	-0.739133527863	0.995699971707	0.256566443844
7.62762762763	-0.69533670165	0.999454897829	0.304118196179
7.63763763764	-0.648790204361	0.987416293457	0.338626089095
7.64764764765	-0.599678101582	0.959774394353	0.360096292771
7.65765765766	-0.548194604445	0.916966001796	0.368771397351
7.66766766767	-0.494543301632	0.859667580181	0.365124278549
7.67767767768	-0.438936354296	0.788784567433	0.349848213136
7.68768768769	-0.381593657079	0.705437067146	0.323843410067
7.6976976977	-0.322741968549	0.610942148545	0.288200179997
7.70770770771	-0.2626140145	0.506793033968	0.244179019468
7.71771771772	-0.20144756765	0.394635502749	0.1931879351
7.72772772773	-0.139484507376	0.276241884379	0.136757377004
7.73773773774	-0.076969863222	0.153483051896	0.0765131886742
7.74774774775	-0.0141508459408	0.0282988580831	0.0141480121424
7.75775775776	0.0487241300892	-0.0973325183683	-0.0486083882791
7.76776776777	0.111406429203	-0.221425832322	-0.110019403118
7.77777777778	0.173648177667	-0.342020143326	-0.168371965659
7.78778778779	0.235203243879	-0.457209802679	-0.2220065588
7.7977977978	0.295828211688	-0.565174566765	-0.269346355078
7.80780780781	0.355283342961	-0.664208360806	-0.308925017844
7.81781781782	0.413333525626	-0.752746238498	-0.339412712872
7.82782782783	0.469749203398	-0.829389111525	-0.359639908127
7.83783783784	0.524307283557	-0.89292585815	-0.368618574592
7.84784784785	0.576792019149	-0.942352461534	-0.365560442385
7.85785785786	0.626995862148	-0.976887875361	-0.349892013213
7.86786786787	0.674720284195	-0.995986366039	-0.321266081844
7.87787787788	0.719776561664	-0.999346136462	-0.279569574798
7.88788788789	0.761986521963	-0.986914095053	-0.224927573091
7.8978978979	0.801183248104	-0.958886694725	-0.15770344662
7.90790790791	0.837211738773	-0.9157068285	-0.0784950897275
7.91791791792	0.869929521266	-0.858056830856	0.0118726904099
7.92792792793	0.899207214896	-0.786847695372	0.112359519524
7.93793793794	0.92492904262	-0.703204679081	0.22172436354
7.94794794795	0.946993288874	-0.608449520994	0.338543767879
7.95795795796	0.965312701797	-0.504079555791	0.461233146006
7.96796796797	0.979814838271	-0.39174405272	0.58807078555
7.97797797798	0.990442350387	-0.273218153608	0.717224196778
7.98798798799	0.997153212228	-0.150374821814	0.846778390414
7.997997998	0.999920886057	-0.0251552453894	0.974765640668
8.00800800801	0.998734427259	0.100461837852	1.09919626511
8.01801801802	0.99359852762	0.224491408638	1.21808993626
8.02802802803	0.984533496775	0.344973533795	1.32950703057
8.03803803804	0.971575181895	0.460004337399	1.43157951929
8.04804804805	0.954774825929	0.567766086095	1.52254091202
8.05805805806	0.934198864969	0.666555913182	1.60075477815
8.06806806807	0.909928665531	0.754812727561	1.66474139309
8.07807807808	0.882060202795	0.831141882316	1.71320208511
8.08808808809	0.850703681078	0.894337213131	1.74504089421
8.0980980981	0.815983098035	0.943400098272	1.75938319631
8.10810810811	0.778035754318	0.977555238948	1.75559099327
8.11811811812	0.737011710631	0.996262910699	1.73327462133
8.12812812813	0.693073194316	0.999227492196	1.69230068651
8.13813813814	0.646393957842	0.986402136696	1.63279609454
8.14814814815	0.597158591703	0.957989512315	1.55514810402
8.15815815816	0.54556179447	0.914438599445	1.46000039392
8.16816816817	0.491807602866	0.856437595893	1.34824519876
8.17817817818	0.436108584911	0.784903041886	1.2210116268
8.18818818819	0.378684999333	0.700965336768	1.0796503361
8.1981981982	0.319763924571	0.605950876264	0.925714800835
8.20820820821	0.259578360804	0.501361092588	0.760939453391
8.21821821822	0.198366308561	0.388848728591	0.587215037152
8.22822822823	0.136369827566	0.270191720884	0.40656154845
8.23823823824	0.0738340795231	0.14726510462	0.221099184143
8.24824824825	0.0110063586381	0.0220113839262	0.0330177425643
8.25825825826	-0.0518648862921	-0.103590163832	-0.155455050124
8.26826826827	-0.114531034357	-0.227554764876	-0.342085799233
8.27827827828	-0.176744275691	-0.347923512694	-0.524667788385
8.28828828829	-0.238258591423	-0.462794322967	-0.70105291439
8.2982982983	-0.298830726545	-0.570351990578	-0.869182717123
8.30830830831	-0.358221151852	-0.668896873744	-1.0271180256
8.31831831832	-0.416195011144	-0.756871752005	-1.17306676315
8.32832832833	-0.472523049956	-0.832886433641	-1.3054094836
8.33833833834	-0.526982522129	-0.895739723685	-1.42272224581
8.34834834835	-0.57935807065	-0.944438405381	-1.52379647603
8.35835835836	-0.629442579268	-0.978212935133	-1.6076555144
8.36836836837	-0.677037991524	-0.99652960295	-1.67356759447
8.37837837838	-0.721956093955	-0.999098966205	-1.72105506016
8.38838838839	-0.764019260373	-0.985880423447	-1.74989968382
8.3983983984	-0.803061154282	-0.957082855998	-1.76014401028
8.40840840841	-0.83892738664	-0.913161327173	-1.75208871381
8.41841841842	-0.871476126386	-0.854809891307	-1.72628601769
8.42842842843	-0.900578661304	-0.782950626208	-1.68352928751
8.43843843844	-0.926119907006	-0.698719062352	-1.62483896936
8.44844844845	-0.947998862029	-0.603446239063	-1.55144510109
8.45845845846	-0.966129007238	-0.498637671241	-1.46476667848
8.46846846847	-0.980438647961	-0.385949558995	-1.36638820696
8.47847847848	-0.990871197506	-0.267162616135	-1.25803381364
8.48848848849	-0.997385400923	-0.144153931068	-1.14153933199
8.4984984985	-0.99995549815	-0.0188673047845	-1.01882280293
8.50850850851	-0.998571325879	0.106717465371	-0.891853860507
8.51851851852	-0.993238357742	0.230615870742	-0.762622486999
8.52852852853	-0.983977682672	0.350870050851	-0.63310763182
8.53853853854	-0.970825921502	0.465579731794	-0.505246189708
8.54854854855	-0.953835082157	0.572932254642	-0.380902827515
8.55855855856	-0.933072353983	0.671231219341	-0.261841134642
8.56856856857	-0.908619842057	0.758923291468	-0.149696550588
8.57857857858	-0.880574242504	0.834622748248	-0.045951494256
8.58858858859	-0.849046460119	0.897133375942	0.0480869158236
8.5985985986	-0.814161169798	0.945467372594	0.131306202796
8.60860860861	-0.77605632352	0.978860957414	0.202804633894
8.61861861862	-0.734882604821	0.996786440157	0.261903835336
8.62862862863	-0.690802832929	0.998960559759	0.30815772683
8.63863863864	-0.643991318896	0.985348960468	0.341357641571
8.64864864865	-0.594633176304	0.956166734739	0.361533558435
8.65865865866	-0.542923589236	0.911875024315	0.368951435079
8.66866866867	-0.489067040436	0.853173733193	0.364106692758
8.67867867868	-0.433276502688	0.780990467646	0.347713964958
8.68868868869	-0.375772596633	0.696465878049	0.320693281416
8.6986986987	-0.316782718332	0.600935634163	0.284152915831
8.70870870871	-0.256540140042	0.495909318684	0.239369178642
8.71871871872	-0.195283087756	0.383046572603	0.187763484847
8.72872872873	-0.133253799146	0.264130869317	0.130877070171
8.73873873874	-0.070697565652	0.141041331925	0.0703437662729
8.74874874875	-0.00786176248947	0.015723039057	0.00786127656757
8.75875875876	0.0550051295842	-0.109843711543	-0.0548385819583
8.76876876877	0.117654506872	-0.233674695964	-0.116020189092
8.77877877878	0.179838625827	-0.353813119126	-0.1739744933
8.78878878879	0.241311582741	-0.468360536333	-0.227048953592
8.7987987988	0.301830286157	-0.57550685277	-0.273676566613
8.80880880881	0.361155418163	-0.673558926887	-0.312403508724
8.81881881882	0.419052380758	-0.760967325662	-0.341914944903
8.82882882883	0.475292223561	-0.836350808966	-0.361058585405
8.83883883884	0.529652549179	-0.89851815612	-0.368865606941
8.84884884885	0.581918392668	-0.946486989735	-0.364568597067
8.85885885886	0.6318830716	-0.979499299381	-0.347616227781
8.86886886887	0.679349003377	-0.997033419779	-0.317684416402
8.87887887888	0.724128486558	-0.998812274227	-0.274683787669
8.88888888889	0.766044443119	-0.984807753012	-0.218763309893
8.8988988989	0.804931118695	-0.955241157598	-0.150310038903
8.90890890891	0.840634738048	-0.910579703592	-0.0699449655441
8.91891891892	0.873014113161	-0.851529137733	0.0214849754279
8.92892892893	0.901941201561	-0.779022585583	0.122918615978
8.93893893894	0.927301612655	-0.694205806141	0.233095806514
8.94894894895	0.948995060078	-0.598419086391	0.350575973687
8.95895895896	0.966935758276	-0.493176061899	0.473759696377
8.96896896897	0.981052761736	-0.380139798124	0.600912963613
8.97897897898	0.991290245538	-0.261096510412	0.730193735126
8.98898898899	0.99760772611	-0.137927337973	0.859680388137
8.998998999	0.999980221319	-0.0125786178387	0.98740160348
9.00900900901	0.998398349262	0.112968871429	1.11136722069
9.01901901902	0.992868365367	0.236731210292	1.22959957566
9.02902902903	0.983412137654	0.356752688414	1.34016482607
9.03903903904	0.970067060258	0.471136709083	1.44120376934
9.04904904905	0.952885905561	0.5780757595	1.53096166506
9.05905905906	0.931936615503	0.675879973363	1.60781658887
9.06906906907	0.907302032909	0.763003834372	1.67030586728
9.07907907908	0.879079573893	0.838070598705	1.7171501726
9.08908908909	0.847380842629	0.899894050523	1.74727489315
9.0990990991	0.812331190024	0.94749724672	1.75982843674
9.10910910911	0.774069218016	0.980127954722	1.75419717274
9.11911911912	0.732746231489	0.997270539373	1.73001677086
9.12912912913	0.688525639939	0.998654111076	1.68717975102
9.13913913914	0.641582311285	0.984256806433	1.62583911772
9.14914914915	0.592101880361	0.954306133729	1.54640801409
9.15915915916	0.540280014833	0.909275377814	1.44955539265
9.16916916917	0.486321641442	0.849876121191	1.33619776263
9.17917917918	0.430440135636	0.777046999482	1.20748713512
9.18918918919	0.37285647778	0.691938868978	1.06479534676
9.1991991992	0.313798379312	0.595896620634	0.909694999946
9.20920920921	0.253499382261	0.490437927916	0.743937310178
9.21921921922	0.192197935725	0.377229264303	0.569427200027
9.22922922923	0.13013645293	0.258059569429	0.388196022359
9.23923923924	0.0675603526269	0.134811980007	0.202372332633
9.24924924925	0.00471708859304	0.0094340722259	0.0141511608189
9.25925925926	-0.0581448289105	-0.116092914125	-0.174237743036
9.26926926927	-0.120776815858	-0.239785383498	-0.360562199356
9.27927927928	-0.182931197472	-0.359688729645	-0.542619927117
9.28928928929	-0.24436218764	-0.47390822259	-0.71827041023
9.2992992993	-0.304826860859	-0.580638949429	-0.885465810288
9.30930930931	-0.364086112876	-0.678194335815	-1.04228044869
9.31931931932	-0.421905606211	-0.765032797458	-1.18693840367
9.32932932933	-0.478056696828	-0.839782100459	-1.31783879729
9.33933933934	-0.532317338301	-0.901261045546	-1.43357838385
9.34934934935	-0.584472959883	-0.94849813356	-1.53297109344
9.35935935936	-0.634317315011	-0.98074691722	-1.61506423223
9.36936936937	-0.6816532969	-0.997497796594	-1.67915109349
9.37937937938	-0.72629371799	-0.998486071871	-1.72477978986
9.38938938939	-0.768062050171	-0.98369612618	-1.75175817635
9.3993993994	-0.80679312285	-0.953361672377	-1.76015479523
9.40940940941	-0.842333776112	-0.90796205988	-1.75029583599
9.41941941942	-0.874543466381	-0.848214699913	-1.72275816629
9.42942942943	-0.903294822193	-0.77506372888	-1.67835855107
9.43943943944	-0.928474147879	-0.689665088978	-1.61813923686
9.44944944945	-0.949981873168	-0.593368261838	-1.54335013501
9.45945945946	-0.967732946933	-0.487694943814	-1.45542789075
9.46946946947	-0.981657173522	-0.374314999924	-1.35597217345
9.47947947948	-0.991699490339	-0.2550200764	-1.24671956674
9.48948948949	-0.997820185589	-0.131695288836	-1.12951547442
9.4994994995	-0.999995055317	-0.00628943331607	-1.00628448863
9.50950950951	-0.99821549912	0.119215808736	-0.878999690384
9.51951951952	-0.992488554155	0.242837185379	-0.749651368777
9.52952952953	-0.982836867314	0.362621213782	-0.620215653532
9.53953953954	-0.969298605666	0.476675049446	-0.49262355622
9.54954954955	-0.951927305529	0.583196397206	-0.368730908323
9.55955955956	-0.930791660762	0.680501991355	-0.250289669407
9.56956956957	-0.90597525112	0.767054194856	-0.138921056265
9.57957957958	-0.877576211743	0.8414852973	-0.0360909144425
9.58958958959	-0.845706845082	0.902619127669	0.0569122825875
9.5995995996	-0.81049317681	0.949489640355	0.138996463545
9.60960960961	-0.77207445746	0.981356180754	0.209281723293
9.61961961962	-0.730602611762	0.997715189196	0.267112577434
9.62962962963	-0.686241637869	0.998308158271	0.312066520403
9.63963963964	-0.639166958833	0.983125717796	0.343958758963
9.64964964965	-0.589564728906	0.952407782884	0.362843053978
9.65965965966	-0.537631097403	0.906639762777	0.369008665374
9.66966966967	-0.483571433037	0.84654489033	0.362973457293
9.67967967968	-0.427599511804	0.773072793389	0.345473281585
9.68968968969	-0.369936671614	0.687384488629	0.317447817015
9.6996996997	-0.310810937026	0.590834035006	0.28002309798
9.70970970971	-0.250456117533	0.484947136717	0.234491019185
9.71971971972	-0.189110882978	0.371397033808	0.18228615083
9.72972972973	-0.127017819747	0.251978061385	0.124960241638
9.73973973974	-0.0644224714728	0.128577295282	0.0641548238091
9.74974974975	-0.00157236804759	0.00314473220775	0.00157236416016
9.75975975976	0.0612839532213	-0.122337524378	-0.0610535711571
9.76976976977	0.123897930438	-0.245886585754	-0.121988655315
9.77977977978	0.186021960045	-0.365550111825	-0.179528151781
9.78978978979	0.247410375952	-0.479437162289	-0.232026786337
9.7997997998	0.307820421017	-0.585748077542	-0.277927656525
9.80980980981	0.367013207009	-0.682802917163	-0.315789710154
9.81981981982	0.424754659284	-0.769068006574	-0.34431334729
9.82982982983	0.480816442417	-0.843180172386	-0.362363729969
9.83983983984	0.534976863143	-0.903968283462	-0.368991420319
9.84984984985	0.587021747031	-0.9504717573	-0.363450010269
9.85985985986	0.636745285425	-0.981955739298	-0.345210453872
9.86986986987	0.683950849304	-0.997922715028	-0.313971865724
9.87987987988	0.728451766839	-0.998120372038	-0.269668605199
9.88988988989	0.770072061578	-0.982545586923	-0.212473525345
9.8998998999	0.808647148334	-0.951444474683	-0.142797326349
9.90990990991	0.84402448403	-0.905308499583	-0.0612840155527
9.91991991992	0.876064170921	-0.844866708956	0.0311974619651
9.92992992993	0.904639509812	-0.771074212699	0.133565297113
9.93993993994	0.929637501083	-0.685097090484	0.244540410599
9.94994994995	0.95095929154	-0.588293965201	0.36266532634
9.95995995996	0.968520565327	-0.482194533802	0.486326031525
9.96996996997	0.982251877342	-0.36847539481	0.613776482531
9.97997997998	0.992098927861	-0.248933554467	0.743165373394
9.98998998999	0.99802277726	-0.12545803018	0.87256474708
10.0	1.0	-4.89858719659e-15	1.0
