System params: f_X=1.01, f_Y=0.9, A_X=1, A_Y=0.5, phi=0, dt=0.01, N=1000

t	X	Y	Z
0.0	1.0	0.0	1.0
0.01001001001	0.997983048448	0.0565750491838	1.05455809763
0.02002002002	0.991940329981	0.112968871429	1.10490920141
0.03003003003	0.981896220337	0.169000820322	1.15089704066
0.04004004004	0.967891236484	0.224491408638	1.19238264512
0.0500500500501	0.949981873168	0.279262883293	1.22924475646
0.0600600600601	0.928240375026	0.333139794742	1.26138016977
0.0700700700701	0.902754445154	0.385949558995	1.28870400415
0.0800800800801	0.873626891325	0.437523010457	1.31114990178
0.0900900900901	0.840975211267	0.487694943814	1.32867015508
0.1001001001	0.804931118695	0.536304643237	1.34123576193
0.11011011011	0.765640011986	0.583196397206	1.34883640919
0.12012012012	0.723260387656	0.628219997296	1.35148038495
0.13013013013	0.677963201003	0.671231219341	1.34919442034
0.14014014014	0.629931176491	0.712092285431	1.34202346192
0.15015015015	0.57935807065	0.750672305253	1.3300303759
0.16016016016	0.526447890491	0.786847695372	1.31329558586
0.17017017017	0.471414070552	0.820502575107	1.29191664566
0.18018018018	0.414478611932	0.851529137733	1.26600774966
0.19019019019	0.355871186752	0.879827995816	1.23569918257
0.2002002002	0.295828211688	0.905308499583	1.20113671127
0.21021021021	0.234591894282	0.927889027297	1.16248092158
0.22022022022	0.172409255906	0.94749724672	1.11990650263
0.23023023023	0.109531135298	0.964070346816	1.07360148211
0.24024024024	0.0462111767033	0.977555238948	1.02376641565
0.25025025025	-0.0172951933006	0.98790872694	0.97061353364
0.26026026026	-0.0807317961706	0.99509764545	0.91436584928
0.27027027027	-0.143842734797	0.999098966205	0.855256231407
0.28028028028	-0.20637342577	0.999899871767	0.793526445997
0.29029029029	-0.26807162634	0.997497796594	0.729426170254
0.3003003003	-0.328688451945	0.991900435259	0.663211983314
0.31031031031	-0.387979380183	0.983125717796	0.595146337613
0.32032032032	-0.445705237195	0.97120175227	0.525496515075
0.33033033033	-0.501633162468	0.956166734739	0.454533572271
0.34034034034	-0.555537548171	0.938068826896	0.382531278726
0.35035035035	-0.607200949233	0.916966001796	0.309765052563
0.36036036036	-0.656414960503	0.89292585815	0.236510897647
0.37037037037	-0.702981057426	0.866025403784	0.163044346359
0.38038038038	-0.74671139688	0.836350808966	0.0896394120862
0.39039039039	-0.787429574912	0.803997130367	0.0165675554545
0.4004004004	-0.824971338339	0.769068006574	-0.0559033317651
0.41041041041	-0.859185247325	0.731675326102	-0.127509921223
0.42042042042	-0.889933286274	0.691938868978	-0.197994417297
0.43043043043	-0.917091420579	0.649985923054	-0.267105497525
0.44044044044	-0.940550096956	0.605950876264	-0.334599220692
0.45045045045	-0.960214685378	0.559974786138	-0.40023989924
0.46046046046	-0.976005860801	0.512204927953	-0.463800932847
0.47047047047	-0.987859923153	0.462794322967	-0.525065600185
0.48048048048	-0.995729054295	0.411901248244	-0.583827806051
0.49049049049	-0.999581510916	0.359688729645	-0.639892781271
0.500500500501	-0.999401752577	0.306324019607	-0.693077732971
0.510510510511	-0.995190504408	0.251978061385	-0.743212443023
0.520520520521	-0.986964754174	0.196824941468	-0.790139812706
0.530530530531	-0.974757683756	0.141041331925	-0.833716351831
0.540540540541	-0.958618535292	0.0848059244755	-0.873812610816
0.550550550551	-0.938612412544	0.0282988580831	-0.910313554461
0.560560560561	-0.914820018272	-0.0282988580831	-0.943118876355
0.570570570571	-0.887337328689	-0.0848059244755	-0.972143253165
0.580580580581	-0.856275206303	-0.141041331925	-0.997316538228
0.590590590591	-0.821758952704	-0.196824941468	-1.01858389417
0.600600600601	-0.783927803117	-0.251978061385	-1.0359058645
0.610610610611	-0.742934364731	-0.306324019607	-1.04925838434
0.620620620621	-0.698944001106	-0.359688729645	-1.05863273075
0.630630630631	-0.652134165106	-0.411901248244	-1.06403541335
0.640640640641	-0.602693683073	-0.462794322967	-1.06548800604
0.650650650651	-0.550821993122	-0.512204927953	-1.06302692108
0.660660660661	-0.496728340624	-0.559974786138	-1.05670312676
0.670670670671	-0.440630934131	-0.605950876264	-1.04658181039
0.680680680681	-0.382756065145	-0.649985923054	-1.0327419882
0.690690690691	-0.32333719528	-0.691938868978	-1.01527606426
0.700700700701	-0.2626140145	-0.731675326102	-0.994289340602
0.710710710711	-0.200831474232	-0.769068006574	-0.969899480806
0.720720720721	-0.138238799257	-0.803997130367	-0.942235929624
0.730730730731	-0.0750884823601	-0.836350808966	-0.911439291326
0.740740740741	-0.0116352658014	-0.866025403784	-0.877660669586
0.750750750751	0.0518648862921	-0.89292585815	-0.841060971857
0.760760760761	0.11515582046	-0.916966001796	-0.801810181336
0.770770770771	0.177982227206	-0.938068826896	-0.76008659969
0.780780780781	0.240090670894	-0.956166734739	-0.716076063846
0.790790790791	0.301230612079	-0.97120175227	-0.669971140192
0.800800800801	0.361155418163	-0.983125717796	-0.621970299633
0.810810810811	0.419623358285	-0.991900435259	-0.572277076974
0.820820820821	0.47639857844	-0.997497796594	-0.521099218154
0.830830830831	0.531252052891	-0.999899871767	-0.468647818875
0.840840840841	0.583962508038	-0.999098966205	-0.415136458167
0.850850850851	0.634317315011	-0.99509764545	-0.36078033044
0.860860860861	0.682113347398	-0.98790872694	-0.305795379542
0.870870870871	0.727157800636	-0.977555238948	-0.250397438311
0.880880880881	0.769268969766	-0.964070346816	-0.19480137705
0.890890890891	0.808276982412	-0.94749724672	-0.139220264308
0.900900900901	0.84402448403	-0.927889027297	-0.0838645432666
0.910910910911	0.876367272662	-0.905308499583	-0.0289412269201
0.920920920921	0.905174880634	-0.879827995816	0.0253468848178
0.930930930931	0.930331100846	-0.851529137733	0.0788019631126
0.940940940941	0.951734455543	-0.820502575107	0.131231880436
0.950950950951	0.969298605666	-0.786847695372	0.182450910295
0.960960960961	0.982952699136	-0.750672305253	0.232280393883
0.970970970971	0.992641656662	-0.712092285431	0.280549371231
0.980980980981	0.99832639393	-0.671231219341	0.327095174589
0.990990990991	0.999983979258	-0.628219997296	0.371763981962
1.001001001	0.99760772611	-0.583196397206	0.414411328903
1.01101101101	0.991207220059	-0.536304643237	0.454902576821
1.02102102102	0.980808280127	-0.487694943814	0.493113336313
1.03103103103	0.96645285463	-0.437523010457	0.528929844173
1.04104104104	0.948198851964	-0.385949558995	0.562249292969
1.05105105105	0.926119907006	-0.333139794742	0.592980112264
1.06106106106	0.900305084082	-0.279262883293	0.621042200789
1.07107107107	0.870858517685	-0.224491408638	0.646367109047
1.08108108108	0.837898992411	-0.169000820322	0.668898172089
1.09109109109	0.801559463791	-0.112968871429	0.688590592362
1.1011011011	0.761986521963	-0.0565750491838	0.705411472779
1.11111111111	0.719339800339	-2.44929359829e-16	0.719339800339
1.12112112112	0.673791331662	0.0565750491838	0.730366380846
1.13113113113	0.625524854041	0.112968871429	0.73849372547
1.14114114114	0.574735069771	0.169000820322	0.743735890093
1.15115115115	0.521626859919	0.224491408638	0.746118268556
1.16116116116	0.466414457858	0.279262883293	0.745677341151
1.17117117117	0.409320585068	0.333139794742	0.74246037981
1.18118118118	0.3505755527	0.385949558995	0.736525111695
1.19119119119	0.290416332522	0.437523010457	0.727939342978
1.2012012012	0.229085600998	0.487694943814	0.716780544812
1.21121121121	0.166830760358	0.536304643237	0.703135403596
1.22122122122	0.103902940596	0.583196397206	0.687099337803
1.23123123123	0.0405559864399	0.628219997296	0.668775983736
1.24124124124	-0.0229545666361	0.671231219341	0.648276652705
1.25125125125	-0.0863725232145	0.712092285431	0.625719762216
1.26126126126	-0.149442061404	0.750672305253	0.601230243849
1.27127127127	-0.211908764797	0.786847695372	0.574938930574
1.28128128128	-0.273520648767	0.820502575107	0.54698192634
1.29129129129	-0.334029176943	0.851529137733	0.51749996079
1.3013013013	-0.393190263785	0.879827995816	0.486637732031
1.31131131131	-0.450765259203	0.905308499583	0.45454324038
1.32132132132	-0.506521911242	0.927889027297	0.421367116055
1.33133133133	-0.560235302972	0.94749724672	0.387261943749
1.34134134134	-0.611688759774	0.964070346816	0.352381587042
1.35135135135	-0.66067472339	0.977555238948	0.316880515558
1.36136136136	-0.706995589189	0.98790872694	0.280913137751
1.37137137137	-0.750464503287	0.99509764545	0.244633142163
1.38138138138	-0.790906116296	0.999098966205	0.208192849908
1.39139139139	-0.828157290669	0.999899871767	0.171742581098
1.4014014014	-0.862067758776	0.997497796594	0.135430037818
1.41141141141	-0.892500729076	0.991900435259	0.0993997061827
1.42142142142	-0.919333437916	0.983125717796	0.0637922798802
1.43143143143	-0.942457644747	0.97120175227	0.0287441075236
1.44144144144	-0.96178006876	0.956166734739	-0.00561333402086
1.45145145145	-0.977222765169	0.938068826896	-0.0391539382733
1.46146146146	-0.988723439634	0.916966001796	-0.0717574378377
1.47147147147	-0.996235699547	0.89292585815	-0.103309841397
1.48148148148	-0.999729241179	0.866025403784	-0.133703837395
1.49149149149	-0.999189971924	0.836350808966	-0.162839162958
1.5015015015	-0.99462006714	0.803997130367	-0.190622936773
1.51151151151	-0.98603796138	0.769068006574	-0.216969954806
1.52152152152	-0.973478274028	0.731675326102	-0.241802947927
1.53153153153	-0.956991669646	0.691938868978	-0.265052800668
1.54154154154	-0.936644653598	0.649985923054	-0.286658730544
1.55155155155	-0.912519303774	0.605950876264	-0.306568427511
1.56156156156	-0.8847129395	0.559974786138	-0.324738153362
1.57157157157	-0.853337728953	0.512204927953	-0.341132801
1.58158158158	-0.818520236693	0.462794322967	-0.355725913726
1.59159159159	-0.780400913111	0.411901248244	-0.368499664867
1.6016016016	-0.739133527863	0.359688729645	-0.379444798218
1.61161161161	-0.694884549583	0.306324019607	-0.388560529977
1.62162162162	-0.647832474363	0.251978061385	-0.395854412978
1.63163163163	-0.598167105713	0.196824941468	-0.401342164246
1.64164164164	-0.54608878892	0.141041331925	-0.405047456995
1.65165165165	-0.491807602866	0.0848059244755	-0.407001678391
1.66166166166	-0.435542512597	0.0282988580831	-0.407243654514
1.67167167167	-0.377520486035	-0.0282988580831	-0.405819344118
1.68168168168	-0.317975578413	-0.0848059244755	-0.402781502888
1.69169169169	-0.257147988118	-0.141041331925	-0.398189320043
1.7017017017	-0.195283087756	-0.196824941468	-0.392108029223
1.71171171171	-0.13263043434	-0.251978061385	-0.384608495725
1.72172172172	-0.0694427626032	-0.306324019607	-0.37576678221
1.73173173173	-0.00597496549104	-0.359688729645	-0.365663695136
1.74174174174	0.0575169340529	-0.411901248244	-0.354384314191
1.75175175175	0.120776815858	-0.462794322967	-0.342017507109
1.76176176176	0.183549495691	-0.512204927953	-0.328655432262
1.77177177177	0.245581754644	-0.559974786138	-0.314393031494
1.78178178178	0.306623360594	-0.605950876264	-0.299327515669
1.79179179179	0.366428077619	-0.649985923054	-0.283557845435
1.8018018018	0.424754659284	-0.691938868978	-0.267184209693
1.81181181181	0.481367821811	-0.731675326102	-0.250307504291
1.82182182182	0.536039193188	-0.769068006574	-0.233028813387
1.83183183183	0.5885482344	-0.803997130367	-0.215448895967
1.84184184184	0.638683129062	-0.836350808966	-0.197667679903
1.85185185185	0.686241637869	-0.866025403784	-0.179783765916
1.86186186186	0.731031914402	-0.89292585815	-0.161893943747
1.87187187187	0.772873279028	-0.916966001796	-0.144092722768
1.88188188188	0.811596947735	-0.938068826896	-0.126471879161
1.89189189189	0.847046712996	-0.956166734739	-0.109120021743
1.9019019019	0.879079573893	-0.97120175227	-0.0921221783777
1.91191191191	0.907566312968	-0.983125717796	-0.0755594048276
1.92192192192	0.932392017477	-0.991900435259	-0.0595084177815
1.93193193193	0.953456542934	-0.997497796594	-0.0440412536607
1.94194194194	0.970674917083	-0.999899871767	-0.0292249546839
1.95195195195	0.983977682672	-0.999098966205	-0.0151212835331
1.96196196196	0.993311177633	-0.99509764545	-0.00178646781765
1.97197197197	0.998637751552	-0.98790872694	0.0107290246115
1.98198198198	0.999935917546	-0.977555238948	0.022380678598
1.99199199199	0.997200438939	-0.964070346816	0.0331300921227
2.002002002	0.990442350387	-0.94749724672	0.0429451036664
2.01201201201	0.979688913364	-0.927889027297	0.0517998860674
2.02202202202	0.964983506193	-0.905308499583	0.0596750066105
2.03203203203	0.946385449062	-0.879827995816	0.0665574532457
2.04204204204	0.923969764731	-0.851529137733	0.0724406269979
2.05205205205	0.897826875899	-0.820502575107	0.0773243007919
2.06206206206	0.868062240446	-0.786847695372	0.0812145450743
2.07207207207	0.834795926027	-0.750672305253	0.0841236207745
2.08208208208	0.798162125732	-0.712092285431	0.0860698403009
2.09209209209	0.758308616761	-0.671231219341	0.0870773974199
2.1021021021	0.715396164307	-0.628219997296	0.0871761670115
2.11211211211	0.669597873046	-0.583196397206	0.08640147584
2.12212212212	0.621098488847	-0.536304643237	0.08479384561
2.13213213213	0.570093653527	-0.487694943814	0.0823987097133
2.14214214214	0.516789115648	-0.437523010457	0.0792661051914
2.15215215215	0.461399900552	-0.385949558995	0.075450341557
2.16216216216	0.404149442966	-0.333139794742	0.0710096482236
2.17217217217	0.345268685687	-0.279262883293	0.066005802394
2.18218218218	0.284995147985	-0.224491408638	0.0605037393477
2.19219219219	0.223571967472	-0.169000820322	0.0545711471501
2.2022022022	0.161246919305	-0.112968871429	0.0482780478761
2.21221221221	0.0982714166902	-0.0565750491838	0.0416963675064
2.22222222222	0.0348994967025	-4.89858719659e-16	0.0348994967025
2.23223223223	-0.0286132044732	0.0565750491838	0.0279618447105
2.24224224224	-0.0920104827547	0.112968871429	0.0209583886744
2.25225225225	-0.155036599664	0.169000820322	0.0139642206577
2.26226226226	-0.217437313953	0.224491408638	0.00705409468437
2.27227227227	-0.278960907187	0.279262883293	0.000301976106146
2.28228228228	-0.339359199151	0.333139794742	-0.00621940440891
2.29229229229	-0.398388548989	0.385949558995	-0.0124389899933
2.3023023023	-0.455810838022	0.437523010457	-0.0182878275654
2.31231231231	-0.511394430302	0.487694943814	-0.0236994864883
2.32232232232	-0.564915107002	0.536304643237	-0.0286104637648
2.33233233233	-0.616156970899	0.583196397206	-0.0329605736929
2.34234234234	-0.664913317279	0.628219997296	-0.0366933199835
2.35235235235	-0.710987467765	0.671231219341	-0.0397562484242
2.36236236236	-0.754193563698	0.712092285431	-0.0421012782675
2.37237237237	-0.794357315875	0.750672305253	-0.0436850106221
2.38238238238	-0.831316707609	0.786847695372	-0.0444690122379
2.39239239239	-0.864922648297	0.820502575107	-0.0444200731904
2.4024024024	-0.89503957483	0.851529137733	-0.0435104370972
2.41241241241	-0.921545998445	0.879827995816	-0.0417180026285
2.42242242242	-0.944334994797	0.905308499583	-0.0390264952139
2.43243243243	-0.963314635282	0.927889027297	-0.0354256079855
2.44244244244	-0.978408357871	0.94749724672	-0.0309111111504
2.45245245245	-0.989555275949	0.964070346816	-0.0254849291324
2.46246246246	-0.996710423928	0.977555238948	-0.0191551849801
2.47247247247	-0.999844938635	0.98790872694	-0.0119362116946
2.48248248248	-0.998946175741	0.99509764545	-0.00384853029083
2.49249249249	-0.994017760769	0.999098966205	0.00508120543563
2.5025025025	-0.985079574467	0.999899871767	0.0148202972996
2.51251251251	-0.972167672613	0.997497796594	0.0253301239817
2.52252252252	-0.955334140567	0.991900435259	0.0365662946919
2.53253253253	-0.934646883167	0.983125717796	0.0484788346289
2.54254254254	-0.910189350804	0.97120175227	0.0610124014662
2.55255255255	-0.882060202795	0.956166734739	0.0741065319444
2.56256256256	-0.850372909396	0.938068826896	0.0876959175001
2.57257257257	-0.815255294079	0.916966001796	0.101710707717
2.58258258258	-0.776849017902	0.89292585815	0.116076840248
2.59259259259	-0.73530900806	0.866025403784	0.130716395725
2.6026026026	-0.690802832929	0.836350808966	0.145547976037
2.61261261261	-0.643510026106	0.803997130367	0.160487104261
2.62262262262	-0.593621362192	0.769068006574	0.175446644382
2.63263263263	-0.541338087223	0.731675326102	0.190337238879
2.64264264264	-0.486871106864	0.691938868978	0.205067762114
2.65265265265	-0.430440135636	0.649985923054	0.219545787418
2.66266266266	-0.372272810609	0.605950876264	0.233678065655
2.67267267267	-0.312603773136	0.559974786138	0.247371013002
2.68268268268	-0.251673722332	0.512204927953	0.260531205621
2.69269269269	-0.189728444119	0.462794322967	0.273065878848
2.7027027027	-0.127017819747	0.411901248244	0.284883428497
2.71271271271	-0.0637948177971	0.359688729645	0.295893911847
2.72272272272	-0.000314473733918	0.306324019607	0.306009545873
2.73273273273	0.0631671388859	0.251978061385	0.315145200271
2.74274274274	0.126393941388	0.196824941468	0.323218882856
2.75275275275	0.189110882978	0.141041331925	0.330152214903
2.76276276276	0.25106496959	0.0848059244755	0.335870894066
2.77277277277	0.312006284442	0.0282988580831	0.340305142525
2.78278278278	0.371688996175	-0.0282988580831	0.343390138092
2.79279279279	0.429872350513	-0.0848059244755	0.345066426038
2.8028028028	0.486321641442	-0.141041331925	0.345280309518
2.81281281281	0.540809157993	-0.196824941468	0.343984216525
2.82282282282	0.593115102803	-0.251978061385	0.341137041418
2.83283283283	0.643028478759	-0.306324019607	0.336704459152
2.84284284284	0.690347940139	-0.359688729645	0.330659210495
2.85285285285	0.734882604821	-0.411901248244	0.322981356577
2.86286286286	0.776452824283	-0.462794322967	0.313658501316
2.87287287287	0.814890908288	-0.512204927953	0.302685980335
2.88288288288	0.850041801328	-0.559974786138	0.290067015191
2.89289289289	0.881763708109	-0.605950876264	0.275812831845
2.9029029029	0.909928665531	-0.649985923054	0.259942742477
2.91291291291	0.934423058885	-0.691938868978	0.242484189907
2.92292292292	0.955148080162	-0.731675326102	0.223472754061
2.93293293293	0.972020126635	-0.769068006574	0.202952120061
2.94294294294	0.984971138102	-0.803997130367	0.180974007735
2.95295295295	0.993948871439	-0.836350808966	0.157598062473
2.96296296296	0.998917111339	-0.866025403784	0.132891707554
2.97297297297	0.999855816403	-0.89292585815	0.106929958253
2.98298298298	0.996761199987	-0.916966001796	0.0797951981905
2.99299299299	0.989645745472	-0.938068826896	0.0515769185762
3.003003003	0.978538155914	-0.956166734739	0.0223714211752
3.01301301301	0.963483238253	-0.97120175227	-0.00771851401775
3.02302302302	0.944541722566	-0.983125717796	-0.0385839952296
3.03303303303	0.921790017094	-0.991900435259	-0.0701104181652
3.04304304304	0.895319900011	-0.997497796594	-0.102177896584
3.05305305305	0.865238149205	-0.999899871767	-0.134661722562
3.06306306306	0.831666111544	-0.999098966205	-0.167432854661
3.07307307307	0.794739213374	-0.99509764545	-0.200358432076
3.08308308308	0.754606414226	-0.98790872694	-0.233302312714
3.09309309309	0.711429605921	-0.977555238948	-0.266125633027
3.1031031031	0.665382959521	-0.964070346816	-0.298687387295
3.11311311311	0.616652222736	-0.94749724672	-0.330845023984
3.12312312312	0.565433970636	-0.927889027297	-0.36245505666
3.13313313313	0.511934812688	-0.905308499583	-0.393373686895
3.14314314314	0.456370559309	-0.879827995816	-0.423457436507
3.15315315315	0.398965351315	-0.851529137733	-0.452563786418
3.16316316316	0.339950755753	-0.820502575107	-0.480551819354
3.17317317317	0.279564831782	-0.786847695372	-0.50728286359
3.18318318318	0.218051170368	-0.750672305253	-0.532621134885
3.19319319319	0.155657911661	-0.712092285431	-0.55643437377
3.2032032032	0.092636744022	-0.671231219341	-0.578594475319
3.21321321321	0.0292418887334	-0.628219997296	-0.598978108562
3.22322322322	-0.0342709255009	-0.583196397206	-0.617467322707
3.23323323323	-0.0976454941424	-0.536304643237	-0.63395013738
3.24324324324	-0.160626170322	-0.487694943814	-0.648321114136
3.25325325325	-0.222958896095	-0.437523010457	-0.660481906552
3.26326326326	-0.284392227285	-0.385949558995	-0.67034178628
3.27327327327	-0.344678347787	-0.333139794742	-0.677818142529
3.28328328328	-0.403574069232	-0.279262883293	-0.682836952524
3.29329329329	-0.460841811986	-0.224491408638	-0.685333220624
3.3033033033	-0.516250563526	-0.169000820322	-0.685251383847
3.31331331331	-0.569576810314	-0.112968871429	-0.682545681744
3.32332332332	-0.620605439441	-0.0565750491838	-0.677180488624
3.33333333333	-0.669130606359	-7.34788079488e-16	-0.669130606359
3.34334334334	-0.714956565248	0.0565750491838	-0.658381516064
3.35335335335	-0.757898458629	0.112968871429	-0.6449295872
3.36336336336	-0.797783063066	0.169000820322	-0.628782242744
3.37337337337	-0.834449487929	0.224491408638	-0.609958079292
3.38338338338	-0.867749824414	0.279262883293	-0.588486941121
3.39339339339	-0.897549742189	0.333139794742	-0.564409947447
3.4034034034	-0.923729031273	0.385949558995	-0.537779472278
3.41341341341	-0.946182086952	0.437523010457	-0.508659076495
3.42342342342	-0.964818335774	0.487694943814	-0.47712339196
3.43343343343	-0.979562600917	0.536304643237	-0.443257957679
3.44344344344	-0.990355405444	0.583196397206	-0.407159008238
3.45345345345	-0.997153212228	0.628219997296	-0.368933214932
3.46346346346	-0.999928599575	0.671231219341	-0.328697380234
3.47347347347	-0.998670371841	0.712092285431	-0.28657808641
3.48348348348	-0.993383604594	0.750672305253	-0.242711299342
3.49349349349	-0.984089624143	0.786847695372	-0.197241928771
3.5035035035	-0.970825921502	0.820502575107	-0.150323346395
3.51351351351	-0.953646001164	0.851529137733	-0.102116863431
3.52352352352	-0.932619165263	0.879827995816	-0.0527911694467
3.53353353353	-0.907830234017	0.905308499583	-0.00252173443419
3.54354354354	-0.879379203572	0.927889027297	0.0485098237243
3.55355355355	-0.847380842629	0.94749724672	0.100116404091
3.56356356356	-0.811964229476	0.964070346816	0.15210611734
3.57357357357	-0.773272231297	0.977555238948	0.20428300765
3.58358358358	-0.731460927865	0.98790872694	0.256447799075
3.59359359359	-0.686698981926	0.99509764545	0.308398663524
3.6036036036	-0.639166958833	0.999098966205	0.359932007372
3.61361361361	-0.589056598161	0.999899871767	0.410843273606
3.62362362362	-0.53657004025	0.997497796594	0.460927756345
3.63363363363	-0.481919010788	0.991900435259	0.509981424471
3.64364364364	-0.425323966733	0.983125717796	0.557801751063
3.65365365365	-0.367013207009	0.97120175227	0.604188545261
3.66366366366	-0.30722195157	0.956166734739	0.648944783169
3.67367367367	-0.246191392547	0.938068826896	0.691877434349
3.68368368368	-0.184167721302	0.916966001796	0.732798280494
3.69369369369	-0.121401135315	0.89292585815	0.771524722835
3.7037037037	-0.0581448289105	0.866025403784	0.807880574874
3.71371371371	0.00534602809941	0.836350808966	0.841696837065
3.72372372372	0.06881531975	0.803997130367	0.872812450117
3.73373373373	0.132007017069	0.769068006574	0.901075023643
3.74374374374	0.194666210871	0.731675326102	0.926341536973
3.75375375375	0.256540140042	0.691938868978	0.94847900902
3.76376376376	0.317379211146	0.649985923054	0.967365134199
3.77377377377	0.376938005265	0.605950876264	0.982888881528
3.78378378378	0.434976267994	0.559974786138	0.994951054132
3.79379379379	0.491259878607	0.512204927953	1.00346480656
3.8038038038	0.54556179447	0.462794322967	1.00835611744
3.81381381381	0.597662966918	0.411901248244	1.00956421516
3.82382382382	0.647353224869	0.359688729645	1.00704195451
3.83383383383	0.694432122637	0.306324019607	1.00075614224
3.84384384384	0.738709748511	0.251978061385	0.990687809896
3.85385385385	0.780007490838	0.196824941468	0.976832432305
3.86386386386	0.818158758526	0.141041331925	0.959200090451
3.87387387387	0.85300965306	0.0848059244755	0.937815577536
3.88388388388	0.884419589307	0.0282988580831	0.912718447391
3.89389389389	0.912261862629	-0.0282988580831	0.883963004546
3.9039039039	0.936424159991	-0.0848059244755	0.851618235516
3.91391391391	0.956809013029	-0.141041331925	0.815767681104
3.92392392392	0.97333419122	-0.196824941468	0.776509249752
3.93393393393	0.985933033596	-0.251978061385	0.733954972211
3.94394394394	0.994554717648	-0.306324019607	0.688230698042
3.95395395395	0.999164464339	-0.359688729645	0.639475734694
3.96396396396	0.999743678396	-0.411901248244	0.587842430152
3.97397397397	0.996290023326	-0.462794322967	0.533495700359
3.98398398398	0.98881743084	-0.512204927953	0.476612502887
3.99399399399	0.97735604465	-0.559974786138	0.417381258513
4.004004004	0.96195209888	-0.605950876264	0.356001222616
4.01401401401	0.942667731552	-0.649985923054	0.292681808498
4.02402402402	0.919580733936	-0.691938868978	0.227641864959
4.03403403403	0.892784236745	-0.731675326102	0.161108910643
4.04404404404	0.86238633445	-0.769068006574	0.0933183278753
4.05405405405	0.828509649244	-0.803997130367	0.0245125188769
4.06406406406	0.791290836393	-0.836350808966	-0.0450599725728
4.07407407407	0.750880032982	-0.866025403784	-0.115145370803
4.08408408408	0.707440252275	-0.89292585815	-0.185485605875
4.09409409409	0.661146726139	-0.916966001796	-0.255819275657
4.1041041041	0.612186198173	-0.938068826896	-0.325882628723
4.11411411411	0.560756170403	-0.956166734739	-0.395410564337
4.12412412412	0.507064106576	-0.97120175227	-0.464137645694
4.13413413413	0.451326595276	-0.983125717796	-0.531799122519
4.14414414414	0.393768476223	-0.991900435259	-0.598131959036
4.15415415415	0.334621933292	-0.997497796594	-0.662875863302
4.16416416416	0.274125557906	-0.999899871767	-0.725774313861
4.17417417417	0.212523386581	-0.999098966205	-0.786575579624
4.18418418418	0.150063916507	-0.99509764545	-0.845033728943
4.19419419419	0.0869991031351	-0.98790872694	-0.900909623805
4.2042042042	0.0235833438109	-0.977555238948	-0.953971895137
4.21421421421	-0.0399275484372	-0.964070346816	-1.00399789525
4.22422422422	-0.103277376824	-0.94749724672	-1.05077462354
4.23423423423	-0.166210594279	-0.927889027297	-1.09409962158
4.24424424424	-0.228473334303	-0.905308499583	-1.13378183389
4.25425425425	-0.289814435034	-0.879827995816	-1.16964243085
4.26426426426	-0.349986452417	-0.851529137733	-1.20151559015
4.27427427427	-0.408746658363	-0.820502575107	-1.22924923347
4.28428428428	-0.465858019895	-0.786847695372	-1.25270571527
4.29429429429	-0.521090155315	-0.750672305253	-1.27176246057
4.3043043043	-0.574220263541	-0.712092285431	-1.28631254897
4.31431431431	-0.625034022863	-0.671231219341	-1.2962652422
4.32432432432	-0.673326455501	-0.628219997296	-1.3015464528
4.33433433433	-0.718902754461	-0.583196397206	-1.30209915167
4.34434434434	-0.761579069368	-0.536304643237	-1.29788371261
4.35435435435	-0.801183248104	-0.487694943814	-1.28887819192
4.36436436436	-0.83755553125	-0.437523010457	-1.27507854171
4.37437437437	-0.870549196538	-0.385949558995	-1.25649875553
4.38438438438	-0.900031150721	-0.333139794742	-1.23317094546
4.39439439439	-0.925882466453	-0.279262883293	-1.20514534975
4.4044044044	-0.947998862029	-0.224491408638	-1.17249027067
4.41441441441	-0.966291122054	-0.169000820322	-1.13529194238
4.42442442442	-0.980685457323	-0.112968871429	-1.09365432875
4.43443443443	-0.991123802483	-0.0565750491838	-1.04769885167
4.44444444444	-0.99756405026	-9.79717439318e-16	-0.99756405026
4.45445445445	-0.999980221319	0.0565750491838	-0.943405172135
4.46446446446	-0.99836256906	0.112968871429	-0.88539369763
4.47447447447	-0.992717618935	0.169000820322	-0.823716798613
4.48448448448	-0.983068142127	0.224491408638	-0.758576733489
4.49449449449	-0.969453063689	0.279262883293	-0.690190180396
4.5045045045	-0.951927305529	0.333139794742	-0.618787510787
4.51451451451	-0.930561564858	0.385949558995	-0.544612005862
4.52452452452	-0.905442029002	0.437523010457	-0.467919018545
4.53453453453	-0.876670027735	0.487694943814	-0.388975083921
4.54454454454	-0.844361624523	0.536304643237	-0.308056981286
4.55455455455	-0.808647148334	0.583196397206	-0.225450751127
4.56456456456	-0.769670667903	0.628219997296	-0.141450670608
4.57457457457	-0.727589410577	0.671231219341	-0.056358191236
4.58458458458	-0.682573128069	0.712092285431	0.0295191573616
4.59459459459	-0.634803411702	0.750672305253	0.11586889355
4.6046046046	-0.584472959883	0.786847695372	0.202374735489
4.61461461461	-0.531784800777	0.820502575107	0.28871777433
4.62462462462	-0.476951473312	0.851529137733	0.374577664421
4.63463463463	-0.42019416982	0.879827995816	0.459633825997
4.64464464464	-0.361741843762	0.905308499583	0.543566655821
4.65465465465	-0.301830286157	0.927889027297	0.626058741139
4.66466466466	-0.240701174425	0.94749724672	0.706796072296
4.67467467467	-0.178601097478	0.964070346816	0.785469249338
4.68468468468	-0.11578056101	0.977555238948	0.861774677938
4.69469469469	-0.0524929769772	0.98790872694	0.935415749963
4.7047047047	0.0110063586381	0.99509764545	1.00610400409
4.71471471471	0.0744612956691	0.999098966205	1.07356026187
4.72472472472	0.137615863048	0.999899871767	1.13751573482
4.73473473473	0.200215301371	0.997497796594	1.19771309797
4.74474474474	0.262007090568	0.991900435259	1.25390752583
4.75475475475	0.322741968549	0.983125717796	1.30586768634
4.76476476476	0.382174936701	0.97120175227	1.35337668897
4.77477477477	0.440066248191	0.956166734739	1.39623298293
4.78478478478	0.496182375076	0.938068826896	1.43425120197
4.79479479479	0.550296950339	0.916966001796	1.46726295213
4.8048048048	0.602191681025	0.89292585815	1.49511753917
4.81481481481	0.651657228821	0.866025403784	1.51768263261
4.82482482482	0.6984940545	0.836350808966	1.53484486347
4.83483483483	0.742513222844	0.803997130367	1.54651035321
4.84484484484	0.783537164795	0.769068006574	1.55260517137
4.85485485485	0.821400393745	0.731675326102	1.55307571985
4.86486486486	0.855950173097	0.691938868978	1.54788904207
4.87487487487	0.88704713239	0.649985923054	1.53703305544
4.88488488488	0.914565829503	0.605950876264	1.52051670577
4.89489489489	0.938395256678	0.559974786138	1.49837004282
4.9049049049	0.958439288315	0.512204927953	1.47064421627
4.91491491491	0.974617068733	0.462794322967	1.4374113917
4.92492492492	0.986863338333	0.411901248244	1.39876458658
4.93493493493	0.995128696849	0.359688729645	1.35481742649
4.94494494494	0.999379802627	0.306324019607	1.30570382223
4.95495495495	0.999599507118	0.251978061385	1.2515775685
4.96496496496	0.995786924056	0.196824941468	1.19261186552
4.97497497497	0.98795743303	0.141041331925	1.12899876495
4.98498498498	0.976142617449	0.0848059244755	1.06094854192
4.99499499499	0.960390137134	0.0282988580831	0.988688995217
5.00500500501	0.940763536065	-0.0282988580831	0.912464677981
5.01501501502	0.917341986048	-0.0848059244755	0.832536061572
5.02502502503	0.890219967347	-0.141041331925	0.749178635422
5.03503503504	0.859506887557	-0.196824941468	0.662681946089
5.04504504505	0.825326640266	-0.251978061385	0.57334857888
5.05505505506	0.787817105279	-0.306324019607	0.481493085672
5.06506506507	0.747129592427	-0.359688729645	0.387440862782
5.07507507508	0.703428231193	-0.411901248244	0.291526982949
5.08508508509	0.656889308635	-0.462794322967	0.194094985667
5.0950950951	0.607700558256	-0.512204927953	0.0954956303026
5.10510510511	0.556060402709	-0.559974786138	-0.00391438342875
5.11511511512	0.502177153378	-0.605950876264	-0.103773722886
5.12512512513	0.44626817007	-0.649985923054	-0.203717752984
5.13513513514	0.388558984205	-0.691938868978	-0.303379884773
5.14514514515	0.329282389048	-0.731675326102	-0.402392937053
5.15515515516	0.268677500641	-0.769068006574	-0.500390505934
5.16516516517	0.206988793229	-0.803997130367	-0.597008337138
5.17517517518	0.144465113083	-0.836350808966	-0.691885695883
5.18518518519	0.0813586746679	-0.866025403784	-0.784666729117
5.1951951952	0.017924043243	-0.89292585815	-0.875001814907
5.20520520521	-0.0455828920356	-0.916966001796	-0.962548893832
5.21521521522	-0.108905950345	-0.938068826896	-1.04697477724
5.22522522523	-0.171789692602	-0.956166734739	-1.12795642734
5.23523523524	-0.233980451886	-0.97120175227	-1.20518220416
5.24524524525	-0.295227356699	-0.983125717796	-1.27835307449
5.25525525526	-0.355283342961	-0.991900435259	-1.34718377822
5.26526526527	-0.413906150644	-0.997497796594	-1.41140394724
5.27527527528	-0.470859301021	-0.999899871767	-1.47075917279
5.28528528529	-0.525913050603	-0.999098966205	-1.52501201681
5.2952952953	-0.578845317898	-0.99509764545	-1.57394296335
5.30530530531	-0.629442579268	-0.98790872694	-1.61735130621
5.31531531532	-0.677500730265	-0.977555238948	-1.65505596921
5.32532532533	-0.722825908963	-0.964070346816	-1.68689625578
5.33533533534	-0.765235277984	-0.94749724672	-1.7127325247
5.34534534535	-0.804557762043	-0.927889027297	-1.73244678934
5.35535535536	-0.840634738048	-0.905308499583	-1.74594323763
5.36536536537	-0.873320674975	-0.879827995816	-1.75314867079
5.37537537538	-0.902483720921	-0.851529137733	-1.75401285865
5.38538538539	-0.928006234984	-0.820502575107	-1.74850881009
5.3953953954	-0.949785261816	-0.786847695372	-1.73663295719
5.40540540541	-0.967732946933	-0.750672305253	-1.71840525219
5.41541541542	-0.981776891113	-0.712092285431	-1.69386917654
5.42542542543	-0.991860442444	-0.671231219341	-1.66309166179
5.43543543544	-0.997942924859	-0.628219997296	-1.62616292215
5.44544544545	-0.999999802213	-0.583196397206	-1.58319619942
5.45545545546	-0.99802277726	-0.536304643237	-1.5343274205
5.46546546547	-0.99201982513	-0.487694943814	-1.47971476894
5.47547547548	-0.982015161148	-0.437523010457	-1.41953817161
5.48548548549	-0.968049143161	-0.385949558995	-1.35399870216
5.4954954955	-0.95017810873	-0.333139794742	-1.28331790347
5.50550550551	-0.928474147879	-0.279262883293	-1.20773703117
5.51551551552	-0.90302481228	-0.224491408638	-1.12751622092
5.52552552553	-0.87393276209	-0.169000820322	-1.04293358241
5.53553553554	-0.841315351818	-0.112968871429	-0.954284223247
5.54554554555	-0.805304156937	-0.0565750491838	-0.861879206121
5.55555555556	-0.766044443119	-1.22464679915e-15	-0.766044443119
5.56556556557	-0.723694580244	0.0565750491838	-0.667119531061
5.57557557558	-0.678425403557	0.112968871429	-0.565456532128
5.58558558559	-0.630419524528	0.169000820322	-0.461418704207
5.5955955956	-0.579870594224	0.224491408638	-0.355379185586
5.60560560561	-0.526982522129	0.279262883293	-0.247719638837
5.61561561562	-0.471968653604	0.333139794742	-0.138828858862
5.62562562563	-0.415050909262	0.385949558995	-0.0291013502663
5.63563563564	-0.356458889769	0.437523010457	0.0810641206882
5.64564564565	-0.296428949654	0.487694943814	0.19126599416
5.65565565566	-0.235203243879	0.536304643237	0.301101399358
5.66566566567	-0.17302875101	0.583196397206	0.410167646197
5.67567567568	-0.110156276924	0.628219997296	0.518063720372
5.68568568569	-0.0468394430911	0.671231219341	0.62439177625
5.6956956957	0.0166663365166	0.712092285431	0.728758621948
5.70570570571	0.0801048857378	0.750672305253	0.830777190991
5.71571571572	0.143220299612	0.786847695372	0.930067994983
5.72572572573	0.205757976675	0.820502575107	1.02626055178
5.73573573574	0.267465645997	0.851529137733	1.11899478373
5.74574574575	0.32809438482	0.879827995816	1.20792238064
5.75575575576	0.387399622686	0.905308499583	1.29270812227
5.76576576577	0.445142128011	0.927889027297	1.37303115531
5.77577577578	0.501088973125	0.94749724672	1.44858621985
5.78578578579	0.555014473876	0.964070346816	1.51908482069
5.7957957958	0.606701100017	0.977555238948	1.58425633897
5.80580580581	0.655940352709	0.98790872694	1.64384907965
5.81581581582	0.702533605576	0.99509764545	1.69763125103
5.82582582583	0.746292905952	0.999098966205	1.74539187216
5.83583583584	0.787041733058	0.999899871767	1.78694160483
5.84584584585	0.824615710075	0.997497796594	1.82211350667
5.85585585586	0.85886326722	0.991900435259	1.85076370248
5.86586586587	0.889646253167	0.983125717796	1.87277197096
5.87587587588	0.916840492331	0.97120175227	1.8880422446
5.88588588589	0.940336285789	0.956166734739	1.89650302053
5.8958958959	0.960038853785	0.938068826896	1.89810768068
5.90590590591	0.975868718069	0.916966001796	1.89283471987
5.91591591592	0.987762022503	0.89292585815	1.88068788065
5.92592592593	0.99567079065	0.866025403784	1.86169619443
5.93593593594	0.999563119304	0.836350808966	1.83591392827
5.94594594595	0.999423307189	0.803997130367	1.80342043756
5.95595595596	0.995251918294	0.769068006574	1.76431992487
5.96596596597	0.987065779597	0.731675326102	1.7187411057
5.97597597598	0.974897913189	0.691938868978	1.66683678217
5.98598598599	0.958797403063	0.649985923054	1.60878332612
5.995995996	0.938829197118	0.605950876264	1.54478007338
6.00600600601	0.915073845161	0.559974786138	1.4750486313
6.01601601602	0.88762717398	0.512204927953	1.39983210193
6.02602602603	0.856599900788	0.462794322967	1.31939422375
6.03603603604	0.822117186597	0.411901248244	1.23401843484
6.04604604605	0.784318131336	0.359688729645	1.14400686098
6.05605605606	0.743355212731	0.306324019607	1.04967923234
6.06606606607	0.699393671227	0.251978061385	0.951371732612
6.07607607608	0.652610843422	0.196824941468	0.84943578489
6.08608608609	0.603195446711	0.141041331925	0.744236778636
6.0960960961	0.551346818015	0.0848059244755	0.63615274249
6.10610610611	0.497274109679	0.0282988580831	0.525572967762
6.11611611612	0.441195445768	-0.0282988580831	0.412896587685
6.12612612613	0.38333704218	-0.0848059244755	0.298531117705
6.13613613614	0.323932294108	-0.141041331925	0.182890962183
6.14614614615	0.263220834549	-0.196824941468	0.0663958930818
6.15615615616	0.20144756765	-0.251978061385	-0.0505304937356
6.16616616617	0.138861680781	-0.306324019607	-0.167462338826
6.17617617618	0.0757156393479	-0.359688729645	-0.283973090297
6.18618618619	0.0122641683621	-0.411901248244	-0.399637079882
6.1961961962	-0.0512367750905	-0.462794322967	-0.514031098058
6.20620620621	-0.114531034357	-0.512204927953	-0.62673596231
6.21621621622	-0.177363286529	-0.559974786138	-0.737338072666
6.22622622623	-0.239480072389	-0.605950876264	-0.845430948652
6.23623623624	-0.300630818841	-0.649985923054	-0.950616741895
6.24624624625	-0.360568849701	-0.691938868978	-1.05250771868
6.25625625626	-0.419052380758	-0.731675326102	-1.15072770686
6.26626626627	-0.475845495117	-0.769068006574	-1.24491350169
6.27627627628	-0.530719094856	-0.803997130367	-1.33471622522
6.28628628629	-0.583451825192	-0.836350808966	-1.41980263416
6.2962962963	-0.633830967399	-0.866025403784	-1.49985637118
6.30630630631	-0.6816532969	-0.89292585815	-1.57457915505
6.31631631632	-0.726725903051	-0.916966001796	-1.64369190485
6.32632632633	-0.768866967326	-0.938068826896	-1.70693579422
6.33633633634	-0.807906496756	-0.956166734739	-1.7640732315
6.34634634635	-0.843687009662	-0.97120175227	-1.81488876193
6.35635635636	-0.876064170921	-0.983125717796	-1.85918988872
6.36636636637	-0.904907374202	-0.991900435259	-1.89680780946
6.37637637638	-0.930100268819	-0.997497796594	-1.92759806541
6.38638638639	-0.951541229074	-0.999899871767	-1.95144110084
6.3963963964	-0.969143764213	-0.999098966205	-1.96824273042
6.40640640641	-0.982836867314	-0.99509764545	-1.97793451276
6.41641641642	-0.992565301726	-0.98790872694	-1.98047402867
6.42642642643	-0.998289823887	-0.977555238948	-1.97584506283
6.43643643644	-0.999987341629	-0.964070346816	-1.96405768845
6.44644644645	-0.997651007331	-0.94749724672	-1.94514825405
6.45645645646	-0.991290245538	-0.927889027297	-1.91917927283
6.46646646647	-0.980930714947	-0.905308499583	-1.88623921453
6.47647647648	-0.966614204902	-0.879827995816	-1.84644220072
6.48648648649	-0.948398466815	-0.851529137733	-1.79992760455
6.4964964965	-0.92635698121	-0.820502575107	-1.74685955632
6.50650650651	-0.900578661304	-0.786847695372	-1.68742635668
6.51651651652	-0.871167494341	-0.750672305253	-1.62183979959
6.52652652653	-0.83824212212	-0.712092285431	-1.55033440755
6.53653653654	-0.8019353624	-0.671231219341	-1.47316658174
6.54654654655	-0.762393673134	-0.628219997296	-1.39061367043
6.55655655656	-0.719776561664	-0.583196397206	-1.30297295887
6.56656656657	-0.674255941288	-0.536304643237	-1.21056058453
6.57657657658	-0.626015437778	-0.487694943814	-1.11371038159
6.58658658659	-0.57524964865	-0.437523010457	-1.01277265911
6.5965965966	-0.52216335818	-0.385949558995	-0.908112917176
6.60660660661	-0.466970711319	-0.333139794742	-0.800110506061
6.61661661662	-0.409894349857	-0.279262883293	-0.689157233149
6.62662662663	-0.351164514304	-0.224491408638	-0.575655922942
6.63663663664	-0.291018115128	-0.169000820322	-0.460018935449
6.64664664665	-0.229697777073	-0.112968871429	-0.342666648502
6.65665665666	-0.167450860443	-0.0565750491838	-0.224025909627
6.66666666667	-0.104528463268	-1.46957615898e-15	-0.104528463268
6.67667667668	-0.0411844083997	0.0565750491838	0.0153906407841
6.68668668669	0.0223257803811	0.112968871429	0.13529465181
6.6966966967	0.0857459091271	0.169000820322	0.254746729449
6.70670670671	0.148820147184	0.224491408638	0.373311555822
6.71671671672	0.211294059188	0.279262883293	0.490556942481
6.72672672673	0.27291563143	0.333139794742	0.606055426172
6.73673673674	0.33343628846	0.385949558995	0.719385847456
6.74674674675	0.392611895811	0.437523010457	0.830134906268
6.75675675676	0.450203744818	0.487694943814	0.937898688631
6.76676676677	0.505979515541	0.536304643237	1.04228415878
6.77677677678	0.559714213926	0.583196397206	1.14291061113
6.78678678679	0.611191079406	0.628219997296	1.2394110767
6.7967967968	0.660202459295	0.671231219341	1.33143367864
6.80680680681	0.706550646434	0.712092285431	1.41864293186
6.81681681682	0.750048676728	0.750672305253	1.50072098198
6.82682682683	0.790521083337	0.786847695372	1.57736877871
6.83683683684	0.827804604495	0.820502575107	1.6483071796
6.84684684685	0.86174884209	0.851529137733	1.71327797982
6.85685685686	0.892216868357	0.879827995816	1.77204486417
6.86686686687	0.91908577823	0.905308499583	1.82439427781
6.87687687688	0.942247185129	0.927889027297	1.87013621243
6.88688688689	0.961607658185	0.94749724672	1.90910490491
6.8968968969	0.977089099124	0.964070346816	1.94115944594
6.90690690691	0.988629057313	0.977555238948	1.96618429626
6.91691691692	0.996180981681	0.98790872694	1.98408970862
6.92692692693	0.999714408495	0.99509764545	1.99481205395
6.93693693694	0.999215084254	0.999098966205	1.99831405046
6.94694694695	0.994685023184	0.999899871767	1.99458489495
6.95695695696	0.986142499113	0.997497796594	1.98364029571
6.96696696697	0.973621971754	0.991900435259	1.96552240701
6.97697697698	0.957173947701	0.983125717796	1.9402996655
6.98698698699	0.936864776691	0.97120175227	1.90806652896
6.996996997	0.91277638395	0.956166734739	1.86894311869
7.00700700701	0.885005939722	0.938068826896	1.82307476662
7.01701701702	0.853665467287	0.916966001796	1.77063146908
7.02702702703	0.818881391074	0.89292585815	1.71180724922
7.03703703704	0.780794026677	0.866025403784	1.64681943046
7.04704704705	0.739557014832	0.836350808966	1.5759078238
7.05705705706	0.69533670165	0.803997130367	1.49933383202
7.06706706707	0.64831146759	0.769068006574	1.41737947416
7.07707707708	0.598671007889	0.731675326102	1.33034633399
7.08708708709	0.546615567351	0.691938868978	1.23855443633
7.0970970971	0.492355132579	0.649985923054	1.14234105563
7.10710710711	0.436108584911	0.605950876264	1.04205946117
7.11711711712	0.378102817468	0.559974786138	0.938077603606
7.12712712713	0.318571819897	0.512204927953	0.83077674785
7.13713713714	0.257755734472	0.462794322967	0.72055005744
7.14714714715	0.195899887391	0.411901248244	0.607801135635
7.15715715716	0.133253799146	0.359688729645	0.49294252879
7.16716716717	0.0700701779866	0.306324019607	0.376394197593
7.17717717718	0.00660390051912	0.251978061385	0.258581961904
7.18718718719	-0.0568890164432	0.196824941468	0.139935925025
7.1971971972	-0.120152448625	0.141041331925	0.0208888832995
7.20720720721	-0.182931197472	0.0848059244755	-0.0981252729969
7.21721721722	-0.244972019594	0.0282988580831	-0.216673161511
7.22722722723	-0.306024648326	-0.0282988580831	-0.334323506409
7.23723723724	-0.365842803279	-0.0848059244755	-0.450648727754
7.24724724725	-0.424185183813	-0.141041331925	-0.565226515738
7.25725725726	-0.480816442417	-0.196824941468	-0.677641383885
7.26726726727	-0.535508134082	-0.251978061385	-0.787486195467
7.27727727728	-0.588039637823	-0.306324019607	-0.89436365743
7.28728728729	-0.638199046645	-0.359688729645	-0.997887776289
7.2972972973	-0.685784022351	-0.411901248244	-1.0976852706
7.30730730731	-0.730602611762	-0.462794322967	-1.19339693473
7.31731731732	-0.77247402103	-0.512204927953	-1.28467894898
7.32732732733	-0.811229344947	-0.559974786138	-1.37120413108
7.33733733734	-0.846712248292	-0.605950876264	-1.45266312456
7.34734734735	-0.878779596471	-0.649985923054	-1.52876551952
7.35735735736	-0.907302032909	-0.691938868978	-1.59924090189
7.36736736737	-0.932164500861	-0.731675326102	-1.66383982696
7.37737737738	-0.95326670754	-0.769068006574	-1.72233471411
7.38738738739	-0.970523528689	-0.803997130367	-1.77452065906
7.3973973974	-0.983865351964	-0.836350808966	-1.82021616093
7.40740740741	-0.993238357742	-0.866025403784	-1.85926376153
7.41741741742	-0.998604736227	-0.89292585815	-1.89153059438
7.42742742743	-0.999942839967	-0.916966001796	-1.91690884176
7.43743743744	-0.997247271182	-0.938068826896	-1.93531609808
7.44744744745	-0.990528903535	-0.956166734739	-1.94669563827
7.45745745746	-0.979814838271	-0.97120175227	-1.95101659054
7.46746746747	-0.965148294889	-0.983125717796	-1.94827401269
7.47747747748	-0.946588436806	-0.991900435259	-1.93848887206
7.48748748749	-0.92421013269	-0.997497796594	-1.92170792928
7.4974974975	-0.898103654451	-0.999899871767	-1.89800352622
7.50750750751	-0.868374313094	-0.999098966205	-1.8674732793
7.51751751752	-0.835142033901	-0.99509764545	-1.83023967935
7.52752752753	-0.798540872665	-0.98790872694	-1.78644959961
7.53753753754	-0.758718474925	-0.977555238948	-1.73627371387
7.54754754755	-0.715835480374	-0.964070346816	-1.67990582719
7.55755755756	-0.670064874858	-0.94749724672	-1.61756212158
7.56756756757	-0.621591292563	-0.927889027297	-1.54948031986
7.57757757758	-0.570610271225	-0.905308499583	-1.47591877081
7.58758758759	-0.517327463342	-0.879827995816	-1.39715545916
7.5975975976	-0.4619578066	-0.851529137733	-1.31348694433
7.60760760761	-0.404724656828	-0.820502575107	-1.22522723194
7.61761761762	-0.345858887007	-0.786847695372	-1.13270658238
7.62762762763	-0.285597955949	-0.750672305253	-1.0362702612
7.63763763764	-0.224184950409	-0.712092285431	-0.93627723584
7.64764764765	-0.161867604503	-0.671231219341	-0.833098823844
7.65765765766	-0.0988973003643	-0.628219997296	-0.72711729766
7.66766766767	-0.0355280540988	-0.583196397206	-0.618724451305
7.67767767768	0.0279845088944	-0.536304643237	-0.508320134343
7.68768768769	0.0913841850903	-0.487694943814	-0.396310758723
7.6976976977	0.154415226338	-0.437523010457	-0.283107784119
7.70770770771	0.216823371526	-0.385949558995	-0.16912618747
7.71771771772	0.278356872242	-0.333139794742	-0.0547829225003
7.72772772773	0.338767508307	-0.279262883293	0.0595046250143
7.73773773774	0.397811589069	-0.224491408638	0.173320180432
7.74774774775	0.455250936428	-0.169000820322	0.286250116106
7.75775775776	0.510853845621	-0.112968871429	0.397884974192
7.76776776777	0.564396019902	-0.0565750491838	0.507820970718
7.77777777778	0.615661475326	-1.71450551881e-15	0.615661475326
7.78778778779	0.664443412014	0.0565750491838	0.721018461198
7.7977977978	0.71054504836	0.112968871429	0.823513919789
7.80780780781	0.753780414831	0.169000820322	0.922781235153
7.81781781782	0.793975104147	0.224491408638	1.01846651279
7.82782782783	0.830966974827	0.279262883293	1.11022985812
7.83783783784	0.864606805248	0.333139794742	1.19774659999
7.84784784785	0.894758895595	0.385949558995	1.28070845459
7.85785785786	0.921301615256	0.437523010457	1.35882462571
7.86786786787	0.944127893472	0.487694943814	1.43182283729
7.87787787788	0.963145651248	0.536304643237	1.49945029449
7.88788788789	0.978278172793	0.583196397206	1.56147457
7.8978978979	0.989464414982	0.628219997296	1.61768441228
7.90790790791	0.996659253595	0.671231219341	1.66789047294
7.91791791792	0.999833665353	0.712092285431	1.71192595078
7.92792792793	0.998974844986	0.750672305253	1.74964715024
7.93793793794	0.994086256891	0.786847695372	1.78093395226
7.94794794795	0.985187621159	0.820502575107	1.80569019627
7.95795795796	0.972314834025	0.851529137733	1.82384397176
7.96796796797	0.955519823065	0.879827995816	1.83534781888
7.97797797798	0.934870337726	0.905308499583	1.84017883731
7.98798798799	0.91044967603	0.927889027297	1.83833870333
7.997997998	0.88235634856	0.94749724672	1.82985359528
8.00800800801	0.850703681078	0.964070346816	1.81477402789
8.01801801802	0.815619357376	0.977555238948	1.79317459632
8.02802802803	0.777244904218	0.98790872694	1.76515363116
8.03803803804	0.735735120429	0.99509764545	1.73083276588
8.04804804805	0.691257452454	0.999098966205	1.69035641866
8.05805805806	0.643991318896	0.999899871767	1.64389119066
8.06806806807	0.594127386759	0.997497796594	1.59162518335
8.07807807808	0.541866802313	0.991900435259	1.53376723757
8.08808808809	0.487420379691	0.983125717796	1.47054609749
8.0980980981	0.431007750487	0.97120175227	1.40220950276
8.10810810811	0.37285647778	0.956166734739	1.32902321252
8.11811811812	0.313201138171	0.938068826896	1.25126996507
8.12812812813	0.252282375519	0.916966001796	1.16924837731
8.13813813814	0.190345930209	0.89292585815	1.08327178836
8.14814814815	0.127641647861	0.866025403784	0.993667051645
8.15815815816	0.0644224714728	0.836350808966	0.900773280439
8.16816816817	0.000943421077346	0.803997130367	0.804940551444
8.17817817818	-0.0625394349873	0.769068006574	0.706528571587
8.18818818819	-0.125770013031	0.731675326102	0.605905313071
8.1981981982	-0.188493247029	0.691938868978	0.503445621949
8.20820820821	-0.250456117533	0.649985923054	0.399529805521
8.21821821822	-0.311408672327	0.605950876264	0.294542203937
8.22822822823	-0.371105034711	0.559974786138	0.188869751427
8.23823823824	-0.429304395344	0.512204927953	0.0829005326089
8.24824824825	-0.485771983645	0.462794322967	-0.0229776606774
8.25825825826	-0.540280014833	0.411901248244	-0.128378766589
8.26826826827	-0.592608608793	0.359688729645	-0.232919879148
8.27827827828	-0.642546677046	0.306324019607	-0.33622265744
8.28828828829	-0.689892774265	0.251978061385	-0.43791471288
8.2982982983	-0.734455910882	0.196824941468	-0.537630969414
8.30830830831	-0.77605632352	0.141041331925	-0.635014991595
8.31831831832	-0.814526200146	0.0848059244755	-0.72972027567
8.32832832833	-0.849710357006	0.0282988580831	-0.821411498922
8.33833833834	-0.881466864619	-0.0282988580831	-0.909765722702
8.34834834835	-0.909667620312	-0.0848059244755	-0.994473544788
8.35835835836	-0.934198864969	-0.141041331925	-1.07524019689
8.36836836837	-0.954961641925	-0.196824941468	-1.15178658339
8.37837837838	-0.97187219615	-0.251978061385	-1.22385025754
8.38838838839	-0.984862312107	-0.306324019607	-1.29118633171
8.3983983984	-0.993879588927	-0.359688729645	-1.35356831857
8.40840840841	-0.998887651789	-0.411901248244	-1.41078890003
8.41841841842	-0.999866298653	-0.462794322967	-1.46266062162
8.42842842843	-0.996811581752	-0.512204927953	-1.5090165097
8.43843843844	-0.989735823517	-0.559974786138	-1.54971060965
8.44844844845	-0.978667566873	-0.605950876264	-1.58461844314
8.45845845846	-0.963651460093	-0.649985923054	-1.61363738315
8.46846846847	-0.944748076699	-0.691938868978	-1.63668694568
8.47847847848	-0.922033671105	-0.731675326102	-1.65370899721
8.48848848849	-0.895599871025	-0.769068006574	-1.6646678776
8.4984984985	-0.865553307846	-0.803997130367	-1.66955043821
8.50850850851	-0.832015186492	-0.836350808966	-1.66836599546
8.51851851852	-0.795120796495	-0.866025403784	-1.66114620028
8.52852852853	-0.75501896625	-0.89292585815	-1.6479448244
8.53853853854	-0.711871462653	-0.916966001796	-1.62883746445
8.54854854855	-0.665852338555	-0.938068826896	-1.60392116545
8.55855855856	-0.617147230641	-0.956166734739	-1.57331396538
8.56856856857	-0.565952610599	-0.97120175227	-1.53715436287
8.57857857858	-0.512474992565	-0.983125717796	-1.49560071036
8.58858858859	-0.456930100067	-0.991900435259	-1.44883053533
8.5985985986	-0.399541995821	-0.997497796594	-1.39703979242
8.60860860861	-0.340542177879	-0.999899871767	-1.34044204965
8.61861861862	-0.280168645788	-0.999098966205	-1.27926761199
8.62862862863	-0.218664940527	-0.99509764545	-1.21376258598
8.63863863864	-0.156279162084	-0.98790872694	-1.14418788902
8.64864864865	-0.0932629686446	-0.977555238948	-1.07081820759
8.65865865866	-0.0298705614263	-0.964070346816	-0.993940908242
8.66866866867	0.0336423407425	-0.94749724672	-0.913854905978
8.67867867868	0.0970195329686	-0.927889027297	-0.830869494328
8.68868868869	0.1600053578	-0.905308499583	-0.745303141783
8.6986986987	0.222345736521	-0.879827995816	-0.657482259295
8.70870870871	0.283789194086	-0.851529137733	-0.567739943647
8.71871871872	0.34408787354	-0.820502575107	-0.476414701567
8.72872872873	0.402998535854	-0.786847695372	-0.383849159518
8.73873873874	0.460283541123	-0.750672305253	-0.29038876413
8.74874874875	0.515711807187	-0.712092285431	-0.196380478244
8.75875875876	0.569059741792	-0.671231219341	-0.102171477549
8.76876876877	0.620112144538	-0.628219997296	-0.00810785275762
8.77877877878	0.66866307498	-0.583196397206	0.0854666777738
8.78878878879	0.714516683369	-0.536304643237	0.178212040132
8.7987987988	0.757488000691	-0.487694943814	0.269793056878
8.80880880881	0.797403684817	-0.437523010457	0.35988067436
8.81881881882	0.834102719744	-0.385949558995	0.448153160749
8.82882882883	0.867437065122	-0.333139794742	0.53429727038
8.83883883884	0.89727225343	-0.279262883293	0.618009370137
8.84884884885	0.923487932411	-0.224491408638	0.698996523774
8.85885885886	0.945978350556	-0.169000820322	0.776977530234
8.86886886887	0.964652783696	-0.112968871429	0.851683912267
8.87887887888	0.979435900979	-0.0565750491838	0.922860851795
8.88888888889	0.990268068742	-1.95943487864e-15	0.990268068742
8.8988988989	0.997105591068	0.0565750491838	1.05368064025
8.90890890891	0.999920886057	0.112968871429	1.11288975749
8.91891891892	0.998702597081	0.169000820322	1.1677034174
8.92892892893	0.993455638598	0.224491408638	1.21794704724
8.93893893894	0.984201176333	0.279262883293	1.26346405963
8.94894894895	0.970976541887	0.333139794742	1.30411633663
8.95895895896	0.953835082157	0.385949558995	1.33978464115
8.96896896897	0.932845944128	0.437523010457	1.37036895459
8.97897897898	0.908093795951	0.487694943814	1.39578873976
8.98898898899	0.879678485391	0.536304643237	1.41598312863
8.998998999	0.84771463706	0.583196397206	1.43091103427
9.00900900901	0.812331190024	0.628219997296	1.44055118732
9.01901901902	0.773670877679	0.671231219341	1.44490209702
9.02902902903	0.73188965198	0.712092285431	1.44398193741
9.03903903904	0.687156054343	0.750672305253	1.4378283596
9.04904904905	0.639650535765	0.786847695372	1.42649823114
9.05905905906	0.589564728906	0.820502575107	1.41006730401
9.06906906907	0.537100675058	0.851529137733	1.38862981279
9.07907907908	0.48247000913	0.879827995816	1.36229800495
9.08908908909	0.425893105935	0.905308499583	1.33120160552
9.0990990991	0.367598191218	0.927889027297	1.29548721851
9.10910910911	0.307820421017	0.94749724672	1.25531766774
9.11911911912	0.246800933064	0.964070346816	1.21087127988
9.12912912913	0.184785874061	0.977555238948	1.16234111301
9.13913913914	0.122025406748	0.98790872694	1.10993413369
9.14914914915	0.0587727007674	0.99509764545	1.05387034622
9.15915915916	-0.00471708859303	0.999098966205	0.994381877612
9.16916916917	-0.0681878496751	0.999899871767	0.931712022092
9.17917917918	-0.131383547579	0.997497796594	0.866114249016
9.18918918919	-0.194049256982	0.991900435259	0.797851178277
9.1991991992	-0.255932190486	0.983125717796	0.72719352731
9.20920920921	-0.316782718332	0.97120175227	0.654419033939
9.21921921922	-0.376355375387	0.956166734739	0.579811359352
9.22922922923	-0.434409851326	0.938068826896	0.50365897557
9.23923923924	-0.490711960017	0.916966001796	0.426254041779
9.24924924925	-0.54503458421	0.89292585815	0.347891273939
9.25925925926	-0.597158591703	0.866025403784	0.268866812082
9.26926926927	-0.646873719299	0.836350808966	0.189477089667
9.27927927928	-0.693979420991	0.803997130367	0.110017709375
9.28928928929	-0.738285676944	0.769068006574	0.0307823296303
9.2992992993	-0.779613760013	0.731675326102	-0.0479384339116
9.30930930931	-0.817796956717	0.691938868978	-0.125858087739
9.31931931932	-0.852681239738	0.649985923054	-0.202695316685
9.32932932933	-0.884125889261	0.605950876264	-0.278175012997
9.33933933934	-0.912004060615	0.559974786138	-0.352029274478
9.34934934935	-0.936203295959	0.512204927953	-0.423998368006
9.35935935936	-0.956625977922	0.462794322967	-0.493831654955
9.36936936937	-0.973189723385	0.411901248244	-0.561288475141
9.37937937938	-0.985827715801	0.359688729645	-0.626138986157
9.38938938939	-0.994488974736	0.306324019607	-0.688164955129
9.3993993994	-0.99913856151	0.251978061385	-0.747160500124
9.40940940941	-0.999757720139	0.196824941468	-0.802932778671
9.41941941942	-0.996343952999	0.141041331925	-0.855302621074
9.42942942943	-0.988911030895	0.0848059244755	-0.904105106419
9.43943943944	-0.977488937514	0.0282988580831	-0.949190079431
9.44944944945	-0.962123748475	-0.0282988580831	-0.990422606558
9.45945945946	-0.942877445461	-0.0848059244755	-1.02768336994
9.46946946947	-0.919827666194	-0.141041331925	-1.06086899812
9.47947947948	-0.89306739125	-0.196824941468	-1.08989233272
9.48948948949	-0.862704568985	-0.251978061385	-1.11468263037
9.4994994995	-0.828861680081	-0.306324019607	-1.13518569969
9.50950950951	-0.791675243475	-0.359688729645	-1.15136397312
9.51951951952	-0.751295265647	-0.411901248244	-1.16319651389
9.52952952953	-0.707884635515	-0.462794322967	-1.17067895848
9.53953953954	-0.661618467355	-0.512204927953	-1.17382339531
9.54954954955	-0.612683394407	-0.559974786138	-1.17265818054
9.55955955956	-0.561276816012	-0.605950876264	-1.16722769228
9.56956956957	-0.507606101328	-0.649985923054	-1.15759202438
9.57957957958	-0.451887752816	-0.691938868978	-1.14382662179
9.58958958959	-0.394346532896	-0.731675326102	-1.126021859
9.5995995996	-0.335214557273	-0.769068006574	-1.10428256385
9.60960960961	-0.274730358608	-0.803997130367	-1.07872748897
9.61961961962	-0.213137924296	-0.836350808966	-1.04948873326
9.62962962963	-0.150685712249	-0.866025403784	-1.01671111603
9.63963963964	-0.0876256486411	-0.89292585815	-0.980551506791
9.64964964965	-0.0242121116566	-0.916966001796	-0.941178113453
9.65965965966	0.0392990946401	-0.938068826896	-0.898769732256
9.66966966967	0.102651772197	-0.956166734739	-0.853514962542
9.67967967968	0.165590362452	-0.97120175227	-0.805611389819
9.68968968969	0.227860977229	-0.983125717796	-0.755264740567
9.6996996997	0.289212422904	-0.991900435259	-0.702688012355
9.70970970971	0.349397213688	-0.997497796594	-0.648100582907
9.71971971972	0.408172569967	-0.999899871767	-0.5917273018
9.72972972973	0.46530139765	-0.999098966205	-0.533797568555
9.73973973974	0.520553244581	-0.99509764545	-0.474544400869
9.74974974975	0.573705230163	-0.98790872694	-0.414203496777
9.75975975976	0.624542944437	-0.977555238948	-0.353012294511
9.76976976977	0.672861312989	-0.964070346816	-0.291209033827
9.77977977978	0.718465424203	-0.94749724672	-0.229031822517
9.78978978979	0.761171315512	-0.927889027297	-0.166717711784
9.7997997998	0.80080671549	-0.905308499583	-0.104501784093
9.80980980981	0.837211738773	-0.879827995816	-0.0426162570437
9.81981981982	0.870239531024	-0.851529137733	0.0187103932911
9.82982982983	0.899756861331	-0.820502575107	0.0792542862242
9.83983983984	0.925644659643	-0.786847695372	0.138796964271
9.84984984985	0.94779849709	-0.750672305253	0.197126191837
9.85985985986	0.966129007238	-0.712092285431	0.254036721807
9.86986986987	0.980562246585	-0.671231219341	0.309331027244
9.87987987988	0.991039992843	-0.628219997296	0.362819995548
9.88988988989	0.997519979799	-0.583196397206	0.414323582593
9.8998998999	0.999976067812	-0.536304643237	0.463671424575
9.90990990991	0.998398349262	-0.487694943814	0.510703405449
9.91991991992	0.992793188513	-0.437523010457	0.555270178056
9.92992992993	0.98318319624	-0.385949558995	0.597233637245
9.93993993994	0.96960713822	-0.333139794742	0.636467343478
9.94994994995	0.952119778957	-0.279262883293	0.672856895664
9.95995995996	0.930791660762	-0.224491408638	0.706300252125
9.96996996997	0.905708819199	-0.169000820322	0.736707998877
9.97997997998	0.876972436019	-0.112968871429	0.76400356459
9.98998998999	0.844698431008	-0.0565750491838	0.788123381824
10.0	0.809016994375	-2.20436423847e-15	0.809016994375
