System params: f_X=1.01, f_Y=2, A_X=1, A_Y=0.5, phi=0, dt=0.01, N=1000

t	X	Y	Z
0.0	1.0	0.0	1.0
0.01001001001	0.997983048448	0.12545803018	1.12344107863
0.02002002002	0.991940329981	0.248933554467	1.24087388445
0.03003003003	0.981896220337	0.36847539481	1.35037161515
0.04004004004	0.967891236484	0.482194533802	1.45008577029
0.0500500500501	0.949981873168	0.588293965201	1.53827583837
0.0600600600601	0.928240375026	0.685097090484	1.61333746551
0.0700700700701	0.902754445154	0.771074212699	1.67382865785
0.0800800800801	0.873626891325	0.844866708956	1.71849360028
0.0900900900901	0.840975211267	0.905308499583	1.74628371085
0.1001001001	0.804931118695	0.951444474683	1.75637559338
0.11011011011	0.765640011986	0.982545586923	1.74818559891
0.12012012012	0.723260387656	0.998120372038	1.72138075969
0.13013013013	0.677963201003	0.997922715028	1.67588591603
0.14014014014	0.629931176491	0.981955739298	1.61188691579
0.15015015015	0.57935807065	0.9504717573	1.52982982795
0.16016016016	0.526447890491	0.903968283462	1.43041617395
0.17017017017	0.471414070552	0.843180172386	1.31459424294
0.18018018018	0.414478611932	0.769068006574	1.18354661851
0.19019019019	0.355871186752	0.682802917163	1.03867410392
0.2002002002	0.295828211688	0.585748077542	0.881576289229
0.21021021021	0.234591894282	0.479437162289	0.714029056571
0.22022022022	0.172409255906	0.365550111825	0.537959367732
0.23023023023	0.109531135298	0.245886585754	0.355417721052
0.24024024024	0.0462111767033	0.122337524378	0.168548701082
0.25025025025	-0.0172951933006	-0.00314473220774	-0.0204399255083
0.26026026026	-0.0807317961706	-0.128577295282	-0.209309091452
0.27027027027	-0.143842734797	-0.251978061385	-0.395820796183
0.28028028028	-0.20637342577	-0.371397033808	-0.577770459578
0.29029029029	-0.26807162634	-0.484947136717	-0.753018763057
0.3003003003	-0.328688451945	-0.590834035006	-0.919522486951
0.31031031031	-0.387979380183	-0.687384488629	-1.07536386881
0.32032032032	-0.445705237195	-0.773072793389	-1.21877803058
0.33033033033	-0.501633162468	-0.84654489033	-1.3481780528
0.34034034034	-0.555537548171	-0.906639762777	-1.46217731095
0.35035035035	-0.607200949233	-0.952407782884	-1.55960873212
0.36036036036	-0.656414960503	-0.983125717796	-1.6395406783
0.37037037037	-0.702981057426	-0.998308158271	-1.7012892157
0.38038038038	-0.74671139688	-0.997715189196	-1.74442658608
0.39039039039	-0.787429574912	-0.981356180754	-1.76878575567
0.4004004004	-0.824971338339	-0.949489640355	-1.77446097869
0.41041041041	-0.859185247325	-0.902619127669	-1.76180437499
0.42042042042	-0.889933286274	-0.8414852973	-1.73141858357
0.43043043043	-0.917091420579	-0.767054194856	-1.68414561543
0.44044044044	-0.940550096956	-0.680501991355	-1.62105208831
0.45045045045	-0.960214685378	-0.583196397206	-1.54341108258
0.46046046046	-0.976005860801	-0.476675049446	-1.45268091025
0.47047047047	-0.987859923153	-0.362621213782	-1.35048113693
0.48048048048	-0.995729054295	-0.242837185379	-1.23856623967
0.49049049049	-0.999581510916	-0.119215808736	-1.11879731965
0.500500500501	-0.999401752577	0.00628943331607	-0.993112319261
0.510510510511	-0.995190504408	0.131695288836	-0.863495215572
0.520520520521	-0.986964754174	0.2550200764	-0.731944677774
0.530530530531	-0.974757683756	0.374314999924	-0.600442683832
0.540540540541	-0.958618535292	0.487694943814	-0.470923591478
0.550550550551	-0.938612412544	0.593368261838	-0.345244150706
0.560560560561	-0.914820018272	0.689665088978	-0.225154929294
0.570570570571	-0.887337328689	0.77506372888	-0.11227359981
0.580580580581	-0.856275206303	0.848214699913	-0.00806050639004
0.590590590591	-0.821758952704	0.90796205988	0.0862031071751
0.600600600601	-0.783927803117	0.953361672377	0.169433869261
0.610610610611	-0.742934364731	0.98369612618	0.240761761449
0.620620620621	-0.698944001106	0.998486071871	0.299542070765
0.630630630631	-0.652134165106	0.997497796594	0.345363631489
0.640640640641	-0.602693683073	0.98074691722	0.378053234147
0.650650650651	-0.550821993122	0.94849813356	0.397676140437
0.660660660661	-0.496728340624	0.901261045546	0.404532704922
0.670670670671	-0.440630934131	0.839782100459	0.399151166328
0.680680680681	-0.382756065145	0.765032797458	0.382276732313
0.690690690691	-0.32333719528	0.678194335815	0.354857140534
0.700700700701	-0.2626140145	0.580638949429	0.318024934928
0.710710710711	-0.200831474232	0.47390822259	0.273076748358
0.720720720721	-0.138238799257	0.359688729645	0.221449930388
0.730730730731	-0.0750884823601	0.239785383498	0.164696901138
0.740740740741	-0.0116352658014	0.116092914125	0.104457648324
0.750750750751	0.0518648862921	-0.0094340722259	0.0424308140662
0.760760760761	0.11515582046	-0.134811980007	-0.0196561595468
0.770770770771	0.177982227206	-0.258059569429	-0.0800773422228
0.780780780781	0.240090670894	-0.377229264303	-0.137138593409
0.790790790791	0.301230612079	-0.490437927916	-0.189207315838
0.800800800801	0.361155418163	-0.595896620634	-0.234741202471
0.810810810811	0.419623358285	-0.691938868978	-0.272315510692
0.820820820821	0.47639857844	-0.777046999482	-0.300648421042
0.830830830831	0.531252052891	-0.849876121191	-0.318624068299
0.840840840841	0.583962508038	-0.909275377814	-0.325312869776
0.850850850851	0.634317315011	-0.954306133729	-0.319988818718
0.860860860861	0.682113347398	-0.984256806433	-0.302143459035
0.870870870871	0.727157800636	-0.998654111076	-0.27149631044
0.880880880881	0.769268969766	-0.997270539373	-0.228001569606
0.890890890891	0.808276982412	-0.980127954722	-0.17185097231
0.900900900901	0.84402448403	-0.94749724672	-0.10347276269
0.910910910911	0.876367272662	-0.899894050523	-0.0235267778608
0.920920920921	0.905174880634	-0.838070598705	0.067104281929
0.930930930931	0.930331100846	-0.763003834372	0.167327266474
0.940940940941	0.951734455543	-0.675879973363	0.27585448218
0.950950950951	0.969298605666	-0.5780757595	0.391222846166
0.960960960961	0.982952699136	-0.471136709083	0.511815990053
0.970970970971	0.992641656662	-0.356752688414	0.635888968248
0.980980980981	0.99832639393	-0.236731210292	0.761595183638
0.990990990991	0.999983979258	-0.112968871429	0.887015107829
1.001001001	0.99760772611	0.0125786178387	1.01018634395
1.01101101101	0.991207220059	0.137927337973	1.12913455803
1.02102102102	0.980808280127	0.261096510412	1.24190479054
1.03103103103	0.96645285463	0.380139798124	1.34659265275
1.04104104104	0.948198851964	0.493176061899	1.44137491386
1.05105105105	0.926119907006	0.598419086391	1.5245389934
1.06106106106	0.900305084082	0.694205806141	1.59451089022
1.07107107107	0.870858517685	0.779022585583	1.64988110327
1.08108108108	0.837898992411	0.851529137733	1.68942813014
1.09109109109	0.801559463791	0.910579703592	1.71213916738
1.1011011011	0.761986521963	0.955241157598	1.71722767956
1.11111111111	0.719339800339	0.984807753012	1.70414755335
1.12112112112	0.673791331662	0.998812274227	1.67260360589
1.13113113113	0.625524854041	0.997033419779	1.62255827382
1.14114114114	0.574735069771	0.979499299381	1.55423436915
1.15115115115	0.521626859919	0.946486989735	1.46811384965
1.16116116116	0.466414457858	0.89851815612	1.36493261398
1.17117117117	0.409320585068	0.836350808966	1.24567139403
1.18118118118	0.3505755527	0.760967325662	1.11154287836
1.19119119119	0.290416332522	0.673558926887	0.963975259408
1.2012012012	0.229085600998	0.57550685277	0.804592453768
1.21121121121	0.166830760358	0.468360536333	0.635191296691
1.22122122122	0.103902940596	0.353813119126	0.457716059723
1.23123123123	0.0405559864399	0.233674695964	0.274230682404
1.24124124124	-0.0229545666361	0.109843711543	0.0868891449064
1.25125125125	-0.0863725232145	-0.015723039057	-0.102095562272
1.26126126126	-0.149442061404	-0.141041331925	-0.290483393328
1.27127127127	-0.211908764797	-0.264130869317	-0.476039634114
1.28128128128	-0.273520648767	-0.383046572603	-0.65656722137
1.29129129129	-0.334029176943	-0.495909318684	-0.829938495627
1.3013013013	-0.393190263785	-0.600935634163	-0.994125897949
1.31131131131	-0.450765259203	-0.696465878049	-1.14723113725
1.32132132132	-0.506521911242	-0.780990467646	-1.28751237889
1.33133133133	-0.560235302972	-0.853173733193	-1.41340903616
1.34134134134	-0.611688759774	-0.911875024315	-1.52356378409
1.35135135135	-0.66067472339	-0.956166734739	-1.61684145813
1.36136136136	-0.706995589189	-0.985348960468	-1.69234454966
1.37137137137	-0.750464503287	-0.998960559759	-1.74942506305
1.38138138138	-0.790906116296	-0.996786440157	-1.78769255645
1.39139139139	-0.828157290669	-0.978860957414	-1.80701824808
1.4014014014	-0.862067758776	-0.945467372594	-1.80753513137
1.41141141141	-0.892500729076	-0.897133375942	-1.78963410502
1.42142142142	-0.919333437916	-0.834622748248	-1.75395618616
1.43143143143	-0.942457644747	-0.758923291468	-1.70138093621
1.44144144144	-0.96178006876	-0.671231219341	-1.6330112881
1.45145145145	-0.977222765169	-0.572932254642	-1.55015501981
1.46146146146	-0.988723439634	-0.465579731794	-1.45430317143
1.47147147147	-0.996235699547	-0.350870050851	-1.3471057504
1.48148148148	-0.999729241179	-0.230615870742	-1.23034511192
1.49149149149	-0.999189971924	-0.106717465371	-1.1059074373
1.5015015015	-0.99462006714	0.0188673047845	-0.975752762355
1.51151151151	-0.98603796138	0.144153931068	-0.841884030312
1.52152152152	-0.973478274028	0.267162616135	-0.706315657894
1.53153153153	-0.956991669646	0.385949558995	-0.571042110651
1.54154154154	-0.936644653598	0.498637671241	-0.438006982357
1.55155155155	-0.912519303774	0.603446239063	-0.309073064711
1.56156156156	-0.8847129395	0.698719062352	-0.185993877147
1.57157157157	-0.853337728953	0.782950626208	-0.0703871027445
1.58158158158	-0.818520236693	0.854809891307	0.0362896546137
1.59159159159	-0.780400913111	0.913161327173	0.132760414062
1.6016016016	-0.739133527863	0.957082855998	0.217949328135
1.61161161161	-0.694884549583	0.985880423447	0.290995873864
1.62162162162	-0.647832474363	0.999098966205	0.351266491842
1.63163163163	-0.598167105713	0.99652960295	0.398362497237
1.64164164164	-0.54608878892	0.978212935133	0.432124146213
1.65165165165	-0.491807602866	0.944438405381	0.452630802514
1.66166166166	-0.435542512597	0.895739723685	0.460197211088
1.67167167167	-0.377520486035	0.832886433641	0.455365947606
1.68168168168	-0.317975578413	0.756871752005	0.438896173592
1.69169169169	-0.257147988118	0.668896873744	0.411748885626
1.7017017017	-0.195283087756	0.570351990578	0.375068902822
1.71171171171	-0.13263043434	0.462794322967	0.330163888628
1.72172172172	-0.0694427626032	0.347923512694	0.278480750091
1.73173173173	-0.00597496549104	0.227554764876	0.221579799385
1.74174174174	0.0575169340529	0.103590163832	0.161107097885
1.75175175175	0.120776815858	-0.0220113839262	0.0987654319319
1.76176176176	0.183549495691	-0.14726510462	0.0362843910709
1.77177177177	0.245581754644	-0.270191720884	-0.0246099662401
1.78178178178	0.306623360594	-0.388848728591	-0.0822253679972
1.79179179179	0.366428077619	-0.501361092588	-0.134933014969
1.8018018018	0.424754659284	-0.605950876264	-0.18119621698
1.81181181181	0.481367821811	-0.700965336768	-0.219597514957
1.82182182182	0.536039193188	-0.784903041886	-0.248863848699
1.83183183183	0.5885482344	-0.856437595893	-0.267889361494
1.84184184184	0.638683129062	-0.914438599445	-0.275755470383
1.85185185185	0.686241637869	-0.957989512315	-0.271747874447
1.86186186186	0.731031914402	-0.986402136696	-0.255370222293
1.87187187187	0.772873279028	-0.999227492196	-0.226354213168
1.88188188188	0.811596947735	-0.996262910699	-0.184665962963
1.89189189189	0.847046712996	-0.977555238948	-0.130508525952
1.9019019019	0.879079573893	-0.943400098272	-0.064320524379
1.91191191191	0.907566312968	-0.894337213131	0.0132290998371
1.92192192192	0.932392017477	-0.831141882316	0.101250135162
1.93193193193	0.953456542934	-0.754812727561	0.198643815373
1.94194194194	0.970674917083	-0.666555913182	0.3041190039
1.95195195195	0.983977682672	-0.567766086095	0.416211596577
1.96196196196	0.993311177633	-0.460004337399	0.533306840234
1.97197197197	0.998637751552	-0.344973533795	0.653664217757
1.98198198198	0.999935917546	-0.224491408638	0.775444508908
1.99199199199	0.997200438939	-0.100461837852	0.896738601087
2.002002002	0.990442350387	0.0251552453894	1.01559759578
2.01201201201	0.979688913364	0.150374821814	1.13006373518
2.02202202202	0.964983506193	0.273218153608	1.2382016598
2.03203203203	0.946385449062	0.39174405272	1.33812950178
2.04204204204	0.923969764731	0.504079555791	1.42804932052
2.05205205205	0.897826875899	0.608449520994	1.50627639689
2.06206206206	0.868062240446	0.703204679081	1.57126691953
2.07207207207	0.834795926027	0.786847695372	1.6216436214
2.08208208208	0.798162125732	0.858056830856	1.65621895659
2.09209209209	0.758308616761	0.9157068285	1.67401544526
2.1021021021	0.715396164307	0.958886694725	1.67428285903
2.11211211211	0.669597873046	0.986914095053	1.6565119681
2.12212212212	0.621098488847	0.999346136462	1.62044462531
2.13213213213	0.570093653527	0.995986366039	1.56608001957
2.14214214214	0.516789115648	0.976887875361	1.49367699101
2.15215215215	0.461399900552	0.942352461534	1.40375236209
2.16216216216	0.404149442966	0.89292585815	1.29707530112
2.17217217217	0.345268685687	0.829389111525	1.17465779721
2.18218218218	0.284995147985	0.752746238498	1.03774138648
2.19219219219	0.223571967472	0.664208360806	0.887780328278
2.2022022022	0.161246919305	0.565174566765	0.726421486071
2.21221221221	0.0982714166902	0.457209802679	0.555481219369
2.22222222222	0.0348994967025	0.342020143326	0.376919640028
2.23223223223	-0.0286132044732	0.221425832322	0.192812627848
2.24224224224	-0.0920104827547	0.0973325183683	0.00532203561362
2.25225225225	-0.155036599664	-0.0282988580831	-0.183335457747
2.26226226226	-0.217437313953	-0.153483051896	-0.370920365849
2.27227227227	-0.278960907187	-0.276241884379	-0.555202791566
2.28228228228	-0.339359199151	-0.394635502749	-0.7339947019
2.29229229229	-0.398388548989	-0.506793033968	-0.905181582957
2.3023023023	-0.455810838022	-0.610942148545	-1.06675298657
2.31231231231	-0.511394430302	-0.705437067146	-1.21683149745
2.32232232232	-0.564915107002	-0.788784567433	-1.35369967443
2.33233233233	-0.616156970899	-0.859667580181	-1.47582455108
2.34234234234	-0.664913317279	-0.916966001796	-1.58187931908
2.35235235235	-0.710987467765	-0.959774394353	-1.67076186212
2.36236236236	-0.754193563698	-0.987416293457	-1.74160985716
2.37237237237	-0.794357315875	-0.999454897829	-1.7938122137
2.38238238238	-0.831316707609	-0.995699971707	-1.82701667932
2.39239239239	-0.864922648297	-0.976210850974	-1.84113349927
2.4024024024	-0.89503957483	-0.94129550553	-1.83633508036
2.41241241241	-0.921545998445	-0.891505672698	-1.81305167114
2.42242242242	-0.944334994797	-0.827628138603	-1.7719631334
2.43243243243	-0.963314635282	-0.750672305253	-1.71398694053
2.44244244244	-0.978408357871	-0.66185423983	-1.6402625977
2.45245245245	-0.989555275949	-0.562577458218	-1.55213273417
2.46246246246	-0.996710423928	-0.454410746445	-1.45112117037
2.47247247247	-0.999844938635	-0.339063370495	-1.33890830913
2.48248248248	-0.998946175741	-0.218358066245	-1.21730424199
2.49249249249	-0.994017760769	-0.0942022363276	-1.0882199971
2.5025025025	-0.985079574467	0.0314421909191	-0.953637383548
2.51251251251	-0.972167672613	0.156589764129	-0.815577908484
2.52252252252	-0.955334140567	0.279262883293	-0.676071257274
2.53253253253	-0.934646883167	0.397523050084	-0.537123833083
2.54254254254	-0.910189350804	0.509501500284	-0.40068785052
2.55255255255	-0.882060202795	0.613428734267	-0.268631468528
2.56256256256	-0.850372909396	0.707662478887	-0.14271043051
2.57257257257	-0.815255294079	0.790713638915	-0.0245416551641
2.58258258258	-0.776849017902	0.861269827939	0.0844208100377
2.59259259259	-0.73530900806	0.91821610688	0.18290709882
2.6026026026	-0.690802832929	0.960652602422	0.269849769494
2.61261261261	-0.643510026106	0.98790872694	0.344398700834
2.62262262262	-0.593621362192	0.999553775222	0.40593241303
2.63263263263	-0.541338087223	0.995403730534	0.454065643311
2.64264264264	-0.486871106864	0.975524172482	0.488653065618
2.65265265265	-0.430440135636	0.94022924071	0.509789105074
2.66266266266	-0.372272810609	0.890076670822	0.517803860213
2.67267267267	-0.312603773136	0.825858980964	0.513255207828
2.68268268268	-0.251673722332	0.748590948335	0.496917226003
2.69269269269	-0.189728444119	0.659493573536	0.469765129417
2.7027027027	-0.127017819747	0.559974786138	0.432956966391
2.71271271271	-0.0637948177971	0.451607196377	0.38781237858
2.72272272272	-0.000314473733918	0.336103244542	0.335788770808
2.73273273273	0.0631671388859	0.215288140745	0.278455279631
2.74274274274	0.126393941388	0.0910710226866	0.217464964075
2.75275275275	0.189110882978	-0.0345852128118	0.154525670166
2.76276276276	0.25106496959	-0.159694927788	0.0913700418025
2.77277277277	0.312006284442	-0.282281120474	0.0297251639682
2.78278278278	0.371688996175	-0.400406666168	-0.0287176699925
2.79279279279	0.429872350513	-0.512204927953	-0.0823325774399
2.8028028028	0.486321641442	-0.615909253567	-0.129587612125
2.81281281281	0.540809157993	-0.709880892294	-0.169071734301
2.82282282282	0.593115102803	-0.792634890742	-0.199519787939
2.83283283283	0.643028478759	-0.862863558286	-0.219835079527
2.84284284284	0.690347940139	-0.91945713139	-0.229109191251
2.85285285285	0.734882604821	-0.961521310247	-0.226638705426
2.86286286286	0.776452824283	-0.988391390633	-0.21193856635
2.87287287287	0.814890908288	-0.999642767662	-0.184751859375
2.88288288288	0.850041801328	-0.99509764545	-0.145055844122
2.89289289289	0.881763708109	-0.974827846675	-0.0930641385657
2.9029029029	0.909928665531	-0.93915367762	-0.029225012089
2.91291291291	0.934423058885	-0.888638866652	0.0457841922327
2.92292292292	0.955148080162	-0.824081656103	0.131066424059
2.93293293293	0.972020126635	-0.746502188328	0.225517938307
2.94294294294	0.984971138102	-0.657126385269	0.327844752833
2.95295295295	0.993948871439	-0.557366576262	0.436582295177
2.96296296296	0.998917111339	-0.4487991802	0.550117931138
2.97297297297	0.999855816403	-0.333139794742	0.666716021661
2.98298298298	0.996761199987	-0.212216086183	0.784545113804
2.99299299299	0.989645745472	-0.0879389084111	0.901706837061
3.003003003	0.978538155914	0.0377278926787	1.01626604859
3.01301301301	0.963483238253	0.162798512165	1.12628175042
3.02302302302	0.944541722566	0.285296566074	1.22983828864
3.03303303303	0.921790017094	0.403286322484	1.32507633958
3.04304304304	0.895319900011	0.514903290241	1.41022319025
3.05305305305	0.865238149205	0.618383681916	1.48362183112
3.06306306306	0.831666111544	0.712092285431	1.54375839697
3.07307307307	0.794739213374	0.794548303912	1.58928751729
3.08308308308	0.754606414226	0.86444875546	1.61905516969
3.09309309309	0.711429605921	0.920689063053	1.63211866897
3.1031031031	0.665382959521	0.962380509237	1.62776346876
3.11311311311	0.616652222736	0.988864279763	1.6055165025
3.12312312312	0.565433970636	0.99972187427	1.56515584491
3.13313313313	0.511934812688	0.994781719483	1.50671653217
3.14314314314	0.456370559309	0.974121880439	1.43049243975
3.15315315315	0.398965351315	0.938068826896	1.33703417821
3.16316316316	0.339950755753	0.887192274409	1.22714303016
3.17317317317	0.279564831782	0.822296181599	1.10186101338
3.18318318318	0.218051170368	0.744406045888	0.962457216256
3.19319319319	0.155657911661	0.65475269844	0.810410610101
3.2032032032	0.092636744022	0.554752854384	0.647389598406
3.21321321321	0.0292418887334	0.445986725685	0.475228614419
3.22322322322	-0.0342709255009	0.330173050401	0.2959021249
3.23323323323	-0.0976454941424	0.209141932938	0.111496438795
3.24324324324	-0.160626170322	0.0848059244755	-0.0758202458467
3.25325325325	-0.222958896095	-0.0408701994407	-0.263829095536
3.26326326326	-0.284392227285	-0.165900486569	-0.450292713854
3.27327327327	-0.344678347787	-0.288309190272	-0.632987538059
3.28328328328	-0.403574069232	-0.406161990554	-0.809736059786
3.29329329329	-0.460841811986	-0.517596560462	-0.978438372448
3.3033033033	-0.516250563526	-0.620851994843	-1.13710255837
3.31331331331	-0.569576810314	-0.714296636427	-1.28387344674
3.32332332332	-0.620605439441	-0.796453859505	-1.41705929895
3.33333333333	-0.669130606359	-0.866025403784	-1.53515601014
3.34334334334	-0.714956565248	-0.921911889685	-1.63686845493
3.35335335335	-0.757898458629	-0.963230190894	-1.72112864952
3.36336336336	-0.797783063066	-0.989327389653	-1.78711045272
3.37337337337	-0.834449487929	-0.999791094264	-1.83424058219
3.38338338338	-0.867749824414	-0.994455955755	-1.86220578017
3.39339339339	-0.897549742189	-0.973406280756	-1.87095602294
3.4034034034	-0.923729031273	-0.936974699267	-1.86070373054
3.41341341341	-0.946182086952	-0.885736908397	-1.83191899535
3.42342342342	-0.964818335774	-0.820502575107	-1.78532091088
3.43343343343	-0.979562600917	-0.742302541746	-1.72186514266
3.44344344344	-0.990355405444	-0.652372536522	-1.64272794197
3.45345345345	-0.997153212228	-0.552133646353	-1.54928685858
3.46346346346	-0.999928599575	-0.443169860644	-1.44309846022
3.47347347347	-0.998670371841	-0.327203040858	-1.3258734127
3.48348348348	-0.993383604594	-0.206065711412	-1.19944931601
3.49349349349	-0.984089624143	-0.0816721018632	-1.06576172601
3.5035035035	-0.970825921502	0.0440121020224	-0.92681381948
3.51351351351	-0.953646001164	0.169000820322	-0.784645180843
3.52352352352	-0.932619165263	0.291318963276	-0.641300201988
3.53353353353	-0.907830234017	0.409033641941	-0.498796592076
3.54354354354	-0.879379203572	0.520284711982	-0.359094491591
3.55355355355	-0.847380842629	0.623314167938	-0.224066674691
3.56356356356	-0.811964229476	0.716493923483	-0.0954703059931
3.57357357357	-0.773272231297	0.798351538674	0.0250793073772
3.58358358358	-0.731460927865	0.867593487668	0.136132559802
3.59359359359	-0.686698981926	0.923125599194	0.236426617268
3.6036036036	-0.639166958833	0.964070346816	0.324903387983
3.61361361361	-0.589056598161	0.989780715724	0.400724117563
3.62362362362	-0.53657004025	0.999850426958	0.463280386708
3.63363363363	-0.481919010788	0.99412035749	0.512201346702
3.64364364364	-0.425323966733	0.972681054703	0.54735708797
3.65365365365	-0.367013207009	0.935871305554	0.568858098545
3.66366366366	-0.30722195157	0.884272783009	0.577050831439
3.67367367367	-0.246191392547	0.818700854366	0.572509461818
3.68368368368	-0.184167721302	0.740191696702	0.5560239754
3.69369369369	-0.121401135315	0.649985923054	0.528584787739
3.7037037037	-0.0581448289105	0.549508978071	0.49136414916
3.71371371371	0.00534602809941	0.440348612935	0.445694641034
3.72372372372	0.06881531975	0.324229795484	0.393045115234
3.73373373373	0.132007017069	0.202987452027	0.334994469095
3.74374374374	0.194666210871	0.0785374715657	0.273203682437
3.75375375375	0.256540140042	-0.0471535693523	0.20938657069
3.76376376376	0.317379211146	-0.172099482764	0.145279728382
3.77377377377	0.376938005265	-0.294325855319	0.0826121499455
3.78378378378	0.434976267994	-0.411901248244	0.0230750197505
3.79379379379	0.491259878607	-0.522967718216	-0.0317078396089
3.8038038038	0.54556179447	-0.625770176852	-0.0802083823813
3.81381381381	0.597662966918	-0.718684124869	-0.12102115795
3.82382382382	0.647353224869	-0.800241322654	-0.152888097785
3.83383383383	0.694432122637	-0.869152991602	-0.174720868965
3.84384384384	0.738709748511	-0.924330179577	-0.185620431066
3.85385385385	0.780007490838	-0.964900968695	-0.184893477857
3.86386386386	0.818158758526	-0.990224253491	-0.172065494965
3.87387387387	0.85300965306	-0.999899871767	-0.146890218706
3.88388388388	0.884419589307	-0.993774928005	-0.109355338698
3.89389389389	0.912261862629	-0.971946209452	-0.0596843468235
3.9039039039	0.936424159991	-0.934758656667	0.00166550332424
3.91391391391	0.956809013029	-0.882799912725	0.0740091003044
3.92392392392	0.97333419122	-0.816891037193	0.156443154027
3.93393393393	0.985933033596	-0.738073531632	0.247859501964
3.94394394394	0.994554717648	-0.647592881637	0.346961836011
3.95395395395	0.999164464339	-0.546878875494	0.452285588845
3.96396396396	0.999743678396	-0.437523010457	0.562220667939
3.97397397397	0.996290023326	-0.321253343684	0.675036679642
3.98398398398	0.98881743084	-0.199907185225	0.788910245615
3.99399399399	0.97735604465	-0.0754020645824	0.901953980068
4.004004004	0.96195209888	0.0502945703634	1.01224666924
4.01401401401	0.942667731552	0.175196443252	1.1178641748
4.02402402402	0.919580733936	0.297329836667	1.2169105706
4.03403403403	0.892784236745	0.414764781105	1.30754901785
4.04404404404	0.86238633445	0.525645552631	1.38803188708
4.05405405405	0.828509649244	0.628219997296	1.45672964654
4.06406406406	0.791290836393	0.720867218925	1.51215805532
4.07407407407	0.750880032982	0.802123192755	1.55300322574
4.08408408408	0.707440252275	0.870703900165	1.57814415244
4.09409409409	0.661146726139	0.925525618922	1.58667234506
4.1041041041	0.612186198173	0.965722048315	1.57790824649
4.11411411411	0.560756170403	0.990657998569	1.55141416897
4.12412412412	0.507064106576	0.9999394282	1.50700353478
4.13413413413	0.451326595276	0.993419670718	1.44474626599
4.14414414414	0.393768476223	0.97120175227	1.36497022849
4.15415415415	0.334621933292	0.933636763611	1.2682586969
4.16416416416	0.274125557906	0.88131831211	1.15544387002
4.17417417417	0.212523386581	0.815073141486	1.02759652807
4.18418418418	0.150063916507	0.735948067484	0.886011983991
4.19419419419	0.0869991031351	0.645193435939	0.732192539074
4.2042042042	0.0235833438109	0.544243364632	0.567826708442
4.21421421421	-0.0399275484372	0.434693081154	0.394765532717
4.22422422422	-0.103277376824	0.318273714892	0.214996338069
4.23423423423	-0.166210594279	0.196824941468	0.0306143471884
4.24424424424	-0.228473334303	0.0722659119206	-0.156207422382
4.25425425425	-0.289814435034	-0.0534350739931	-0.343249509027
4.26426426426	-0.349986452417	-0.178291671158	-0.528278123575
4.27427427427	-0.408746658363	-0.300330877612	-0.709077535974
4.28428428428	-0.465858019895	-0.417624212206	-0.883482232101
4.29429429429	-0.521090155315	-0.528318188746	-1.04940834406
4.3043043043	-0.574220263541	-0.630663605043	-1.20488386858
4.31431431431	-0.625034022863	-0.723043184062	-1.34807720692
4.32432432432	-0.673326455501	-0.803997130367	-1.47732358587
4.33433433433	-0.718902754461	-0.872246198019	-1.59114895248
4.34434434434	-0.761579069368	-0.926711905405	-1.68829097477
4.35435435435	-0.801183248104	-0.966533577558	-1.76771682566
4.36436436436	-0.83755553125	-0.991081946669	-1.82863747792
4.37437437437	-0.870549196538	-0.999969095868	-1.87051829241
4.38438438438	-0.900031150721	-0.99305458914	-1.89308573986
4.39439439439	-0.925882466453	-0.97044769052	-1.89633015697
4.4044044044	-0.947998862029	-0.93250563748	-1.88050449951
4.41441441441	-0.966291122054	-0.879827995816	-1.84611911787
4.42442442442	-0.980685457323	-0.813247185224	-1.79393264255
4.43443443443	-0.991123802483	-0.733815325277	-1.72493912776
4.44444444444	-0.99756405026	-0.642787609687	-1.64035165995
4.45445445445	-0.999980221319	-0.541602471548	-1.54158269287
4.46446446446	-0.99836256906	-0.431858853013	-1.43022142207
4.47447447447	-0.992717618935	-0.315290938576	-1.30800855751
4.48448448448	-0.983068142127	-0.193740751237	-1.17680889336
4.49449449449	-0.969453063689	-0.0691290445948	-1.03858210828
4.5045045045	-0.951927305529	0.0565750491838	-0.895352256345
4.51451451451	-0.930561564858	0.181385135873	-0.749176428985
4.52452452452	-0.905442029002	0.303328948475	-0.602113080527
4.53453453453	-0.876670027735	0.420479513269	-0.456190514466
4.54454454454	-0.844361624523	0.530985600129	-0.313376024394
4.55455455455	-0.808647148334	0.633100975927	-0.175546172407
4.56456456456	-0.769670667903	0.72521199876	-0.0444586691428
4.57457457457	-0.727589410577	0.805863116958	0.0782737063807
4.58458458458	-0.682573128069	0.873779869913	0.191206741843
4.59459459459	-0.634803411702	0.927889027297	0.293085615594
4.6046046046	-0.584472959883	0.967335548397	0.382862588514
4.61461461461	-0.531784800777	0.991496093597	0.459711292821
4.62462462462	-0.476951473312	0.999988874476	0.523037401163
4.63463463463	-0.42019416982	0.992679686884	0.572485517064
4.64464464464	-0.361741843762	0.969684031658	0.607942187896
4.65465465465	-0.301830286157	0.93136528946	0.629535003303
4.66466466466	-0.240701174425	0.878328978583	0.637627804158
4.67467467467	-0.178601097478	0.811413186463	0.632812088985
4.68468468468	-0.11578056101	0.731675326102	0.615894765092
4.69469469469	-0.0524929769772	0.640375426673	0.587882449696
4.7047047047	0.0110063586381	0.53895622236	0.549962580998
4.71471471471	0.0744612956691	0.429020354062	0.503481649731
4.72472472472	0.137615863048	0.312305044231	0.44992090728
4.73473473473	0.200215301371	0.190654645033	0.390869946404
4.74474474474	0.262007090568	0.0659914936266	0.327998584194
4.75475475475	0.322741968549	-0.0597144648832	0.263027503665
4.76476476476	0.382174936701	-0.184476806803	0.197698129898
4.77477477477	0.440066248191	-0.306324019607	0.133742228584
4.78478478478	0.496182375076	-0.423330656057	0.0728517190194
4.79479479479	0.550296950339	-0.533647760402	0.0166491899364
4.8048048048	0.602191681025	-0.635532085844	-0.033340404819
4.81481481481	0.651657228821	-0.727373641573	-0.0757164127516
4.82482482482	0.6984940545	-0.807721134074	-0.109227079574
4.83483483483	0.742513222844	-0.875304900678	-0.132791677834
4.84484484484	0.783537164795	-0.929056972954	-0.14551980816
4.85485485485	0.821400393745	-0.968127952902	-0.146727559157
4.86486486486	0.855950173097	-0.991900435259	-0.135950262162
4.87487487487	0.88704713239	-0.999998763829	-0.112951631438
4.88488488488	0.914565829503	-0.992294967655	-0.0777291381517
4.89489489489	0.938395256678	-0.968910783236	-0.0305155265579
4.9049049049	0.958439288315	-0.930215730829	0.0282235574867
4.91491491491	0.974617068733	-0.876821275233	0.0977957934998
4.92492492492	0.986863338333	-0.809571163341	0.177292174992
4.93493493493	0.995128696849	-0.729528091122	0.265600605727
4.94494494494	0.999379802627	-0.637956910753	0.361422891874
4.95495495495	0.999599507118	-0.536304643237	0.463294863881
4.96496496496	0.995786924056	-0.426177612372	0.569609311683
4.97497497497	0.98795743303	-0.309316061389	0.678641371641
4.98498498498	0.976142617449	-0.187566653376	0.788575964073
4.99499499499	0.960390137134	-0.0628532900445	0.897536847089
5.00500500501	0.940763536065	0.0628532900445	1.00361682611
5.01501501502	0.917341986048	0.187566653376	1.10490863942
5.02502502503	0.890219967347	0.309316061389	1.19953602874
5.03503503504	0.859506887557	0.426177612372	1.28568449993
5.04504504505	0.825326640266	0.536304643237	1.3616312835
5.05505505506	0.787817105279	0.637956910753	1.42577401603
5.06506506507	0.747129592427	0.729528091122	1.47665768355
5.07507507508	0.703428231193	0.809571163341	1.51299939453
5.08508508509	0.656889308635	0.876821275233	1.53371058387
5.0950950951	0.607700558256	0.930215730829	1.53791628908
5.10510510511	0.556060402709	0.968910783236	1.52497118594
5.11511511512	0.502177153378	0.992294967655	1.49447212103
5.12512512513	0.44626817007	0.999998763829	1.4462669339
5.13513513514	0.388558984205	0.991900435259	1.38045941946
5.14514514515	0.329282389048	0.968127952902	1.29741034195
5.15515515516	0.268677500641	0.929056972954	1.19773447359
5.16516516517	0.206988793229	0.875304900678	1.08229369391
5.17517517518	0.144465113083	0.807721134074	0.952186247156
5.18518518519	0.0813586746679	0.727373641573	0.808732316241
5.1951951952	0.017924043243	0.635532085844	0.653456129087
5.20520520521	-0.0455828920356	0.533647760402	0.488064868367
5.21521521522	-0.108905950345	0.423330656057	0.314424705712
5.22522522523	-0.171789692602	0.306324019607	0.134534327004
5.23523523524	-0.233980451886	0.184476806803	-0.0495036450827
5.24524524525	-0.295227356699	0.0597144648832	-0.235512891816
5.25525525526	-0.355283342961	-0.0659914936266	-0.421274836588
5.26526526527	-0.413906150644	-0.190654645033	-0.604560795677
5.27527527528	-0.470859301021	-0.312305044231	-0.783164345253
5.28528528529	-0.525913050603	-0.429020354062	-0.954933404665
5.2952952953	-0.578845317898	-0.53895622236	-1.11780154026
5.30530530531	-0.629442579268	-0.640375426673	-1.26981800594
5.31531531532	-0.677500730265	-0.731675326102	-1.40917605637
5.32532532533	-0.722825908963	-0.811413186463	-1.53423909543
5.33533533534	-0.765235277984	-0.878328978583	-1.64356425657
5.34534534535	-0.804557762043	-0.93136528946	-1.7359230515
5.35535535536	-0.840634738048	-0.969684031658	-1.81031876971
5.36536536537	-0.873320674975	-0.992679686884	-1.86600036186
5.37537537538	-0.902483720921	-0.999988874476	-1.9024725954
5.38538538539	-0.928006234984	-0.991496093597	-1.91950232858
5.3953953954	-0.949785261816	-0.967335548397	-1.91712081021
5.40540540541	-0.967732946933	-0.927889027297	-1.89562197423
5.41541541542	-0.981776891113	-0.873779869913	-1.85555676103
5.42542542543	-0.991860442444	-0.805863116958	-1.7977235594
5.43543543544	-0.997942924859	-0.72521199876	-1.72315492362
5.44544544545	-0.999999802213	-0.633100975927	-1.63310077814
5.45545545546	-0.99802277726	-0.530985600129	-1.52900837739
5.46546546547	-0.99201982513	-0.420479513269	-1.4124993384
5.47547547548	-0.982015161148	-0.303328948475	-1.28534410962
5.48548548549	-0.968049143161	-0.181385135873	-1.14943427903
5.4954954955	-0.95017810873	-0.0565750491838	-1.00675315791
5.50550550551	-0.928474147879	0.0691290445948	-0.859345103284
5.51551551552	-0.90302481228	0.193740751237	-0.709284061043
5.52552552553	-0.87393276209	0.315290938575	-0.558641823514
5.53553553554	-0.841315351818	0.431858853013	-0.409456498804
5.54554554555	-0.805304156937	0.541602471548	-0.263701685389
5.55555555556	-0.766044443119	0.642787609687	-0.123256833432
5.56556556557	-0.723694580244	0.733815325277	0.0101207450323
5.57557557558	-0.678425403557	0.813247185224	0.134821781667
5.58558558559	-0.630419524528	0.879827995816	0.249408471288
5.5955955956	-0.579870594224	0.93250563748	0.352635043256
5.60560560561	-0.526982522129	0.97044769052	0.44346516839
5.61561561562	-0.471968653604	0.99305458914	0.521085935537
5.62562562563	-0.415050909262	0.999969095868	0.584918186606
5.63563563564	-0.356458889769	0.991081946669	0.6346230569
5.64564564565	-0.296428949654	0.966533577558	0.670104627904
5.65565565566	-0.235203243879	0.926711905405	0.691508661526
5.66566566567	-0.17302875101	0.872246198019	0.69921744701
5.67567567568	-0.110156276924	0.803997130367	0.693840853443
5.68568568569	-0.0468394430911	0.723043184062	0.67620374097
5.6956956957	0.0166663365166	0.630663605043	0.647329941559
5.70570570571	0.0801048857378	0.528318188746	0.608423074484
5.71571571572	0.143220299612	0.417624212206	0.560844511818
5.72572572573	0.205757976675	0.300330877612	0.506088854286
5.73573573574	0.267465645997	0.178291671158	0.445757317155
5.74574574575	0.32809438482	0.0534350739931	0.381529458813
5.75575575576	0.387399622686	-0.0722659119206	0.315133710765
5.76576576577	0.445142128011	-0.196824941468	0.248317186544
5.77577577578	0.501088973125	-0.318273714892	0.182815258233
5.78578578579	0.555014473876	-0.434693081154	0.120321392721
5.7957957958	0.606701100017	-0.544243364632	0.0624577353859
5.80580580581	0.655940352709	-0.645193435939	0.0107469167705
5.81581581582	0.702533605576	-0.735948067484	-0.0334144619076
5.82582582583	0.746292905952	-0.815073141486	-0.0687802355342
5.83583583584	0.787041733058	-0.88131831211	-0.0942765790514
5.84584584585	0.824615710075	-0.933636763611	-0.109021053535
5.85585585586	0.85886326722	-0.97120175227	-0.11233848505
5.86586586587	0.889646253167	-0.993419670718	-0.103773417551
5.87587587588	0.916840492331	-0.9999394282	-0.0830989358691
5.88588588589	0.940336285789	-0.990657998569	-0.0503217127808
5.8958958959	0.960038853785	-0.965722048315	-0.00568319453071
5.90590590591	0.975868718069	-0.925525618922	0.0503430991475
5.91591591592	0.987762022503	-0.870703900165	0.117058122338
5.92592592593	0.99567079065	-0.802123192755	0.193547597895
5.93593593594	0.999563119304	-0.720867218925	0.278695900379
5.94594594595	0.999423307189	-0.628219997296	0.371203309894
5.95595595596	0.995251918294	-0.525645552631	0.469606365663
5.96596596597	0.987065779597	-0.414764781105	0.572300998492
5.97597597598	0.974897913189	-0.297329836667	0.677568076522
5.98598598599	0.958797403063	-0.175196443252	0.783600959811
5.995995996	0.938829197118	-0.0502945703634	0.888534626754
6.00600600601	0.915073845161	0.0754020645824	0.990475909743
6.01601601602	0.88762717398	0.199907185225	1.0875343592
6.02602602603	0.856599900788	0.321253343684	1.17785324447
6.03603603604	0.822117186597	0.437523010457	1.25964019705
6.04604604605	0.784318131336	0.546878875494	1.33119700683
6.05605605606	0.743355212731	0.647592881637	1.39094809437
6.06606606607	0.699393671227	0.738073531632	1.43746720286
6.07607607608	0.652610843422	0.816891037193	1.46950188062
6.08608608609	0.603195446711	0.882799912725	1.48599535944
6.0960960961	0.551346818015	0.934758656667	1.48610547468
6.10610610611	0.497274109679	0.971946209452	1.46922031913
6.11611611612	0.441195445768	0.993774928005	1.43497037377
6.12612612613	0.38333704218	0.999899871767	1.38323691395
6.13613613614	0.323932294108	0.990224253491	1.3141565476
6.14614614615	0.263220834549	0.964900968695	1.22812180324
6.15615615616	0.20144756765	0.924330179577	1.12577774723
6.16616616617	0.138861680781	0.869152991602	1.00801467238
6.17617617618	0.0757156393479	0.800241322654	0.875956962002
6.18618618619	0.0122641683621	0.718684124869	0.730948293231
6.1961961962	-0.0512367750905	0.625770176852	0.574533401761
6.20620620621	-0.114531034357	0.522967718216	0.408436683859
6.21621621622	-0.177363286529	0.411901248244	0.234537961715
6.22622622623	-0.239480072389	0.294325855319	0.0548457829307
6.23623623624	-0.300630818841	0.172099482764	-0.128531336077
6.24624624625	-0.360568849701	0.0471535693523	-0.313415280348
6.25625625626	-0.419052380758	-0.0785374715657	-0.497589852324
6.26626626627	-0.475845495117	-0.202987452027	-0.678832947144
6.27627627628	-0.530719094856	-0.324229795484	-0.85494889034
6.28628628629	-0.583451825192	-0.440348612935	-1.02380043813
6.2962962963	-0.633830967399	-0.549508978071	-1.18333994547
6.30630630631	-0.6816532969	-0.649985923054	-1.33163921995
6.31631631632	-0.726725903051	-0.740191696702	-1.46691759975
6.32632632633	-0.768866967326	-0.818700854366	-1.58756782169
6.33633633634	-0.807906496756	-0.884272783009	-1.69217927976
6.34634634635	-0.843687009662	-0.935871305554	-1.77955831522
6.35635635636	-0.876064170921	-0.972681054703	-1.84874522562
6.36636636637	-0.904907374202	-0.99412035749	-1.89902773169
6.37637637638	-0.930100268819	-0.999850426958	-1.92995069578
6.38638638639	-0.951541229074	-0.989780715724	-1.9413219448
6.3963963964	-0.969143764213	-0.964070346816	-1.93321411103
6.40640640641	-0.982836867314	-0.923125599194	-1.90596246651
6.41641641642	-0.992565301726	-0.867593487668	-1.86015878939
6.42642642643	-0.998289823887	-0.798351538674	-1.79664136256
6.43643643644	-0.999987341629	-0.716493923483	-1.71648126511
6.44644644645	-0.997651007331	-0.623314167938	-1.62096517527
6.45645645646	-0.991290245538	-0.520284711982	-1.51157495752
6.46646646647	-0.980930714947	-0.409033641941	-1.38996435689
6.47647647648	-0.966614204902	-0.291318963276	-1.25793316818
6.48648648649	-0.948398466815	-0.169000820322	-1.11739928714
6.4964964965	-0.92635698121	-0.0440121020224	-0.970369083233
6.50650650651	-0.900578661304	0.0816721018632	-0.818906559441
6.51651651652	-0.871167494341	0.206065711412	-0.66510178293
6.52652652653	-0.83824212212	0.327203040858	-0.511039081262
6.53653653654	-0.8019353624	0.443169860644	-0.358765501756
6.54654654655	-0.762393673134	0.552133646353	-0.210260026781
6.55655655656	-0.719776561664	0.652372536522	-0.067404025142
6.56656656657	-0.674255941288	0.742302541746	0.068046600458
6.57657657658	-0.626015437778	0.820502575107	0.19448713733
6.58658658659	-0.57524964865	0.885736908397	0.310487259746
6.5965965966	-0.52216335818	0.936974699267	0.414811341087
6.60660660661	-0.466970711319	0.973406280756	0.506435569437
6.61661661662	-0.409894349857	0.994455955755	0.584561605899
6.62662662663	-0.351164514304	0.999791094264	0.64862657996
6.63663663664	-0.291018115128	0.989327389653	0.698309274526
6.64664664665	-0.229697777073	0.963230190894	0.733532413821
6.65665665666	-0.167450860443	0.921911889685	0.754461029242
6.66666666667	-0.104528463268	0.866025403784	0.761496940517
6.67667667668	-0.0411844083997	0.796453859505	0.755269451105
6.68668668669	0.0223257803811	0.714296636427	0.736622416808
6.6966966967	0.0857459091271	0.620851994843	0.70659790397
6.70670670671	0.148820147184	0.517596560462	0.666416707646
6.71671671672	0.211294059188	0.406161990554	0.617456049742
6.72672672673	0.27291563143	0.288309190272	0.561224821703
6.73673673674	0.33343628846	0.165900486569	0.499336775029
6.74674674675	0.392611895811	0.0408701994407	0.433482095252
6.75675675676	0.450203744818	-0.0848059244755	0.365397820342
6.76676676677	0.505979515541	-0.209141932938	0.296837582603
6.77677677678	0.559714213926	-0.330173050401	0.229541163525
6.78678678679	0.611191079406	-0.445986725685	0.165204353721
6.7967967968	0.660202459295	-0.554752854384	0.105449604911
6.80680680681	0.706550646434	-0.65475269844	0.0517979479942
6.81681681682	0.750048676728	-0.744406045888	0.00564263083948
6.82682682683	0.790521083337	-0.822296181599	-0.0317750982616
6.83683683684	0.827804604495	-0.887192274409	-0.0593876699134
6.84684684685	0.86174884209	-0.938068826896	-0.0763199848059
6.85685685686	0.892216868357	-0.974121880439	-0.0819050120818
6.86686686687	0.91908577823	-0.994781719483	-0.0756959412531
6.87687687688	0.942247185129	-0.99972187427	-0.0574746891413
6.88688688689	0.961607658185	-0.988864279763	-0.0272566215788
6.8968968969	0.977089099124	-0.962380509237	0.0147085898869
6.90690690691	0.988629057313	-0.920689063053	0.0679399942606
6.91691691692	0.996180981681	-0.86444875546	0.131732226221
6.92692692693	0.999714408495	-0.794548303912	0.205166104583
6.93693693694	0.999215084254	-0.712092285431	0.287122798823
6.94694694695	0.994685023184	-0.618383681916	0.376301341268
6.95695695696	0.986142499113	-0.514903290241	0.471239208872
6.96696696697	0.973621971754	-0.403286322484	0.57033564927
6.97697697698	0.957173947701	-0.285296566074	0.671877381627
6.98698698699	0.936864776691	-0.162798512165	0.774066264525
6.996996997	0.91277638395	-0.0377278926787	0.875048491271
7.00700700701	0.885005939722	0.0879389084111	0.972944848133
7.01701701702	0.853665467287	0.212216086183	1.06588155347
7.02702702703	0.818881391074	0.333139794742	1.15202118582
7.03703703704	0.780794026677	0.4487991802	1.22959320688
7.04704704705	0.739557014832	0.557366576262	1.29692359109
7.05705705706	0.69533670165	0.657126385269	1.35246308692
7.06706706707	0.64831146759	0.746502188328	1.39481365592
7.07707707708	0.598671007889	0.824081656103	1.42275266399
7.08708708709	0.546615567351	0.888638866652	1.435254434
7.0970970971	0.492355132579	0.93915367762	1.4315088102
7.10710710711	0.436108584911	0.974827846675	1.41093643159
7.11711711712	0.378102817468	0.99509764545	1.37320046292
7.12712712713	0.318571819897	0.999642767662	1.31821458756
7.13713713714	0.257755734472	0.988391390633	1.24614712511
7.14714714715	0.195899887391	0.961521310247	1.15742119764
7.15715715716	0.133253799146	0.91945713139	1.05271093054
7.16716716717	0.0700701779866	0.862863558286	0.932933736273
7.17717717718	0.00660390051912	0.792634890742	0.799238791261
7.18718718719	-0.0568890164432	0.709880892294	0.652991875851
7.1971971972	-0.120152448625	0.615909253567	0.495756804942
7.20720720721	-0.182931197472	0.512204927953	0.329273730481
7.21721721722	-0.244972019594	0.400406666168	0.155434646574
7.22722722723	-0.306024648326	0.282281120474	-0.0237435278519
7.23723723724	-0.365842803279	0.159694927788	-0.206147875491
7.24724724725	-0.424185183813	0.0345852128118	-0.389599971001
7.25725725726	-0.480816442417	-0.0910710226866	-0.571887465104
7.26726726727	-0.535508134082	-0.215288140745	-0.750796274827
7.27727727728	-0.588039637823	-0.336103244542	-0.924142882366
7.28728728729	-0.638199046645	-0.451607196377	-1.08980624302
7.2972972973	-0.685784022351	-0.559974786138	-1.24575880849
7.30730730731	-0.730602611762	-0.659493573536	-1.3900961853
7.31731731732	-0.77247402103	-0.748590948335	-1.52106496936
7.32732732733	-0.811229344947	-0.825858980964	-1.63708832591
7.33733733734	-0.846712248292	-0.890076670822	-1.73678891911
7.34734734735	-0.878779596471	-0.94022924071	-1.81900883718
7.35735735736	-0.907302032909	-0.975524172482	-1.88282620539
7.36736736737	-0.932164500861	-0.995403730534	-1.92756823139
7.37737737738	-0.95326670754	-0.999553775222	-1.95282048276
7.38738738739	-0.970523528689	-0.98790872694	-1.95843225563
7.3973973974	-0.983865351964	-0.960652602422	-1.94451795439
7.40740740741	-0.993238357742	-0.91821610688	-1.91145446462
7.41741741742	-0.998604736227	-0.861269827939	-1.85987456417
7.42742742743	-0.999942839967	-0.790713638915	-1.79065647888
7.43743743744	-0.997247271182	-0.707662478887	-1.70490975007
7.44744744745	-0.990528903535	-0.613428734267	-1.6039576378
7.45745745746	-0.979814838271	-0.509501500284	-1.48931633855
7.46746746747	-0.965148294889	-0.397523050084	-1.36267134497
7.47747747748	-0.946588436806	-0.279262883293	-1.2258513201
7.48748748749	-0.92421013269	-0.156589764129	-1.08079989682
7.4974974975	-0.898103654451	-0.0314421909191	-0.929545845371
7.50750750751	-0.868374313094	0.0942022363276	-0.774172076767
7.51751751752	-0.835142033901	0.218358066245	-0.616783967656
7.52752752753	-0.798540872665	0.339063370495	-0.45947750217
7.53753753754	-0.758718474925	0.454410746445	-0.30430772848
7.54754754755	-0.715835480374	0.562577458218	-0.153258022156
7.55755755756	-0.670064874858	0.66185423983	-0.0082106350278
7.56756756757	-0.621591292563	0.750672305253	0.12908101269
7.57757757758	-0.570610271225	0.827628138603	0.257017867378
7.58758758759	-0.517327463342	0.891505672698	0.374178209356
7.5975975976	-0.4619578066	0.94129550553	0.479337698929
7.60760760761	-0.404724656828	0.976210850974	0.571486194146
7.61761761762	-0.345858887007	0.995699971707	0.6498410847
7.62762762763	-0.285597955949	0.999454897829	0.71385694188
7.63763763764	-0.224184950409	0.987416293457	0.763231343047
7.64764764765	-0.161867604503	0.959774394353	0.79790678985
7.65765765766	-0.0988973003643	0.916966001796	0.818068701432
7.66766766767	-0.0355280540988	0.859667580181	0.824139526082
7.67767767768	0.0279845088944	0.788784567433	0.816769076327
7.68768768769	0.0913841850903	0.705437067146	0.796821252236
7.6976976977	0.154415226338	0.610942148545	0.765357374884
7.70770770771	0.216823371526	0.506793033968	0.723616405494
7.71771771772	0.278356872242	0.394635502749	0.672992374991
7.72772772773	0.338767508307	0.276241884379	0.615009392686
7.73773773774	0.397811589069	0.153483051896	0.551294640966
7.74774774775	0.455250936428	0.0282988580831	0.483549794511
7.75775775776	0.510853845621	-0.0973325183683	0.413521327253
7.76776776777	0.564396019902	-0.221425832322	0.34297018758
7.77777777778	0.615661475326	-0.342020143326	0.273641332
7.78778778779	0.664443412014	-0.457209802679	0.207233609335
7.7977977978	0.71054504836	-0.565174566765	0.145370481595
7.80780780781	0.753780414831	-0.664208360806	0.0895720540256
7.81781781782	0.793975104147	-0.752746238498	0.0412288656495
7.82782782783	0.830966974827	-0.829389111525	0.00157786330212
7.83783783784	0.864606805248	-0.89292585815	-0.0283190529011
7.84784784785	0.894758895595	-0.942352461534	-0.0475935659394
7.85785785786	0.921301615256	-0.976887875361	-0.0555862601057
7.86786786787	0.944127893472	-0.995986366039	-0.0518584725674
7.87787787788	0.963145651248	-0.999346136462	-0.0362004852136
7.88788788789	0.978278172793	-0.986914095053	-0.00863592225968
7.8978978979	0.989464414982	-0.958886694725	0.0305777202569
7.90790790791	0.996659253595	-0.9157068285	0.0809524250952
7.91791791792	0.999833665353	-0.858056830856	0.141776834498
7.92792792793	0.998974844986	-0.786847695372	0.212127149614
7.93793793794	0.994086256891	-0.703204679081	0.29088157781
7.94794794795	0.985187621159	-0.608449520994	0.376738100165
7.95795795796	0.972314834025	-0.504079555791	0.468235278234
7.96796796797	0.955519823065	-0.39174405272	0.563775770345
7.97797797798	0.934870337726	-0.273218153608	0.661652184117
7.98798798799	0.91044967603	-0.150374821814	0.760074854216
7.997997998	0.88235634856	-0.0251552453894	0.857201103171
8.00800800801	0.850703681078	0.100461837852	0.95116551893
8.01801801802	0.815619357376	0.224491408638	1.04011076601
8.02802802803	0.777244904218	0.344973533795	1.12221843801
8.03803803804	0.735735120429	0.460004337399	1.19573945783
8.04804804805	0.691257452454	0.567766086095	1.25902353855
8.05805805806	0.643991318896	0.666555913182	1.31054723208
8.06806806807	0.594127386759	0.754812727561	1.34894011432
8.07807807808	0.541866802313	0.831141882316	1.37300868463
8.08808808809	0.487420379691	0.894337213131	1.38175759282
8.0980980981	0.431007750487	0.943400098272	1.37440784876
8.10810810811	0.37285647778	0.977555238948	1.35041171673
8.11811811812	0.313201138171	0.996262910699	1.30946404887
8.12812812813	0.252282375519	0.999227492196	1.25150986771
8.13813813814	0.190345930209	0.986402136696	1.1767480669
8.14814814815	0.127641647861	0.957989512315	1.08563116018
8.15815815816	0.0644224714728	0.914438599445	0.978861070918
8.16816816817	0.000943421077346	0.856437595893	0.857381016971
8.17817817818	-0.0625394349873	0.784903041886	0.722363606899
8.18818818819	-0.125770013031	0.700965336768	0.575195323737
8.1981981982	-0.188493247029	0.605950876264	0.417457629235
8.20820820821	-0.250456117533	0.501361092588	0.250904975055
8.21821821822	-0.311408672327	0.388848728591	0.0774400562647
8.22822822823	-0.371105034711	0.270191720884	-0.100913313827
8.23823823824	-0.429304395344	0.14726510462	-0.282039290724
8.24824824825	-0.485771983645	0.0220113839262	-0.463760599718
8.25825825826	-0.540280014833	-0.103590163832	-0.643870178665
8.26826826827	-0.592608608793	-0.227554764876	-0.820163373669
8.27827827828	-0.642546677046	-0.347923512694	-0.990470189741
8.28828828829	-0.689892774265	-0.462794322967	-1.15268709723
8.2982982983	-0.734455910882	-0.570351990578	-1.30480790146
8.30830830831	-0.77605632352	-0.668896873744	-1.44495319726
8.31831831832	-0.814526200146	-0.756871752005	-1.57139795215
8.32832832833	-0.849710357006	-0.832886433641	-1.68259679065
8.33833833834	-0.881466864619	-0.895739723685	-1.7772065883
8.34834834835	-0.909667620312	-0.944438405381	-1.85410602569
8.35835835836	-0.934198864969	-0.978212935133	-1.9124118001
8.36836836837	-0.954961641925	-0.99652960295	-1.95149124488
8.37837837838	-0.97187219615	-0.999098966205	-1.97097116235
8.38838838839	-0.984862312107	-0.985880423447	-1.97074273555
8.3983983984	-0.993879588927	-0.957082855998	-1.95096244493
8.40840840841	-0.998887651789	-0.913161327173	-1.91204897896
8.41841841842	-0.999866298653	-0.854809891307	-1.85467618996
8.42842842843	-0.996811581752	-0.782950626208	-1.77976220796
8.43843843844	-0.989735823517	-0.698719062352	-1.68845488587
8.44844844845	-0.978667566873	-0.603446239063	-1.58211380594
8.45845845846	-0.963651460093	-0.498637671241	-1.46228913133
8.46846846847	-0.944748076699	-0.385949558995	-1.33069763569
8.47847847848	-0.922033671105	-0.267162616135	-1.18919628724
8.48848848849	-0.895599871025	-0.144153931068	-1.03975380209
8.4984984985	-0.865553307846	-0.0188673047845	-0.88442061263
8.50850850851	-0.832015186492	0.106717465371	-0.72529772112
8.51851851852	-0.795120796495	0.230615870742	-0.564504925752
8.52852852853	-0.75501896625	0.350870050851	-0.404148915398
8.53853853854	-0.711871462653	0.465579731794	-0.246291730859
8.54854854855	-0.665852338555	0.572932254642	-0.0929200839128
8.55855855856	-0.617147230641	0.671231219341	0.0540839886994
8.56856856857	-0.565952610599	0.758923291468	0.192970680869
8.57857857858	-0.512474992565	0.834622748248	0.322147755683
8.58858858859	-0.456930100067	0.897133375942	0.440203275875
8.5985985986	-0.399541995821	0.945467372594	0.545925376772
8.60860860861	-0.340542177879	0.978860957414	0.638318779535
8.61861861862	-0.280168645788	0.996786440157	0.716617794369
8.62862862863	-0.218664940527	0.998960559759	0.780295619232
8.63863863864	-0.156279162084	0.985348960468	0.829069798383
8.64864864865	-0.0932629686446	0.956166734739	0.862903766095
8.65865865866	-0.0298705614263	0.911875024315	0.882004462889
8.66866866867	0.0336423407425	0.853173733193	0.886816073936
8.67867867868	0.0970195329686	0.780990467646	0.878010000614
8.68868868869	0.1600053578	0.696465878049	0.856471235849
8.6986986987	0.222345736521	0.600935634163	0.823281370684
8.70870870871	0.283789194086	0.495909318684	0.77969851277
8.71871871872	0.34408787354	0.383046572603	0.727134446144
8.72872872873	0.402998535854	0.264130869317	0.66712940517
8.73873873874	0.460283541123	0.141041331925	0.601324873048
8.74874874875	0.515711807187	0.015723039057	0.531434846244
8.75875875876	0.569059741792	-0.109843711543	0.459216030249
8.76876876877	0.620112144538	-0.233674695964	0.386437448574
8.77877877878	0.66866307498	-0.353813119126	0.314849955854
8.78878878879	0.714516683369	-0.468360536333	0.246156147036
8.7987987988	0.757488000691	-0.57550685277	0.181981147922
8.80880880881	0.797403684817	-0.673558926887	0.12384475793
8.81881881882	0.834102719744	-0.760967325662	0.0731353940827
8.82882882883	0.867437065122	-0.836350808966	0.031086256156
8.83883883884	0.89727225343	-0.89851815612	-0.00124590268957
8.84884884885	0.923487932411	-0.946486989735	-0.0229990573236
8.85885885886	0.945978350556	-0.979499299381	-0.0335209488254
8.86886886887	0.964652783696	-0.997033419779	-0.0323806360824
8.87887887888	0.979435900979	-0.998812274227	-0.0193763732481
8.88888888889	0.990268068742	-0.984807753012	0.00546031572936
8.8988988989	0.997105591068	-0.955241157598	0.0418644334701
8.90890890891	0.999920886057	-0.910579703592	0.0893411824651
8.91891891892	0.998702597081	-0.851529137733	0.147173459347
8.92892892893	0.993455638598	-0.779022585583	0.214433053015
8.93893893894	0.984201176333	-0.694205806141	0.289995370192
8.94894894895	0.970976541887	-0.598419086391	0.372557455497
8.95895895896	0.953835082157	-0.493176061899	0.460659020257
8.96896896897	0.932845944128	-0.380139798124	0.552706146005
8.97897897898	0.908093795951	-0.261096510412	0.646997285538
8.98898898899	0.879678485391	-0.137927337973	0.741751147419
8.998998999	0.84771463706	-0.0125786178387	0.835136019221
9.00900900901	0.812331190024	0.112968871429	0.925300061453
9.01901901902	0.773670877679	0.236731210292	1.01040208797
9.02902902903	0.73188965198	0.356752688414	1.08864234039
9.03903903904	0.687156054343	0.471136709083	1.15829276343
9.04904904905	0.639650535765	0.5780757595	1.21772629527
9.05905905906	0.589564728906	0.675879973363	1.26544470227
9.06906906907	0.537100675058	0.763003834372	1.30010450943
9.07907907908	0.48247000913	0.838070598705	1.32054060784
9.08908908909	0.425893105935	0.899894050523	1.32578715646
9.0990990991	0.367598191218	0.94749724672	1.31509543794
9.10910910911	0.307820421017	0.980127954722	1.28794837574
9.11911911912	0.246800933064	0.997270539373	1.24407147244
9.12912912913	0.184785874061	0.998654111076	1.18343998514
9.13913913914	0.122025406748	0.984256806433	1.10628221318
9.14914914915	0.0587727007674	0.954306133729	1.0130788345
9.15915915916	-0.00471708859303	0.909275377814	0.904558289221
9.16916916917	-0.0681878496751	0.849876121191	0.781688271516
9.17917917918	-0.131383547579	0.777046999482	0.645663451904
9.18918918919	-0.194049256982	0.691938868978	0.497889611995
9.1991991992	-0.255932190486	0.595896620634	0.339964430148
9.20920920921	-0.316782718332	0.490437927916	0.173655209585
9.21921921922	-0.376355375387	0.377229264303	0.00087388891566
9.22922922923	-0.434409851326	0.258059569429	-0.176350281897
9.23923923924	-0.490711960017	0.134811980007	-0.355899980011
9.24924924925	-0.54503458421	0.0094340722259	-0.535600511984
9.25925925926	-0.597158591703	-0.116092914125	-0.713251505828
9.26926926927	-0.646873719299	-0.239785383498	-0.886659102797
9.27927927928	-0.693979420991	-0.359688729645	-1.05366815064
9.28928928929	-0.738285676944	-0.47390822259	-1.21219389953
9.2992992993	-0.779613760013	-0.580638949429	-1.36025270944
9.30930930931	-0.817796956717	-0.678194335815	-1.49599129253
9.31931931932	-0.852681239738	-0.765032797458	-1.6177140372
9.32932932933	-0.884125889261	-0.839782100459	-1.72390798972
9.33933933934	-0.912004060615	-0.901261045546	-1.81326510616
9.34934934935	-0.936203295959	-0.94849813356	-1.88470142952
9.35935935936	-0.956625977922	-0.98074691722	-1.93737289514
9.36936936937	-0.973189723385	-0.997497796594	-1.97068751998
9.37937937938	-0.985827715801	-0.998486071871	-1.98431378767
9.38938938939	-0.994488974736	-0.98369612618	-1.97818510092
9.3993993994	-0.99913856151	-0.953361672377	-1.95250023389
9.40940940941	-0.999757720139	-0.90796205988	-1.90771978002
9.41941941942	-0.996343952999	-0.848214699913	-1.84455865291
9.42942942943	-0.988911030895	-0.77506372888	-1.76397475977
9.43943943944	-0.977488937514	-0.689665088978	-1.66715402649
9.44944944945	-0.962123748475	-0.593368261838	-1.55549201031
9.45945945946	-0.942877445461	-0.487694943814	-1.43057238927
9.46946946947	-0.919827666194	-0.374314999924	-1.29414266612
9.47947947948	-0.89306739125	-0.2550200764	-1.14808746765
9.48948948949	-0.862704568985	-0.131695288836	-0.99439985782
9.4994994995	-0.828861680081	-0.00628943331607	-0.835151113397
9.50950950951	-0.791675243475	0.119215808736	-0.672459434739
9.51951951952	-0.751295265647	0.242837185379	-0.508458080268
9.52952952953	-0.707884635515	0.362621213782	-0.345263421733
9.53953953954	-0.661618467355	0.476675049446	-0.184943417909
9.54954954955	-0.612683394407	0.583196397206	-0.0294869972005
9.55955955956	-0.561276816012	0.680501991355	0.119225175343
9.56956956957	-0.507606101328	0.767054194856	0.259448093528
9.57957957958	-0.451887752816	0.8414852973	0.389597544484
9.58958958959	-0.394346532896	0.902619127669	0.508272594773
9.5995995996	-0.335214557273	0.949489640355	0.614275083081
9.60960960961	-0.274730358608	0.981356180754	0.706625822146
9.61961961962	-0.213137924296	0.997715189196	0.784577264901
9.62962962963	-0.150685712249	0.998308158271	0.847622446022
9.63963963964	-0.0876256486411	0.983125717796	0.895500069155
9.64964964965	-0.0242121116566	0.952407782884	0.928195671228
9.65965965966	0.0392990946401	0.906639762777	0.945938857417
9.66966966967	0.102651772197	0.84654489033	0.949196662527
9.67967967968	0.165590362452	0.773072793389	0.93866315584
9.68968968969	0.227860977229	0.687384488629	0.915245465858
9.6996996997	0.289212422904	0.590834035006	0.880046457909
9.70970970971	0.349397213688	0.484947136717	0.834344350405
9.71971971972	0.408172569967	0.371397033808	0.779569603775
9.72972972973	0.46530139765	0.251978061385	0.717279459035
9.73973973974	0.520553244581	0.128577295282	0.649130539863
9.74974974975	0.573705230163	0.00314473220775	0.576849962371
9.75975975976	0.624542944437	-0.122337524378	0.502205420059
9.76976976977	0.672861312989	-0.245886585754	0.426974727235
9.77977977978	0.718465424203	-0.365550111825	0.352915312378
9.78978978979	0.761171315512	-0.479437162289	0.281734153224
9.7997997998	0.80080671549	-0.585748077542	0.215058637948
9.80980980981	0.837211738773	-0.682802917163	0.15440882161
9.81981981982	0.870239531024	-0.769068006574	0.10117152445
9.82982982983	0.899756861331	-0.843180172386	0.0565766889451
9.83983983984	0.925644659643	-0.903968283462	0.021676376181
9.84984984985	0.94779849709	-0.9504717573	-0.00267326021036
9.85985985986	0.966129007238	-0.981955739298	-0.0158267320598
9.86986986987	0.980562246585	-0.997922715028	-0.017360468443
9.87987987988	0.991039992843	-0.998120372038	-0.0070803791948
9.88988988989	0.997519979799	-0.982545586923	0.0149743928762
9.8998998999	0.999976067812	-0.951444474683	0.048531593129
9.90990990991	0.998398349262	-0.905308499583	0.0930898496798
9.91991991992	0.992793188513	-0.844866708956	0.147926479557
9.92992992993	0.98318319624	-0.771074212699	0.212108983541
9.93993993994	0.96960713822	-0.685097090484	0.284510047736
9.94994994995	0.952119778957	-0.588293965201	0.363825813756
9.95995995996	0.930791660762	-0.482194533802	0.44859712696
9.96996996997	0.905708819199	-0.36847539481	0.537233424389
9.97997997998	0.876972436019	-0.248933554467	0.628038881552
9.98998998999	0.844698431008	-0.12545803018	0.719240400828
10.0	0.809016994375	-4.89858719659e-15	0.809016994375
