System params: f_X=11, f_Y=1, A_X=1, A_Y=0.5, phi=0, dt=0.01, N=1000

t	X	Y	Z
0.0	1.0	0.0	1.0
0.01001001001	0.770072061578	0.0628532900445	0.832925351622
0.02002002002	0.186021960045	0.12545803018	0.311479990225
0.03003003003	-0.483571433037	0.187566653376	-0.296004779661
0.04004004004	-0.930791660762	0.248933554467	-0.681858106295
0.0500500500501	-0.949981873168	0.309316061389	-0.640665811779
0.0600600600601	-0.532317338301	0.36847539481	-0.163841943491
0.0700700700701	0.13013645293	0.426177612372	0.556314065302
0.0800800800801	0.732746231489	0.482194533802	1.21494076529
0.0900900900901	0.998398349262	0.536304643237	1.5347029925
0.1001001001	0.804931118695	0.588293965201	1.3932250839
0.11011011011	0.241311582741	0.637956910753	0.879268493494
0.12012012012	-0.433276502688	0.685097090484	0.251820587796
0.13013013013	-0.908619842057	0.729528091122	-0.179091750934
0.14014014014	-0.966129007238	0.771074212699	-0.195054794539
0.15015015015	-0.57935807065	0.809571163341	0.23021309269
0.16016016016	0.0738340795231	0.844866708956	0.918700788479
0.17017017017	0.693073194316	0.876821275233	1.56989446955
0.18018018018	0.99359852762	0.905308499583	1.8989070272
0.19019019019	0.837211738773	0.930215730829	1.7674274696
0.2002002002	0.295828211688	0.951444474683	1.24727268637
0.21021021021	-0.381593657079	0.968910783236	0.587317126158
0.22022022022	-0.88353744007	0.982545586923	0.0990081468522
0.23023023023	-0.979181338833	0.992294967655	0.0131136288214
0.24024024024	-0.624542944437	0.998120372038	0.373577427601
0.25025025025	0.0172951933006	0.999998763829	1.01729395713
0.26026026026	0.651180034758	0.997922715028	1.64910274979
0.27027027027	0.985615910348	0.991900435259	1.97751634561
0.28028028028	0.866810517252	0.981955739298	1.84876625655
0.29029029029	0.349397213688	0.968127952902	1.31752516659
0.3003003003	-0.328688451945	0.9504717573	0.621783305356
0.31031031031	-0.855624801299	0.929056972954	0.0734321716553
0.32032032032	-0.989097057402	0.903968283462	-0.0851287739399
0.33033033033	-0.667727218889	0.875304900678	0.207577681789
0.34034034034	-0.0392990946401	0.843180172386	0.803881077746
0.35035035035	0.607200949233	0.807721134074	1.41492208331
0.36036036036	0.974476068176	0.769068006574	1.74354407475
0.37037037037	0.893632640323	0.727373641573	1.6210062819
0.38038038038	0.401846991078	0.682802917163	1.08464990824
0.39039039039	-0.274730358608	0.635532085844	0.360801727237
0.4004004004	-0.824971338339	0.585748077542	-0.239223260798
0.41041041041	-0.995844399907	0.533647760402	-0.462196639505
0.42042042042	-0.708772561755	0.479437162289	-0.229335399466
0.43043043043	-0.095767495733	0.423330656057	0.327563160324
0.44044044044	0.561276816012	0.365550111825	0.926826927838
0.45045045045	0.960214685378	0.306324019607	1.26653870498
0.46046046046	0.917592188639	0.245886585754	1.16347877439
0.47047047047	0.453009531408	0.184476806803	0.637486338212
0.48048048048	-0.219892221108	0.122337524378	-0.0975546967291
0.49049049049	-0.791675243475	0.0597144648832	-0.731960778591
0.500500500501	-0.999401752577	-0.00314473220774	-1.00254648479
0.510510510511	-0.747547492428	-0.0659914936266	-0.813538986055
0.520520520521	-0.151929124666	-0.128577295282	-0.280506419947
0.530530530531	0.513554743939	-0.190654645033	0.322900098906
0.540540540541	0.942877445461	-0.251978061385	0.690899384076
0.550550550551	0.938612412544	-0.312305044231	0.626307368312
0.560560560561	0.502720945639	-0.371397033808	0.131323911831
0.570570570571	-0.164349702531	-0.429020354062	-0.593370056594
0.580580580581	-0.755843174135	-0.484947136717	-1.24079031085
0.590590590591	-0.999757720139	-0.53895622236	-1.5387139425
0.600600600601	-0.783927803117	-0.590834035006	-1.37476183812
0.610610610611	-0.207604078809	-0.640375426673	-0.847979505482
0.620620620621	0.464187601196	-0.687384488629	-0.223196887433
0.630630630631	0.922519884832	-0.731675326102	0.190844558731
0.640640640641	0.956625977922	-0.773072793389	0.183553184534
0.650650650651	0.550821993122	-0.811413186463	-0.260591193341
0.660660660661	-0.10828072231	-0.84654489033	-0.954825612641
0.670670670671	-0.71758991124	-0.878328978583	-1.59591888982
0.680680680681	-0.996911162321	-0.906639762777	-1.9035509251
0.690690690691	-0.817796956717	-0.93136528946	-1.74916224618
0.700700700701	-0.2626140145	-0.952407782884	-1.21502179738
0.710710710711	0.413333525626	-0.969684031658	-0.556350506032
0.720720720721	0.899207214896	-0.983125717796	-0.0839185028999
0.730730730731	0.971575181895	-0.992679686884	-0.0211045049888
0.740740740741	0.597158591703	-0.998308158271	-0.401149566568
0.750750750751	-0.0518648862921	-0.999988874476	-1.05185376077
0.760760760761	-0.677037991524	-0.997715189196	-1.67475318072
0.770770770771	-0.990871197506	-0.991496093597	-1.9823672911
0.780780780781	-0.849046460119	-0.981356180754	-1.83040264087
0.790790790791	-0.316782718332	-0.967335548397	-1.28411826673
0.800800800801	0.361155418163	-0.949489640355	-0.588334222192
0.810810810811	0.873014113161	-0.927889027297	-0.0548749141353
0.820820820821	0.983412137654	-0.902619127669	0.0807930099846
0.830830830831	0.641582311285	-0.873779869913	-0.232197558627
0.840840840841	0.00471708859304	-0.8414852973	-0.836768208707
0.850850850851	-0.634317315011	-0.805863116958	-1.44018043197
0.860860860861	-0.981657173522	-0.767054194856	-1.74871136838
0.870870870871	-0.877576211743	-0.72521199876	-1.6027882105
0.880880880881	-0.369936671614	-0.680501991355	-1.05043866297
0.890890890891	0.307820421017	-0.633100975927	-0.32528055491
0.900900900901	0.84402448403	-0.583196397206	0.260828086824
0.910910910911	0.992098927861	-0.530985600129	0.461113327732
0.920920920921	0.683950849304	-0.476675049446	0.207275799858
0.930930930931	0.0612839532213	-0.420479513269	-0.359195560048
0.940940940941	-0.589564728906	-0.362621213782	-0.952185942688
0.950950950951	-0.969298605666	-0.303328948475	-1.27262755414
0.960960960961	-0.903294822193	-0.242837185379	-1.14613200757
0.970970970971	-0.421905606211	-0.181385135873	-0.603290742083
0.980980980981	0.253499382261	-0.119215808736	0.134283573525
0.990990990991	0.812331190024	-0.0565750491838	0.75575614084
1.001001001	0.99760772611	0.00628943331607	1.00389715943
1.01101101101	0.724128486558	0.0691290445948	0.793257531153
1.02102102102	0.117654506872	0.131695288836	0.249349795707
1.03103103103	-0.542923589236	0.193740751237	-0.349182838
1.04104104104	-0.953835082157	0.2550200764	-0.698815005756
1.05105105105	-0.926119907006	0.315290938576	-0.610828968431
1.06106106106	-0.472523049956	0.374314999924	-0.0982080500322
1.07107107107	0.198366308561	0.431858853013	0.630225161574
1.08108108108	0.778035754318	0.487694943814	1.26573069813
1.09109109109	0.999920886057	0.541602471548	1.54152335761
1.1011011011	0.761986521963	0.593368261838	1.3553547838
1.11111111111	0.173648177667	0.642787609687	0.816435787353
1.12112112112	-0.494543301632	0.689665088978	0.195121787346
1.13113113113	-0.935316137322	0.733815325277	-0.201500812045
1.14114114114	-0.945978350556	0.77506372888	-0.170914621676
1.15115115115	-0.521626859919	0.813247185224	0.291620325305
1.16116116116	0.142597807772	0.848214699913	0.990812507685
1.17117117117	0.741248035533	0.879827995816	1.62107603135
1.18118118118	0.999030997955	0.90796205988	1.90699305783
1.19119119119	0.797403684817	0.93250563748	1.7299093223
1.2012012012	0.229085600998	0.953361672377	1.18244727338
1.21121121121	-0.44457884274	0.97044769052	0.52586884778
1.22122122122	-0.913801092924	0.98369612618	0.0698950332558
1.23123123123	-0.962806540259	0.99305458914	0.0302480488812
1.24124124124	-0.569059741792	0.998486071871	0.429426330079
1.25125125125	0.0863725232145	0.999969095868	1.08634161908
1.26126126126	0.702085875823	0.997497796594	1.69958367242
1.27127127127	0.994940912384	0.991081946669	1.98602285905
1.28128128128	0.830266523272	0.98074691722	1.81101344049
1.29129129129	0.283789194086	0.966533577558	1.25032277164
1.3013013013	-0.393190263785	0.94849813356	0.555307869774
1.31131131131	-0.889358868137	0.926711905405	0.0373530372682
1.32132132132	-0.976550570352	0.901261045546	-0.0752895248059
1.33133133133	-0.614669753754	0.872246198019	0.257576444265
1.34134134134	0.0298705614262	0.839782100459	0.869652661885
1.35135135135	0.66067472339	0.803997130367	1.46467185376
1.36136136136	0.98766373112	0.765032797458	1.75269652858
1.37137137137	0.860469767748	0.723043184062	1.58351295181
1.38138138138	0.33758372483	0.678194335815	1.01577806064
1.39139139139	-0.340542177879	0.630663605043	0.290121427164
1.4014014014	-0.862067758776	0.580638949429	-0.281428809347
1.41141141141	-0.987166414562	0.528318188746	-0.458848225816
1.42142142142	-0.658310793188	0.47390822259	-0.184402570597
1.43143143143	-0.0267270847755	0.417624212206	0.390897127431
1.44144144144	0.617147230641	0.359688729645	0.976835960286
1.45145145145	0.977222765169	0.300330877612	1.27755364278
1.46146146146	0.887916668148	0.239785383498	1.12770205165
1.47147147147	0.39029687313	0.178291671158	0.568588544288
1.48148148148	-0.286803232711	0.116092914125	-0.170710318586
1.49149149149	-0.832015186492	0.0534350739931	-0.778580112499
1.5015015015	-0.99462006714	-0.0094340722259	-1.00405413937
1.51151151151	-0.699843064686	-0.0722659119206	-0.772108976607
1.52152152152	-0.0832391160672	-0.134811980007	-0.218051096074
1.53153153153	0.571642829258	-0.196824941468	0.374817887791
1.54154154154	0.963651460093	-0.258059569429	0.705591890665
1.55155155155	0.912519303774	-0.318273714892	0.594245588882
1.56156156156	0.44175978288	-0.377229264303	0.0645305185774
1.57157157157	-0.232145570325	-0.434693081154	-0.666838651479
1.58158158158	-0.799297418733	-0.490437927916	-1.28973534665
1.59159159159	-0.998887651789	-0.544243364632	-1.54313101642
1.6016016016	-0.739133527863	-0.595896620634	-1.3350301485
1.61161161161	-0.139484507376	-0.645193435939	-0.784677943314
1.62162162162	0.524307283557	-0.691938868978	-0.16763158542
1.63163163163	0.946993288874	-0.735948067484	0.21104522139
1.64164164164	0.934198864969	-0.777046999482	0.157151865487
1.65165165165	0.491807602866	-0.815073141486	-0.32326553862
1.66166166166	-0.176744275691	-0.849876121191	-1.02662039688
1.67167167167	-0.764019260373	-0.88131831211	-1.64533757248
1.68168168168	-0.99995549815	-0.909275377814	-1.90923087596
1.69169169169	-0.77605632352	-0.933636763611	-1.70969308713
1.7017017017	-0.195283087756	-0.954306133729	-1.14958922148
1.71171171171	0.475292223561	-0.97120175227	-0.495909528709
1.72172172172	0.927301612655	-0.984256806433	-0.0569551937787
1.73173173173	0.952885905561	-0.993419670718	-0.0405337651566
1.74174174174	0.540280014833	-0.998654111076	-0.458374096244
1.75175175175	-0.120776815858	-0.9999394282	-1.12071624406
1.76176176176	-0.72629371799	-0.997270539373	-1.72356425736
1.77177177177	-0.997820185589	-0.990657998569	-1.98847818416
1.78178178178	-0.81049317681	-0.980127954722	-1.79062113153
1.79179179179	-0.250456117533	-0.965722048315	-1.21617816585
1.8018018018	0.424754659284	-0.94749724672	-0.522742587436
1.81181181181	0.904639509812	-0.925525618922	-0.0208861091099
1.82182182182	0.968520565327	-0.899894050523	0.0686265148032
1.83183183183	0.587021747031	-0.870703900165	-0.283682153134
1.84184184184	-0.0644224714728	-0.838070598705	-0.902493070178
1.85185185185	-0.686241637869	-0.802123192755	-1.48836483062
1.86186186186	-0.992488554155	-0.763003834372	-1.75549238853
1.87187187187	-0.842333776112	-0.720867218925	-1.56320099504
1.88188188188	-0.304826860859	-0.675879973363	-0.980706834222
1.89189189189	0.37285647778	-0.628219997296	-0.255363519515
1.9019019019	0.879079573893	-0.5780757595	0.301003814392
1.91191191191	0.981052761736	-0.525645552631	0.455407209105
1.92192192192	0.6318830716	-0.471136709083	0.160746362517
1.93193193193	-0.00786176248944	-0.414764781105	-0.422626543595
1.94194194194	-0.643991318896	-0.356752688414	-1.00074400731
1.95195195195	-0.983977682672	-0.297329836667	-1.28130751934
1.96196196196	-0.871476126386	-0.236731210292	-1.10820733668
1.97197197197	-0.358221151852	-0.175196443252	-0.533417595104
1.98198198198	0.319763924571	-0.112968871429	0.206795053142
1.99199199199	0.850703681078	-0.0502945703634	0.800409110714
2.002002002	0.990442350387	0.0125786178387	1.00302096823
2.01201201201	0.674720284195	0.0754020645824	0.750122348777
2.02202202202	0.0487241300892	0.137927337973	0.186651468062
2.03203203203	-0.599678101582	0.199907185225	-0.399770916357
2.04204204204	-0.972314834025	0.261096510412	-0.711218323613
2.05205205205	-0.897826875899	0.321253343684	-0.576573532215
2.06206206206	-0.410467952501	0.380139798124	-0.0303281543775
2.07207207207	0.265647071111	0.437523010457	0.703170081568
2.08208208208	0.819602727906	0.493176061899	1.31277878981
2.09209209209	0.996659253595	0.546878875494	1.54353812909
2.1021021021	0.715396164307	0.598419086391	1.3138152507
2.11211211211	0.10515394459	0.647592881637	0.752746826227
2.12212212212	-0.55344393452	0.694205806141	0.140761871621
2.13213213213	-0.957537367837	0.738073531632	-0.219463836205
2.14214214214	-0.921301615256	0.779022585583	-0.142279029672
2.15215215215	-0.461399900552	0.816891037193	0.355491136641
2.16216216216	0.210679269996	0.851529137733	1.06220840773
2.17217217217	0.785876340107	0.882799912725	1.66867625283
2.18218218218	0.999683556747	0.910579703592	1.91026326034
2.19219219219	0.753780414831	0.934758656667	1.6885390715
2.2022022022	0.161246919305	0.955241157598	1.1164880769
2.21221221221	-0.505436919686	0.971946209452	0.466509289766
2.22222222222	-0.939692620786	0.984807753012	0.0451151322263
2.23223223223	-0.941825147789	0.993774928005	0.0519497802162
2.24224224224	-0.510853845621	0.998812274227	0.487958428606
2.25225225225	0.155036599664	0.999899871767	1.15493647143
2.26226226226	0.749632553468	0.997033419779	1.74666597325
2.27227227227	0.999505572086	0.990224253491	1.98972982558
2.28228228228	0.78975007944	0.979499299381	1.76924937882
2.29229229229	0.216823371526	0.964900968695	1.18172434022
2.3023023023	-0.455810838022	0.946486989735	0.490676151713
2.31231231231	-0.918837754976	0.924330179577	0.00549242460112
2.32232232232	-0.959331730437	0.89851815612	-0.0608135743175
2.33233233233	-0.558671371813	0.869152991602	0.310481619789
2.34234234234	0.0988973003642	0.836350808966	0.93524810933
2.35235235235	0.710987467765	0.800241322654	1.51122879042
2.36236236236	0.996125869751	0.760967325662	1.75709319541
2.37237237237	0.823189936455	0.718684124869	1.54187406132
2.38238238238	0.27170527312	0.673558926887	0.945264200007
2.39239239239	-0.404724656828	0.625770176852	0.221045520024
2.4024024024	-0.89503957483	0.57550685277	-0.319532722061
2.41241241241	-0.973765284338	0.522967718216	-0.450797566122
2.42242242242	-0.604699305175	0.468360536333	-0.136338768843
2.43243243243	0.0424412031961	0.411901248244	0.45434245144
2.44244244244	0.670064874858	0.353813119126	1.02387799398
2.45245245245	0.989555275949	0.294325855319	1.28388113127
2.46246246246	0.853992867932	0.233674695964	1.0876675639
2.47247247247	0.325716820813	0.172099482764	0.497816303577
2.48248248248	-0.352342020544	0.109843711543	-0.242498309001
2.49249249249	-0.868374313094	0.0471535693523	-0.821220743742
2.5025025025	-0.985079574467	-0.015723039057	-1.00080261352
2.51251251251	-0.648790204361	-0.0785374715657	-0.727327675927
2.52252252252	-0.0141508459408	-0.141041331925	-0.155192177866
2.53253253253	0.626995862148	-0.202987452027	0.424008410121
2.54254254254	0.979814838271	-0.264130869317	0.715683968954
2.55255255255	0.882060202795	-0.324229795484	0.55783040731
2.56256256256	0.378684999333	-0.383046572603	-0.00436157327039
2.57257257257	-0.298830726545	-0.440348612935	-0.73917933948
2.58258258258	-0.83892738664	-0.495909318684	-1.33483670532
2.59259259259	-0.993238357742	-0.549508978071	-1.54274733581
2.6026026026	-0.690802832929	-0.600935634163	-1.29173846709
2.61261261261	-0.070697565652	-0.649985923054	-0.720683488706
2.62262262262	0.581918392668	-0.696465878049	-0.114547485381
2.63263263263	0.966935758276	-0.740191696702	0.226744061574
2.64264264264	0.907302032909	-0.780990467646	0.126311565263
2.65265265265	0.430440135636	-0.818700854366	-0.38826071873
2.66266266266	-0.24436218764	-0.853173733193	-1.09753592083
2.67267267267	-0.80679312285	-0.884272783009	-1.69106590586
2.68268268268	-0.99821549912	-0.911875024315	-1.91009052344
2.69269269269	-0.730602611762	-0.935871305554	-1.66647391732
2.7027027027	-0.127017819747	-0.956166734739	-1.08318455449
2.71271271271	0.534976863143	-0.972681054703	-0.43770419156
2.72272272272	0.95095929154	-0.985348960468	-0.0343896689273
2.73273273273	0.929637501083	-0.99412035749	-0.0644828564071
2.74274274274	0.480816442417	-0.998960559759	-0.518144117342
2.75275275275	-0.189110882978	-0.999850426958	-1.18896130994
2.76276276276	-0.77207445746	-0.996786440157	-1.76886089762
2.77277277277	-0.999995055317	-0.989780715724	-1.98977577104
2.78278278278	-0.768062050171	-0.978860957414	-1.74692300759
2.79279279279	-0.182931197472	-0.964070346816	-1.14700154429
2.8028028028	0.486321641442	-0.945467372594	-0.459145731151
2.81281281281	0.931936615503	-0.923125599194	0.00881101630885
2.82282282282	0.948995060078	-0.897133375942	0.0518616841356
2.83283283283	0.529652549179	-0.867593487668	-0.337940938489
2.84284284284	-0.133253799146	-0.834622748248	-0.967876547393
2.85285285285	-0.734882604821	-0.798351538674	-1.5332341435
2.86286286286	-0.998571325879	-0.758923291468	-1.75749461735
2.87287287287	-0.803061154282	-0.716493923483	-1.51955507777
2.88288288288	-0.238258591423	-0.671231219341	-0.909489810764
2.89289289289	0.436108584911	-0.623314167938	-0.187205583028
2.9029029029	0.909928665531	-0.572932254642	0.336996410889
2.91291291291	0.965312701797	-0.520284711982	0.445027989815
2.92292292292	0.576792019149	-0.465579731794	0.111212287355
2.93293293293	-0.0769698632219	-0.409033641941	-0.486003505163
2.94294294294	-0.69533670165	-0.350870050851	-1.0462067525
2.95295295295	-0.993948871439	-0.291318963276	-1.28526783471
2.96296296296	-0.835487811413	-0.230615870742	-1.06610368216
2.97297297297	-0.292822771277	-0.169000820322	-0.461823591598
2.98298298298	0.384498541105	-0.106717465371	0.277781075734
2.99299299299	0.885005939722	-0.0440121020224	0.840993837699
3.003003003	0.978538155914	0.0188673047845	0.997405460699
3.01301301301	0.622083850393	0.0816721018632	0.703755952256
3.02302302302	-0.0204393696219	0.144153931068	0.123714561446
3.03303303303	-0.653563425397	0.206065711412	-0.447497713985
3.04304304304	-0.986142499113	0.267162616135	-0.718979882978
3.05305305305	-0.865238149205	0.327203040858	-0.538035108347
3.06306306306	-0.346448951515	0.385949558995	0.0395006074806
3.07307307307	0.331656832556	0.443169860644	0.7748266932
3.08308308308	0.85724827308	0.498637671241	1.35588594432
3.09309309309	0.988629057313	0.552133646353	1.54076270367
3.1031031031	0.665382959521	0.603446239063	1.26882919858
3.11311311311	0.0361565974411	0.652372536522	0.688529133963
3.12312312312	-0.609696588459	0.698719062352	0.0890224738931
3.13313313313	-0.975177215064	0.742302541746	-0.232874673319
3.14314314314	-0.892216868357	0.782950626208	-0.109266242148
3.15315315315	-0.398965351315	0.820502575107	0.421537223792
3.16316316316	0.277752727186	0.854809891307	1.13256261849
3.17317317317	0.826744581781	0.885736908397	1.71248149018
3.18318318318	0.995553081795	0.913161327173	1.90871440897
3.19319319319	0.706550646434	0.936974699267	1.6435253457
3.2032032032	0.0926367440221	0.957082855998	1.04971960002
3.21321321321	-0.56387670954	0.973406280756	0.409529571216
3.22322322322	-0.961088144404	0.985880423447	0.024792279043
3.23323323323	-0.916337547898	0.994455955755	0.0781184078569
3.24324324324	-0.450203744818	0.999098966205	0.548895221387
3.25325325325	0.222958896095	0.999791094264	1.22274999036
3.26326326326	0.793592578344	0.99652960295	1.79012218129
3.27327327327	0.99928804962	0.989327389653	1.98861543927
3.28328328328	0.745455038618	0.978212935133	1.72366797375
3.29329329329	0.148820147184	0.963230190894	1.11205033808
3.3033033033	-0.516250563526	0.944438405381	0.428187841855
3.31331331331	-0.943920418674	0.921911889685	-0.0220085289884
3.32332332332	-0.937522922021	0.895739723685	-0.0417831983356
3.33333333333	-0.5	0.866025403784	0.366025403784
3.34334334334	0.167450860443	0.832886433641	1.00033729408
3.35335335335	0.757898458629	0.796453859505	1.55435231813
3.36336336336	0.999821996562	0.756871752005	1.75669374857
3.37337337337	0.781971513578	0.714296636427	1.49626815001
3.38338338338	0.204526834549	0.668896873744	0.873423708294
3.39339339339	-0.466970711319	0.620851994843	0.153881283524
3.4034034034	-0.923729031273	0.570351990578	-0.353377040695
3.41341341341	-0.955705127584	0.517596560462	-0.438108567122
3.42342342342	-0.548194604445	0.462794322967	-0.0854002814774
3.43343343343	0.111406429203	0.406161990554	0.517568419758
3.44344344344	0.719776561664	0.347923512694	1.06770007436
3.45345345345	0.997153212228	0.288309190272	1.2854624025
3.46346346346	0.815983098035	0.227554764876	1.04353786291
3.47347347347	0.259578360804	0.165900486569	0.425478847373
3.48348348348	-0.416195011144	0.103590163832	-0.312604847312
3.49349349349	-0.900578661304	0.0408701994407	-0.859708461863
3.5035035035	-0.970825921502	-0.0220113839262	-0.992837305429
3.51351351351	-0.594633176304	-0.0848059244755	-0.67943910078
3.52352352352	0.0550051295842	-0.14726510462	-0.092259975036
3.53353353353	0.679349003377	-0.209141932938	0.470207070439
3.54354354354	0.991290245538	-0.270191720884	0.721098524654
3.55355355355	0.847380842629	-0.330173050401	0.517207792229
3.56356356356	0.313798379312	-0.388848728591	-0.0750503492793
3.57357357357	-0.364086112876	-0.445986725685	-0.810072838561
3.58358358358	-0.874543466381	-0.501361092588	-1.37590455897
3.59359359359	-0.982836867314	-0.554752854384	-1.5375897217
3.6036036036	-0.639166958833	-0.605950876264	-1.2451178351
3.61361361361	-0.00157236804762	-0.65475269844	-0.656325066487
3.62362362362	0.636745285425	-0.700965336768	-0.0642200513426
3.63363363363	0.982251877342	-0.744406045888	0.237845831453
3.64364364364	0.876064170921	-0.784903041886	0.0911611290346
3.65365365365	0.367013207009	-0.822296181599	-0.45528297459
3.66366366366	-0.310810937026	-0.856437595893	-1.16724853292
3.67367367367	-0.845706845082	-0.887192274409	-1.73289911949
3.68368368368	-0.991699490339	-0.914438599445	-1.90613808978
3.69369369369	-0.6816532969	-0.938068826896	-1.6197221238
3.7037037037	-0.0581448289105	-0.957989512315	-1.01613434123
3.71371371371	0.592101880361	-0.974121880439	-0.382020000078
3.72372372372	0.970067060258	-0.986402136696	-0.0163350764378
3.73373373373	0.901941201561	-0.994781719483	-0.0928405179212
3.74374374374	0.419052380758	-0.999227492196	-0.580175111438
3.75375375375	-0.256540140042	-0.99972187427	-1.25626201431
3.76376376376	-0.814161169798	-0.996262910699	-1.8104240805
3.77377377377	-0.997385400923	-0.988864279763	-1.98624968069
3.78378378378	-0.721956093955	-0.977555238948	-1.6995113329
3.79379379379	-0.114531034357	-0.962380509237	-1.07691154359
3.8038038038	0.54556179447	-0.943400098272	-0.397838303801
3.81381381381	0.954774825929	-0.920689063053	0.034085762876
3.82382382382	0.92492904262	-0.894337213131	0.0305918294893
3.83383383383	0.469749203398	-0.86444875546	-0.394699552061
3.84384384384	-0.201447567649	-0.831141882316	-1.03258944997
3.85385385385	-0.780007490838	-0.794548303912	-1.57455579475
3.86386386386	-0.999876385381	-0.754812727561	-1.75468911294
3.87387387387	-0.759946247989	-0.712092285431	-1.47203853342
3.88388388388	-0.170550362373	-0.666555913182	-0.837106275555
3.89389389389	0.497274109679	-0.618383681916	-0.121109572238
3.9039039039	0.936424159991	-0.567766086095	0.368658073897
3.91391391391	0.944954057113	-0.514903290241	0.430050766872
3.92392392392	0.518941277722	-0.460004337399	0.0589369403235
3.93393393393	-0.145709697966	-0.403286322484	-0.54899602045
3.94394394394	-0.743355212731	-0.344973533795	-1.08832874653
3.95395395395	-0.999164464339	-0.285296566074	-1.28446103041
3.96396396396	-0.795502065086	-0.224491408638	-1.01999347372
3.97397397397	-0.22602336616	-0.162798512165	-0.388821878326
3.98398398398	0.447393505998	-0.100461837852	0.346931668146
3.99399399399	0.915073845161	-0.0377278926787	0.877345952482
4.004004004	0.96195209888	0.0251552453894	0.987107344269
4.01401401401	0.566471026685	0.0879389084111	0.654409935096
4.02402402402	-0.0895050761925	0.150374821814	0.0608697456215
4.03403403403	-0.704321743776	0.212216086183	-0.492105657593
4.04404404404	-0.995251918294	0.273218153608	-0.722033764686
4.05405405405	-0.828509649244	0.333139794742	-0.495369854502
4.06406406406	-0.280772348966	0.39174405272	0.110971703754
4.07407407407	0.396079766039	0.4487991802	0.84487894624
4.08408408408	0.890792272932	0.504079555791	1.39487182872
4.09409409409	0.975868718069	0.557366576262	1.53323529433
4.1041041041	0.612186198173	0.608449520994	1.22063571917
4.11411411411	-0.0330137426761	0.657126385269	0.624112642593
4.12412412412	-0.663032119939	0.703204679081	0.0401725591416
4.13413413413	-0.988151280311	0.746502188328	-0.241649091983
4.14414414414	-0.85886326722	0.786847695372	-0.0720155718488
4.15415415415	-0.334621933292	0.824081656103	0.489459722811
4.16416416416	0.343497263182	0.858056830856	1.20155409404
4.17417417417	0.863657224501	0.888638866652	1.75229609115
4.18418418418	0.986659335554	0.9157068285	1.90236616405
4.19419419419	0.655940352709	0.93915367762	1.59509403033
4.2042042042	0.0235833438109	0.958886694725	0.982470038536
4.21421421421	-0.619618604335	0.974827846675	0.35520924234
4.22422422422	-0.977885295874	0.986914095053	0.00902879917887
4.23423423423	-0.886465687226	0.99509764545	0.108631958224
4.24424424424	-0.387399622686	0.999346136462	0.611946513776
4.25425425425	0.289814435034	0.999642767662	1.2894572027
4.26426426426	0.833755621609	0.995986366039	1.82974198765
4.27427427427	0.994289385735	0.988391390633	1.98268077637
4.28428428428	0.697593332546	0.976887875361	1.67448120791
4.29429429429	0.0801048857378	0.961521310247	1.04162619598
4.3043043043	-0.574220263541	0.942352461534	0.368132197994
4.31431431431	-0.964486850027	0.91945713139	-0.0450297186363
4.32432432432	-0.911228490388	0.89292585815	-0.0183026322386
4.33433433433	-0.438936354296	0.862863558286	0.42392720399
4.34434434434	0.235203243879	0.829389111525	1.0645923554
4.35435435435	0.801183248104	0.792634890742	1.59381813885
4.36436436436	0.998734427259	0.752746238498	1.75148066576
4.37437437437	0.737011710631	0.709880892294	1.44689260293
4.38438438438	0.136369827566	0.664208360806	0.800578188372
4.39439439439	-0.526982522129	0.615909253567	0.0889267314378
4.4044044044	-0.947998862029	0.565174566765	-0.382824295264
4.41441441441	-0.933072353983	0.512204927953	-0.42086742603
4.42442442442	-0.489067040436	0.457209802679	-0.0318572377567
4.43443443443	0.179838625827	0.400406666168	0.580245291994
4.44444444444	0.766044443119	0.342020143326	1.10806458644
4.45445445445	0.999980221319	0.282281120474	1.28226134179
4.46446446446	0.774069218016	0.221425832322	0.995495050338
4.47447447447	0.192197935725	0.159694927788	0.351892863512
4.48448448448	-0.478056696828	0.0973325183683	-0.380724178459
4.49449449449	-0.928474147879	0.0345852128118	-0.893888935067
4.5045045045	-0.951927305529	-0.0282988580831	-0.980226163612
4.51451451451	-0.537631097403	-0.0910710226866	-0.62870212009
4.52452452452	0.123897930438	-0.153483051896	-0.0295851214578
4.53453453453	0.728451766839	-0.215288140745	0.513163626094
4.54454454454	0.99802277726	-0.276241884379	0.721780892881
4.55455455455	0.808647148334	-0.336103244542	0.472543903792
4.56456456456	0.247410375952	-0.394635502749	-0.147225126797
4.57457457457	-0.427599511804	-0.451607196377	-0.879206708181
4.58458458458	-0.90597525112	-0.506793033968	-1.41276828509
4.59459459459	-0.967732946934	-0.559974786138	-1.52770773307
4.6046046046	-0.584472959883	-0.610942148545	-1.19541510843
4.61461461461	0.0675603526268	-0.659493573536	-0.591933220909
4.62462462462	0.688525639939	-0.705437067146	-0.0169114272066
4.63463463463	0.992868365367	-0.748590948335	0.244277417032
4.64464464464	0.840634738048	-0.788784567433	0.0518501706153
4.65465465465	0.301830286157	-0.825858980964	-0.524028694806
4.66466466466	-0.375772596633	-0.859667580181	-1.23544017681
4.67467467467	-0.880574242504	-0.890076670822	-1.77065091333
4.68468468468	-0.980438647961	-0.916966001796	-1.89740464976
4.69469469469	-0.629442579268	-0.94022924071	-1.56967181998
4.7047047047	0.011006358638	-0.959774394353	-0.948768035715
4.71471471471	0.646393957842	-0.975524172482	-0.32913021464
4.72472472472	0.984533496775	-0.987416293457	-0.00288279668185
4.73473473473	0.869929521266	-0.995403730534	-0.125474209268
4.74474474474	0.355283342961	-0.999454897829	-0.644171554868
4.75475475475	-0.322741968549	-0.999553775222	-1.32229574377
4.76476476476	-0.852352489117	-0.995699971707	-1.84805246082
4.77477477477	-0.990003708422	-0.98790872694	-1.97791243536
4.78478478478	-0.672395904311	-0.976210850974	-1.64860675528
4.79479479479	-0.0455828920357	-0.960652602422	-1.00623549446
4.8048048048	0.602191681025	-0.94129550553	-0.339103824504
4.81481481481	0.97304487058	-0.91821610688	0.0548287636995
4.82482482482	0.896437657964	-0.891505672698	0.00493198526612
4.83483483483	0.407598320109	-0.861269827939	-0.45367150783
4.84484484484	-0.268677500641	-0.827628138603	-1.09630563924
4.85485485485	-0.821400393745	-0.790713638915	-1.61211403266
4.86486486486	-0.996397488543	-0.750672305253	-1.7470697938
4.87487487487	-0.713195342561	-0.707662478887	-1.42085782145
4.88488488488	-0.102026126964	-0.66185423983	-0.763880366794
4.89489489489	0.556060402709	-0.613428734267	-0.0573683315578
4.9049049049	0.958439288315	-0.562577458218	0.395861830097
4.91491491491	0.920074234591	-0.509501500284	0.410572734307
4.92492492492	0.458607636957	-0.454410746445	0.00419689051163
4.93493493493	-0.213752377698	-0.397523050084	-0.611275427782
4.94494494494	-0.787817105279	-0.339063370495	-1.12688047577
4.95495495495	-0.999599507118	-0.279262883293	-1.27886239041
4.96496496496	-0.751710201118	-0.218358066245	-0.970068267363
4.97497497497	-0.158142541449	-0.156589764129	-0.314732305578
4.98498498498	0.508147895284	-0.0942022363276	0.413945658956
4.99499499499	0.940763536065	-0.0314421909191	0.909321345145
5.00500500501	0.940763536065	0.0314421909191	0.972205726984
5.01501501502	0.508147895284	0.0942022363276	0.602350131612
5.02502502503	-0.158142541449	0.156589764129	-0.00155277732075
5.03503503504	-0.751710201118	0.218358066245	-0.533352134873
5.04504504505	-0.999599507118	0.279262883293	-0.720336623825
5.05505505506	-0.787817105279	0.339063370495	-0.448753734784
5.06506506507	-0.213752377698	0.397523050084	0.183770672385
5.07507507508	0.458607636956	0.454410746445	0.913018383401
5.08508508509	0.920074234591	0.509501500284	1.42957573487
5.0950950951	0.958439288315	0.562577458218	1.52101674653
5.10510510511	0.556060402709	0.613428734267	1.16948913698
5.11511511512	-0.102026126964	0.66185423983	0.559828112866
5.12512512513	-0.713195342561	0.707662478887	-0.00553286367417
5.13513513514	-0.996397488543	0.750672305253	-0.24572518329
5.14514514515	-0.821400393745	0.790713638915	-0.0306867548296
5.15515515516	-0.268677500641	0.827628138603	0.558950637962
5.16516516517	0.407598320109	0.861269827939	1.26886814805
5.17517517518	0.896437657964	0.891505672698	1.78794333066
5.18518518519	0.97304487058	0.91821610688	1.89126097746
5.1951951952	0.602191681025	0.94129550553	1.54348718655
5.20520520521	-0.0455828920356	0.960652602422	0.915069710387
5.21521521522	-0.67239590431	0.976210850974	0.303814946664
5.22522522523	-0.990003708422	0.98790872694	-0.00209498148158
5.23523523524	-0.852352489117	0.995699971707	0.14334748259
5.24524524525	-0.322741968549	0.999553775222	0.676811806673
5.25525525526	0.355283342961	0.999454897829	1.35473824079
5.26526526527	0.869929521266	0.995403730534	1.8653332518
5.27527527528	0.984533496775	0.987416293457	1.97194979023
5.28528528529	0.646393957842	0.975524172482	1.62191813032
5.2952952953	0.0110063586381	0.959774394353	0.970780752991
5.30530530531	-0.629442579268	0.94022924071	0.310786661442
5.31531531532	-0.980438647961	0.916966001796	-0.0634726461653
5.32532532533	-0.880574242504	0.890076670822	0.00950242831807
5.33533533534	-0.375772596633	0.859667580181	0.483894983548
5.34534534535	0.301830286157	0.825858980964	1.12768926712
5.35535535536	0.840634738048	0.788784567433	1.62941930548
5.36536536537	0.992868365367	0.748590948335	1.7414593137
5.37537537538	0.688525639939	0.705437067146	1.39396270709
5.38538538539	0.0675603526269	0.659493573536	0.727053926163
5.3953953954	-0.584472959883	0.610942148545	0.0264691886627
5.40540540541	-0.967732946933	0.559974786138	-0.407758160796
5.41541541542	-0.90597525112	0.506793033968	-0.399182217152
5.42542542543	-0.427599511804	0.451607196377	0.0240076845732
5.43543543544	0.247410375952	0.394635502749	0.642045878701
5.44544544545	0.808647148334	0.336103244542	1.14475039288
5.45545545546	0.99802277726	0.276241884379	1.27426466164
5.46546546547	0.728451766839	0.215288140745	0.943739907584
5.47547547548	0.123897930438	0.153483051896	0.277380982335
5.48548548549	-0.537631097403	0.0910710226866	-0.446560074716
5.4954954955	-0.951927305529	0.0282988580831	-0.923628447446
5.50550550551	-0.928474147879	-0.0345852128118	-0.96305936069
5.51551551552	-0.478056696828	-0.0973325183683	-0.575389215196
5.52552552553	0.192197935724	-0.159694927788	0.0325030079369
5.53553553554	0.774069218016	-0.221425832322	0.552643385695
5.54554554555	0.999980221319	-0.282281120474	0.717699100845
5.55555555556	0.766044443119	-0.342020143326	0.424024299793
5.56556556557	0.179838625827	-0.400406666168	-0.220568040341
5.57557557558	-0.489067040436	-0.457209802679	-0.946276843115
5.58558558559	-0.933072353983	-0.512204927953	-1.44527728194
5.5955955956	-0.947998862029	-0.565174566765	-1.51317342879
5.60560560561	-0.526982522129	-0.615909253567	-1.1428917757
5.61561561562	0.136369827566	-0.664208360806	-0.52783853324
5.62562562563	0.737011710631	-0.709880892294	0.0271308183366
5.63563563564	0.998734427259	-0.752746238498	0.245988188761
5.64564564565	0.801183248104	-0.792634890742	0.00854835736272
5.65565565566	0.23520324388	-0.829389111525	-0.594185867645
5.66566566567	-0.438936354296	-0.862863558286	-1.30179991258
5.67567567568	-0.911228490388	-0.89292585815	-1.80415434854
5.68568568569	-0.964486850027	-0.91945713139	-1.88394398142
5.6956956957	-0.574220263541	-0.942352461534	-1.51657272507
5.70570570571	0.0801048857377	-0.961521310247	-0.881416424509
5.71571571572	0.697593332546	-0.976887875361	-0.279294542816
5.72572572573	0.994289385735	-0.988391390633	0.00589799510123
5.73573573574	0.833755621609	-0.995986366039	-0.16223074443
5.74574574575	0.289814435034	-0.999642767662	-0.709828332628
5.75575575576	-0.387399622686	-0.999346136462	-1.38674575915
5.76576576577	-0.886465687226	-0.99509764545	-1.88156333268
5.77577577578	-0.977885295874	-0.986914095053	-1.96479939093
5.78578578579	-0.619618604335	-0.974827846675	-1.59444645101
5.7957957958	0.0235833438108	-0.958886694725	-0.935303350914
5.80580580581	0.655940352709	-0.93915367762	-0.283213324911
5.81581581582	0.986659335554	-0.9157068285	0.0709525070543
5.82582582583	0.863657224501	-0.888638866652	-0.0249816421511
5.83583583584	0.343497263182	-0.858056830856	-0.514559567674
5.84584584585	-0.334621933292	-0.824081656103	-1.1587035894
5.85585585586	-0.85886326722	-0.786847695372	-1.64571096259
5.86586586587	-0.988151280311	-0.746502188328	-1.73465346864
5.87587587588	-0.663032119939	-0.703204679081	-1.36623679902
5.88588588589	-0.0330137426762	-0.657126385269	-0.690140127945
5.8958958959	0.612186198173	-0.608449520994	0.00373667717882
5.90590590591	0.975868718069	-0.557366576262	0.418502141807
5.91591591592	0.890792272932	-0.504079555791	0.386712717141
5.92592592593	0.396079766039	-0.4487991802	-0.0527194141612
5.93593593594	-0.280772348966	-0.39174405272	-0.672516401686
5.94594594595	-0.828509649244	-0.333139794742	-1.16164944399
5.95595595596	-0.995251918294	-0.273218153608	-1.2684700719
5.96596596597	-0.704321743776	-0.212216086183	-0.916537829958
5.97597597598	-0.0895050761925	-0.150374821814	-0.239879898006
5.98598598599	0.566471026685	-0.0879389084111	0.478532118274
5.995995996	0.96195209888	-0.0251552453894	0.93679685349
6.00600600601	0.915073845161	0.0377278926787	0.95280173784
6.01601601602	0.447393505998	0.100461837852	0.54785534385
6.02602602603	-0.22602336616	0.162798512165	-0.0632248539953
6.03603603604	-0.795502065086	0.224491408638	-0.571010656448
6.04604604605	-0.999164464339	0.285296566074	-0.713867898265
6.05605605606	-0.743355212732	0.344973533795	-0.398381678937
6.06606606607	-0.145709697966	0.403286322484	0.257576624518
6.07607607608	0.518941277722	0.460004337399	0.978945615121
6.08608608609	0.944954057113	0.514903290241	1.45985734735
6.0960960961	0.936424159991	0.567766086095	1.50419024609
6.10610610611	0.497274109679	0.618383681916	1.1156577916
6.11611611612	-0.170550362372	0.666555913182	0.49600555081
6.12612612613	-0.759946247989	0.712092285431	-0.0478539625576
6.13613613614	-0.999876385381	0.754812727561	-0.24506365782
6.14614614615	-0.780007490838	0.794548303912	0.0145408130747
6.15615615616	-0.20144756765	0.831141882316	0.629694314666
6.16616616617	0.469749203398	0.86444875546	1.33419795886
6.17617617618	0.92492904262	0.894337213131	1.81926625575
6.18618618619	0.954774825929	0.920689063053	1.87546388898
6.1961961962	0.545561794471	0.943400098272	1.48896189274
6.20620620621	-0.114531034357	0.962380509237	0.84784947488
6.21621621622	-0.721956093954	0.977555238948	0.255599144993
6.22622622623	-0.997385400923	0.988864279763	-0.00852112115953
6.23623623624	-0.814161169798	0.996262910699	0.182101740901
6.24624624625	-0.256540140042	0.99972187427	0.743181734228
6.25625625626	0.419052380758	0.999227492196	1.41827987295
6.26626626627	0.901941201561	0.994781719483	1.89672292104
6.27627627628	0.970067060258	0.986402136696	1.95646919695
6.28628628629	0.592101880361	0.974121880439	1.5662237608
6.2962962963	-0.0581448289104	0.957989512315	0.899844683405
6.30630630631	-0.681653296899	0.938068826896	0.256415529997
6.31631631632	-0.991699490339	0.914438599445	-0.0772608908935
6.32632632633	-0.845706845082	0.887192274409	0.041485429327
6.33633633634	-0.310810937026	0.856437595893	0.545626658867
6.34634634635	0.367013207009	0.822296181599	1.18930938861
6.35635635636	0.876064170921	0.784903041886	1.66096721281
6.36636636637	0.982251877342	0.744406045888	1.72665792323
6.37637637638	0.636745285425	0.700965336768	1.33771062219
6.38638638639	-0.00157236804746	0.65475269844	0.653180330392
6.3963963964	-0.639166958833	0.605950876264	-0.0332160825694
6.40640640641	-0.982836867314	0.554752854384	-0.42808401293
6.41641641642	-0.874543466381	0.501361092588	-0.373182373793
6.42642642643	-0.364086112876	0.445986725685	0.0819006128088
6.43643643644	0.313798379312	0.388848728591	0.702647107903
6.44644644645	0.847380842629	0.330173050401	1.17755389303
6.45645645646	0.991290245538	0.270191720884	1.26148196642
6.46646646647	0.679349003377	0.209141932938	0.888490936314
6.47647647648	0.0550051295843	0.14726510462	0.202270234204
6.48648648649	-0.594633176304	0.0848059244755	-0.509827251829
6.4964964965	-0.970825921502	0.0220113839262	-0.948814537576
6.50650650651	-0.900578661304	-0.0408701994407	-0.941448860745
6.51651651652	-0.416195011144	-0.103590163832	-0.519785174977
6.52652652653	0.259578360804	-0.165900486569	0.0936778742351
6.53653653654	0.815983098035	-0.227554764876	0.588428333158
6.54654654655	0.997153212228	-0.288309190272	0.708844021956
6.55655655656	0.719776561664	-0.347923512694	0.37185304897
6.56656656657	0.111406429203	-0.406161990554	-0.294755561351
6.57657657658	-0.548194604445	-0.462794322967	-1.01098892741
6.58658658659	-0.955705127584	-0.517596560462	-1.47330168805
6.5965965966	-0.923729031273	-0.570351990578	-1.49408102185
6.60660660661	-0.466970711319	-0.620851994843	-1.08782270616
6.61661661662	0.204526834549	-0.668896873744	-0.464370039195
6.62662662663	0.781971513578	-0.714296636427	0.067674877151
6.63663663664	0.999821996562	-0.756871752005	0.242950244557
6.64664664665	0.757898458629	-0.796453859505	-0.038555400876
6.65665665666	0.167450860443	-0.832886433641	-0.665435573197
6.66666666667	-0.5	-0.866025403784	-1.36602540378
6.67667667668	-0.937522922021	-0.895739723685	-1.83326264571
6.68668668669	-0.943920418674	-0.921911889685	-1.86583230836
6.6966966967	-0.516250563526	-0.944438405381	-1.46068896891
6.70670670671	0.148820147184	-0.963230190894	-0.81441004371
6.71671671672	0.745455038618	-0.978212935133	-0.232757896515
6.72672672673	0.99928804962	-0.989327389653	0.00996065996685
6.73673673674	0.793592578344	-0.99652960295	-0.202937024607
6.74674674675	0.222958896095	-0.999791094264	-0.776832198169
6.75675675676	-0.450203744818	-0.999098966205	-1.44930271102
6.76676676677	-0.916337547898	-0.994455955755	-1.91079350365
6.77677677678	-0.961088144404	-0.985880423447	-1.94696856785
6.78678678679	-0.56387670954	-0.973406280756	-1.5372829903
6.7967967968	0.092636744022	-0.957082855998	-0.864446111976
6.80680680681	0.706550646434	-0.936974699267	-0.230424052834
6.81681681682	0.995553081795	-0.913161327173	0.0823917546217
6.82682682683	0.826744581781	-0.885736908397	-0.0589923266154
6.83683683684	0.277752727186	-0.854809891307	-0.577057164121
6.84684684685	-0.398965351315	-0.820502575107	-1.21946792642
6.85685685686	-0.892216868357	-0.782950626208	-1.67516749457
6.86686686687	-0.975177215064	-0.742302541746	-1.71747975681
6.87687687688	-0.609696588459	-0.698719062352	-1.30841565081
6.88688688689	0.036156597441	-0.652372536522	-0.616215939081
6.8968968969	0.665382959521	-0.603446239063	0.0619367204579
6.90690690691	0.988629057313	-0.552133646353	0.43649541096
6.91691691692	0.85724827308	-0.498637671241	0.358610601839
6.92692692693	0.331656832556	-0.443169860644	-0.111513028088
6.93693693694	-0.346448951515	-0.385949558995	-0.73239851051
6.94694694695	-0.865238149205	-0.327203040858	-1.19244119006
6.95695695696	-0.986142499113	-0.267162616135	-1.25330511525
6.96696696697	-0.653563425397	-0.206065711412	-0.859629136809
6.97697697698	-0.020439369622	-0.144153931068	-0.16459330069
6.98698698699	0.622083850393	-0.0816721018632	0.54041174853
6.996996997	0.978538155914	-0.0188673047845	0.95967085113
7.00700700701	0.885005939722	0.0440121020224	0.929018041744
7.01701701702	0.384498541105	0.106717465371	0.491216006477
7.02702702703	-0.292822771277	0.169000820322	-0.123821950955
7.03703703704	-0.835487811413	0.230615870742	-0.60487194067
7.04704704705	-0.993948871439	0.291318963276	-0.702629908163
7.05705705706	-0.69533670165	0.350870050851	-0.344466650799
7.06706706707	-0.076969863222	0.409033641941	0.332063778719
7.07707707708	0.576792019149	0.465579731794	1.04237175094
7.08708708709	0.965312701797	0.520284711982	1.48559741378
7.0970970971	0.909928665531	0.572932254642	1.48286092017
7.10710710711	0.436108584911	0.623314167938	1.05942275285
7.11711711712	-0.238258591423	0.671231219341	0.432972627918
7.12712712713	-0.803061154282	0.716493923483	-0.0865672307994
7.13713713714	-0.998571325879	0.758923291468	-0.239648034411
7.14714714715	-0.734882604821	0.798351538674	0.0634689338531
7.15715715716	-0.133253799146	0.834622748248	0.701368949102
7.16716716717	0.529652549179	0.867593487668	1.39724603685
7.17717717718	0.948995060078	0.897133375942	1.84612843602
7.18718718719	0.931936615503	0.923125599194	1.8550622147
7.1971971972	0.486321641443	0.945467372594	1.43178901404
7.20720720721	-0.182931197472	0.964070346816	0.781139149344
7.21721721722	-0.768062050171	0.978860957414	0.210798907243
7.22722722723	-0.999995055317	0.989780715724	-0.0102143395937
7.23723723724	-0.77207445746	0.996786440157	0.224711982697
7.24724724725	-0.189110882978	0.999850426958	0.81073954398
7.25725725726	0.480816442417	0.998960559759	1.47977700218
7.26726726727	0.929637501083	0.99412035749	1.92375785857
7.27727727728	0.95095929154	0.985348960468	1.93630825201
7.28728728729	0.534976863143	0.972681054703	1.50765791785
7.2972972973	-0.127017819747	0.956166734739	0.829148914992
7.30730730731	-0.730602611762	0.935871305554	0.205268693792
7.31731731732	-0.99821549912	0.911875024315	-0.0863404748051
7.32732732733	-0.80679312285	0.884272783009	0.0774796601584
7.33733733734	-0.24436218764	0.853173733193	0.608811545554
7.34734734735	0.430440135636	0.818700854366	1.24914099
7.35735735736	0.907302032909	0.780990467646	1.68829250055
7.36736736737	0.966935758276	0.740191696702	1.70712745498
7.37737737738	0.581918392668	0.696465878049	1.27838427072
7.38738738739	-0.0706975656519	0.649985923054	0.579288357402
7.3973973974	-0.690802832929	0.600935634163	-0.0898671987655
7.40740740741	-0.993238357742	0.549508978071	-0.443729379671
7.41741741742	-0.83892738664	0.495909318684	-0.343018067956
7.42742742743	-0.298830726546	0.440348612935	0.141517886389
7.43743743744	0.378684999333	0.383046572603	0.761731571936
7.44744744745	0.882060202795	0.324229795484	1.20628999828
7.45745745746	0.979814838271	0.264130869317	1.24394570759
7.46746746747	0.626995862148	0.202987452027	0.829983314175
7.47747747748	-0.0141508459407	0.141041331925	0.126890485984
7.48748748749	-0.648790204361	0.0785374715657	-0.570252732796
7.4974974975	-0.985079574467	0.015723039057	-0.96935653541
7.50750750751	-0.868374313094	-0.0471535693523	-0.915527882447
7.51751751752	-0.352342020544	-0.109843711543	-0.462185732087
7.52752752753	0.325716820813	-0.172099482764	0.153617338049
7.53753753754	0.853992867932	-0.233674695964	0.620318171967
7.54754754755	0.989555275949	-0.294325855319	0.695229420629
7.55755755756	0.670064874858	-0.353813119126	0.316251755731
7.56756756757	0.0424412031962	-0.411901248244	-0.369460045048
7.57757757758	-0.604699305175	-0.468360536333	-1.07305984151
7.58758758759	-0.973765284338	-0.522967718216	-1.49673300255
7.5975975976	-0.895039574831	-0.57550685277	-1.4705464276
7.60760760761	-0.404724656828	-0.625770176852	-1.03049483368
7.61761761762	0.27170527312	-0.673558926887	-0.401853653767
7.62762762763	0.823189936455	-0.718684124869	0.104505811586
7.63763763764	0.996125869751	-0.760967325662	0.235158544089
7.64764764765	0.710987467765	-0.800241322654	-0.0892538548889
7.65765765766	0.0988973003643	-0.836350808966	-0.737453508601
7.66766766767	-0.558671371813	-0.869152991602	-1.42782436342
7.67767767768	-0.959331730437	-0.89851815612	-1.85784988656
7.68768768769	-0.918837754976	-0.924330179577	-1.84316793455
7.6976976977	-0.455810838022	-0.946486989735	-1.40229782776
7.70770770771	0.216823371526	-0.964900968695	-0.748077597169
7.71771771772	0.78975007944	-0.979499299381	-0.189749219941
7.72772772773	0.999505572086	-0.990224253491	0.00928131859443
7.73773773774	0.749632553468	-0.997033419779	-0.24740086631
7.74774774775	0.155036599664	-0.999899871767	-0.844863272103
7.75775775776	-0.510853845621	-0.998812274227	-1.50966611985
7.76776776777	-0.941825147789	-0.993774928005	-1.93560007579
7.77777777778	-0.939692620786	-0.984807753012	-1.9245003738
7.78778778779	-0.505436919687	-0.971946209452	-1.47738312914
7.7977977978	0.161246919305	-0.955241157598	-0.793994238293
7.80780780781	0.753780414831	-0.934758656667	-0.180978241836
7.81781781782	0.999683556747	-0.910579703592	0.0891038531545
7.82782782783	0.785876340107	-0.882799912725	-0.0969235726177
7.83783783784	0.210679269996	-0.851529137733	-0.640849867738
7.84784784785	-0.461399900552	-0.816891037193	-1.27829093775
7.85785785786	-0.921301615256	-0.779022585583	-1.70032420084
7.86786786787	-0.957537367837	-0.738073531632	-1.69561089947
7.87787787788	-0.55344393452	-0.694205806141	-1.24764974066
7.88788788789	0.10515394459	-0.647592881637	-0.542438937047
7.8978978979	0.715396164307	-0.598419086391	0.116977077916
7.90790790791	0.996659253595	-0.546878875494	0.449780378102
7.91791791792	0.819602727906	-0.493176061899	0.326426666007
7.92792792793	0.265647071111	-0.437523010457	-0.171875939346
7.93793793794	-0.410467952501	-0.380139798124	-0.790607750625
7.94794794795	-0.897826875899	-0.321253343684	-1.21908021958
7.95795795796	-0.972314834026	-0.261096510412	-1.23341134444
7.96796796797	-0.599678101582	-0.199907185225	-0.799585286807
7.97797797798	0.0487241300891	-0.137927337973	-0.0892032078836
7.98798798799	0.674720284195	-0.0754020645824	0.599318219612
7.997997998	0.990442350387	-0.0125786178387	0.977863732548
8.00800800801	0.850703681078	0.0502945703634	0.900998251441
8.01801801802	0.319763924571	0.112968871429	0.432732796
8.02802802803	-0.358221151852	0.175196443252	-0.1830247086
8.03803803804	-0.871476126386	0.236731210292	-0.634744916094
8.04804804805	-0.983977682672	0.297329836667	-0.686647846004
8.05805805806	-0.643991318896	0.356752688414	-0.287238630482
8.06806806807	-0.00786176248954	0.414764781105	0.406903018616
8.07807807808	0.6318830716	0.471136709083	1.10301978068
8.08808808809	0.981052761736	0.525645552631	1.50669831437
8.0980980981	0.879079573893	0.5780757595	1.45715533339
8.10810810811	0.37285647778	0.628219997296	1.00107647508
8.11811811812	-0.304826860859	0.675879973363	0.371053112504
8.12812812813	-0.842333776112	0.720867218925	-0.121466557187
8.13813813814	-0.992488554155	0.763003834372	-0.229484719784
8.14814814815	-0.686241637869	0.802123192755	0.115881554886
8.15815815816	-0.0644224714728	0.838070598705	0.773648127232
8.16816816817	0.587021747031	0.870703900165	1.4577256472
8.17817817818	0.968520565327	0.899894050523	1.86841461585
8.18818818819	0.904639509812	0.925525618922	1.83016512873
8.1981981982	0.424754659284	0.94749724672	1.372251906
8.20820820821	-0.250456117533	0.965722048315	0.715265930783
8.21821821822	-0.81049317681	0.980127954722	0.169634777912
8.22822822823	-0.997820185589	0.990657998569	-0.0071621870196
8.23823823824	-0.72629371799	0.997270539373	0.270976821383
8.24824824825	-0.120776815858	0.9999394282	0.879162612342
8.25825825826	0.540280014833	0.998654111076	1.53893412591
8.26826826827	0.952885905561	0.993419670718	1.94630557628
8.27827827828	0.927301612655	0.984256806433	1.91155841909
8.28828828829	0.475292223561	0.97120175227	1.44649397583
8.2982982983	-0.195283087756	0.954306133729	0.759023045973
8.30830830831	-0.77605632352	0.933636763611	0.157580440091
8.31831831832	-0.99995549815	0.909275377814	-0.0906801203365
8.32832832833	-0.764019260373	0.88131831211	0.117299051736
8.33833833834	-0.176744275691	0.849876121191	0.6731318455
8.34834834835	0.491807602866	0.815073141486	1.30688074435
8.35835835836	0.934198864969	0.777046999482	1.71124586445
8.36836836837	0.946993288874	0.735948067484	1.68294135636
8.37837837838	0.524307283557	0.691938868978	1.21624615253
8.38838838839	-0.139484507376	0.645193435939	0.505708928563
8.3983983984	-0.739133527863	0.595896620634	-0.143236907229
8.40840840841	-0.998887651789	0.544243364632	-0.454644287158
8.41841841842	-0.799297418733	0.490437927916	-0.308859490816
8.42842842843	-0.232145570325	0.434693081154	0.202547510829
8.43843843844	0.44175978288	0.377229264303	0.818989047183
8.44844844845	0.912519303774	0.318273714892	1.23079301867
8.45845845846	0.963651460093	0.258059569429	1.22171102952
8.46846846847	0.571642829259	0.196824941468	0.768467770726
8.47847847848	-0.0832391160671	0.134811980007	0.0515728639395
8.48848848849	-0.699843064686	0.0722659119206	-0.627577152765
8.4984984985	-0.99462006714	0.00943407222589	-0.985185994914
8.50850850851	-0.832015186492	-0.0534350739931	-0.885450260485
8.51851851852	-0.286803232711	-0.116092914125	-0.402896146836
8.52852852853	0.39029687313	-0.178291671158	0.212005201972
8.53853853854	0.887916668148	-0.239785383498	0.64813128465
8.54854854855	0.977222765169	-0.300330877612	0.676891887558
8.55855855856	0.617147230642	-0.359688729645	0.257458500997
8.56856856857	-0.0267270847755	-0.417624212206	-0.444351296982
8.57857857858	-0.658310793188	-0.47390822259	-1.13221901578
8.58858858859	-0.987166414562	-0.528318188746	-1.51548460331
8.5985985986	-0.862067758776	-0.580638949429	-1.4427067082
8.60860860861	-0.340542177879	-0.630663605043	-0.971205782921
8.61861861862	0.33758372483	-0.678194335815	-0.340610610985
8.62862862863	0.860469767748	-0.723043184062	0.137426583687
8.63863863864	0.98766373112	-0.765032797458	0.222630933662
8.64864864865	0.66067472339	-0.803997130367	-0.143322406977
8.65865865866	0.0298705614263	-0.839782100459	-0.809911539032
8.66866866867	-0.614669753754	-0.872246198019	-1.48691595177
8.67867867868	-0.976550570352	-0.901261045546	-1.8778116159
8.68868868869	-0.889358868137	-0.926711905405	-1.81607077354
8.6986986987	-0.393190263785	-0.94849813356	-1.34168839735
8.70870870871	0.283789194086	-0.966533577558	-0.682744383472
8.71871871872	0.830266523272	-0.98074691722	-0.150480393948
8.72872872873	0.994940912384	-0.991081946669	0.00385896571492
8.73873873874	0.702085875823	-0.997497796594	-0.295411920772
8.74874874875	0.0863725232146	-0.999969095868	-0.913596572653
8.75875875876	-0.569059741792	-0.998486071871	-1.56754581366
8.76876876877	-0.962806540259	-0.99305458914	-1.9558611294
8.77877877878	-0.913801092924	-0.98369612618	-1.8974972191
8.78878878879	-0.44457884274	-0.97044769052	-1.41502653326
8.7987987988	0.229085600998	-0.953361672377	-0.724276071379
8.80880880881	0.797403684817	-0.93250563748	-0.135101952662
8.81881881882	0.999030997955	-0.90796205988	0.0910689380758
8.82882882883	0.741248035533	-0.879827995816	-0.138579960283
8.83883883884	0.142597807772	-0.848214699913	-0.705616892141
8.84884884885	-0.521626859919	-0.813247185224	-1.33487404514
8.85885885886	-0.945978350556	-0.77506372888	-1.72104207944
8.86886886887	-0.935316137322	-0.733815325277	-1.6691314626
8.87887887888	-0.494543301632	-0.689665088978	-1.18420839061
8.88888888889	0.173648177667	-0.642787609687	-0.46913943202
8.8988988989	0.761986521963	-0.593368261838	0.168618260125
8.90890890891	0.999920886057	-0.541602471548	0.458318414509
8.91891891892	0.778035754318	-0.487694943814	0.290340810505
8.92892892893	0.198366308561	-0.431858853013	-0.233492544452
8.93893893894	-0.472523049956	-0.374314999924	-0.84683804988
8.94894894895	-0.926119907006	-0.315290938576	-1.24141084558
8.95895895896	-0.953835082157	-0.2550200764	-1.20885515856
8.96896896897	-0.542923589237	-0.193740751237	-0.736664340473
8.97897897898	0.117654506872	-0.131695288836	-0.0140407819639
8.98898898899	0.724128486558	-0.0691290445948	0.654999441963
8.998998999	0.99760772611	-0.00628943331607	0.991318292793
9.00900900901	0.812331190024	0.0565750491838	0.868906239208
9.01901901902	0.253499382261	0.119215808736	0.372715190998
9.02902902903	-0.42190560621	0.181385135873	-0.240520470338
9.03903903904	-0.903294822193	0.242837185379	-0.660457636814
9.04904904905	-0.969298605666	0.303328948475	-0.665969657192
9.05905905906	-0.589564728906	0.362621213782	-0.226943515125
9.06906906907	0.0612839532213	0.420479513269	0.48176346649
9.07907907908	0.683950849304	0.476675049446	1.16062589875
9.08908908909	0.992098927861	0.530985600129	1.52308452799
9.0990990991	0.84402448403	0.583196397206	1.42722088124
9.10910910911	0.307820421017	0.633100975927	0.940921396944
9.11911911912	-0.369936671614	0.680501991355	0.310565319741
9.12912912913	-0.877576211743	0.72521199876	-0.152364212982
9.13913913914	-0.981657173522	0.767054194856	-0.214602978666
9.14914914915	-0.634317315011	0.805863116958	0.171545801947
9.15915915916	0.00471708859294	0.8414852973	0.846202385893
9.16916916917	0.641582311285	0.873779869913	1.5153621812
9.17917917918	0.983412137654	0.902619127669	1.88603126532
9.18918918919	0.873014113161	0.927889027297	1.80090314046
9.1991991992	0.361155418163	0.949489640355	1.31064505852
9.20920920921	-0.316782718332	0.967335548397	0.650552830066
9.21921921922	-0.849046460119	0.981356180754	0.132309720635
9.22922922923	-0.990871197506	0.991496093597	0.000624896091506
9.23923923924	-0.677037991524	0.997715189196	0.320677197673
9.24924924925	-0.0518648862921	0.999988874476	0.948123988184
9.25925925926	0.597158591703	0.998308158271	1.59546674997
9.26926926927	0.971575181895	0.992679686884	1.96425486878
9.27927927928	0.899207214896	0.983125717796	1.88233293269
9.28928928929	0.413333525626	0.969684031658	1.38301755728
9.2992992993	-0.2626140145	0.952407782884	0.689793768384
9.30930930931	-0.817796956717	0.93136528946	0.113568332743
9.31931931932	-0.996911162321	0.906639762777	-0.090271399544
9.32932932933	-0.71758991124	0.878328978583	0.160739067343
9.33933933934	-0.108280722311	0.84654489033	0.73826416802
9.34934934935	0.550821993122	0.811413186463	1.36223517959
9.35935935936	0.956625977922	0.773072793389	1.72969877131
9.36936936937	0.922519884832	0.731675326102	1.65419521093
9.37937937938	0.464187601196	0.687384488629	1.15157208983
9.38938938939	-0.207604078809	0.640375426673	0.432771347864
9.3993993994	-0.783927803117	0.590834035006	-0.193093768111
9.40940940941	-0.999757720139	0.53895622236	-0.460801497779
9.41941941942	-0.755843174135	0.484947136717	-0.270896037417
9.42942942943	-0.164349702531	0.429020354062	0.264670651531
9.43943943944	0.502720945639	0.371397033808	0.874117979446
9.44944944945	0.938612412544	0.312305044231	1.25091745678
9.45945945946	0.942877445461	0.251978061385	1.19485550685
9.46946946947	0.513554743939	0.190654645033	0.704209388972
9.47947947948	-0.151929124665	0.128577295282	-0.0233518293835
9.48948948949	-0.747547492428	0.0659914936266	-0.681555998802
9.4994994995	-0.999401752577	0.00314473220774	-0.99625702037
9.50950950951	-0.791675243475	-0.0597144648832	-0.851389708358
9.51951951952	-0.219892221108	-0.122337524378	-0.342229745486
9.52952952953	0.453009531408	-0.184476806803	0.268532724605
9.53953953954	0.917592188639	-0.245886585754	0.671705602885
9.54954954955	0.960214685378	-0.306324019607	0.653890665771
9.55955955956	0.561276816012	-0.365550111825	0.195726704187
9.56956956957	-0.0957674957329	-0.423330656057	-0.519098151789
9.57957957958	-0.708772561755	-0.479437162289	-1.18820972404
9.58958958959	-0.995844399907	-0.533647760402	-1.52949216031
9.5995995996	-0.82497133834	-0.585748077542	-1.41071941588
9.60960960961	-0.274730358608	-0.635532085844	-0.910262444452
9.61961961962	0.401846991078	-0.682802917163	-0.280955926086
9.62962962963	0.893632640323	-0.727373641573	0.16625899875
9.63963963964	0.974476068176	-0.769068006574	0.205408061602
9.64964964965	0.607200949233	-0.807721134074	-0.20052018484
9.65965965966	-0.03929909464	-0.843180172386	-0.882479267026
9.66966966967	-0.667727218889	-0.875304900678	-1.54303211957
9.67967967968	-0.989097057402	-0.903968283462	-1.89306534086
9.68968968969	-0.855624801299	-0.929056972954	-1.78468177425
9.6996996997	-0.328688451945	-0.9504717573	-1.27916020924
9.70970970971	0.349397213688	-0.968127952902	-0.618730739215
9.71971971972	0.866810517252	-0.981955739298	-0.115145222045
9.72972972973	0.985615910348	-0.991900435259	-0.00628452491116
9.73973973974	0.651180034758	-0.997922715028	-0.34674268027
9.74974974975	0.0172951933007	-0.999998763829	-0.982703570528
9.75975975976	-0.624542944437	-0.998120372038	-1.62266331648
9.76976976977	-0.979181338833	-0.992294967655	-1.97147630649
9.77977977978	-0.88353744007	-0.982545586923	-1.86608302699
9.78978978979	-0.381593657079	-0.968910783236	-1.35050444031
9.7997997998	0.295828211688	-0.951444474683	-0.655616262996
9.80980980981	0.837211738773	-0.930215730829	-0.0930039920559
9.81981981982	0.99359852762	-0.905308499583	0.0882900280371
9.82982982983	0.693073194316	-0.876821275233	-0.183748080917
9.83983983984	0.0738340795232	-0.844866708956	-0.771032629433
9.84984984985	-0.57935807065	-0.809571163341	-1.38892923399
9.85985985986	-0.966129007238	-0.771074212699	-1.73720321994
9.86986986987	-0.908619842057	-0.729528091122	-1.63814793318
9.87987987988	-0.433276502688	-0.685097090484	-1.11837359317
9.88988988989	0.241311582741	-0.637956910753	-0.396645328013
9.8998998999	0.804931118695	-0.588293965201	0.216637153494
9.90990990991	0.998398349262	-0.536304643237	0.462093706025
9.91991991992	0.732746231489	-0.482194533802	0.250551697687
9.92992992993	0.13013645293	-0.426177612372	-0.296041159443
9.93993993994	-0.532317338301	-0.36847539481	-0.900792733111
9.94994994995	-0.949981873168	-0.309316061389	-1.25929793456
9.95995995996	-0.930791660762	-0.248933554467	-1.17972521523
9.96996996997	-0.483571433037	-0.187566653376	-0.671138086413
9.97997997998	0.186021960045	-0.12545803018	0.0605639298643
9.98998998999	0.770072061578	-0.0628532900445	0.707218771533
10.0	1.0	-2.44929359829e-15	1.0
