System params: f_X=1, f_Y=11, A_X=1, A_Y=0.5, phi=0, dt=0.01, N=1000

t	X	Y	Z
0.0	1.0	0.0	1.0
0.01001001001	0.99802277726	0.637956910753	1.63597968801
0.02002002002	0.992098927861	0.982545586923	1.97464451478
0.03003003003	0.982251877342	0.875304900678	1.85755677802
0.04004004004	0.968520565327	0.365550111825	1.33407067715
0.0500500500501	0.95095929154	-0.312305044231	0.638654247309
0.0600600600601	0.929637501083	-0.84654489033	0.0830926107527
0.0700700700701	0.904639509812	-0.991496093597	-0.0868565837856
0.0800800800801	0.876064170921	-0.680501991355	0.195562179566
0.0900900900901	0.84402448403	-0.0565750491838	0.787449434846
0.1001001001	0.808647148334	0.593368261838	1.40201541017
0.11011011011	0.770072061578	0.97044769052	1.7405197521
0.12012012012	0.728451766839	0.901261045546	1.62971281238
0.13013013013	0.683950849304	0.417624212206	1.10157506151
0.14014014014	0.636745285425	-0.258059569429	0.378685715996
0.15015015015	0.587021747031	-0.815073141486	-0.228051394455
0.16016016016	0.534976863143	-0.997270539373	-0.46229367623
0.17017017017	0.480816442417	-0.720867218925	-0.240050776508
0.18018018018	0.424754659284	-0.112968871429	0.311785787855
0.19019019019	0.367013207009	0.546878875494	0.913892082503
0.2002002002	0.307820421017	0.955241157598	1.26306157861
0.21021021021	0.247410375952	0.924330179577	1.17174055553
0.22022022022	0.186021960045	0.468360536333	0.654382496377
0.23023023023	0.123897930438	-0.202987452027	-0.0790895215883
0.24024024024	0.0612839532213	-0.780990467646	-0.719706514425
0.25025025025	-0.00157236804758	-0.999850426958	-1.00142279501
0.26026026026	-0.0644224714728	-0.758923291468	-0.823345762941
0.27027027027	-0.127017819747	-0.169000820322	-0.296018640069
0.28028028028	-0.189110882978	0.498637671241	0.309526788263
0.29029029029	-0.250456117533	0.936974699267	0.686518581735
0.3003003003	-0.310810937026	0.944438405381	0.633627468355
0.31031031031	-0.369936671614	0.517596560462	0.147659888848
0.32032032032	-0.427599511804	-0.14726510462	-0.574864616424
0.33033033033	-0.483571433037	-0.744406045888	-1.22797747893
0.34034034034	-0.537631097403	-0.999227492196	-1.5368585896
0.35035035035	-0.589564728906	-0.794548303912	-1.38411303282
0.36036036036	-0.639166958833	-0.224491408638	-0.863658367471
0.37037037037	-0.686241637869	0.4487991802	-0.237442457668
0.38038038038	-0.730602611762	0.9157068285	0.185104216738
0.39039039039	-0.77207445746	0.961521310247	0.189446852787
0.4004004004	-0.81049317681	0.565174566765	-0.245318610045
0.41041041041	-0.845706845082	-0.0910710226866	-0.936777867768
0.42042042042	-0.877576211743	-0.705437067146	-1.58301327889
0.43043043043	-0.90597525112	-0.995403730534	-1.90137898165
0.44044044044	-0.930791660762	-0.827628138603	-1.75841979936
0.45045045045	-0.951927305529	-0.279262883293	-1.23119018882
0.46046046046	-0.969298605666	0.397523050084	-0.571775555582
0.47047047047	-0.982836867314	0.891505672698	-0.0913311946157
0.48048048048	-0.992488554155	0.975524172482	-0.0169643816733
0.49049049049	-0.99821549912	0.610942148545	-0.387273350575
0.500500500501	-0.999995055317	-0.0345852128118	-1.03458026813
0.510510510511	-0.997820185589	-0.664208360806	-1.66202854639
0.520520520521	-0.991699490339	-0.988391390633	-1.98009088097
0.530530530531	-0.981657173522	-0.858056830856	-1.83971400438
0.540540540541	-0.967732946933	-0.333139794742	-1.30087274168
0.550550550551	-0.949981873168	0.344973533795	-0.605008339373
0.560560560561	-0.928474147879	0.86444875546	-0.0640253924188
0.570570570571	-0.903294822193	0.986402136696	0.083107314503
0.580580580581	-0.874543466381	0.65475269844	-0.219790767941
0.590590590591	-0.842333776112	0.0220113839262	-0.820322392186
0.600600600601	-0.80679312285	-0.620851994843	-1.42764511769
0.610610610611	-0.768062050171	-0.978212935133	-1.7462749853
0.620620620621	-0.72629371799	-0.885736908397	-1.61203062639
0.630630630631	-0.6816532969	-0.385949558995	-1.06760285589
0.640640640641	-0.634317315011	0.291318963276	-0.342998351735
0.650650650651	-0.584472959883	0.834622748248	0.250149788365
0.660660660661	-0.532317338301	0.99412035749	0.461803019189
0.670670670671	-0.478056696828	0.696465878049	0.218409181222
0.680680680681	-0.421905606211	0.0785374715657	-0.343368134645
0.690690690691	-0.364086112876	-0.57550685277	-0.939592965646
0.700700700701	-0.304826860859	-0.964900968695	-1.26972782955
0.710710710711	-0.24436218764	-0.910579703592	-1.15494189123
0.720720720721	-0.182931197472	-0.437523010457	-0.620454207929
0.730730730731	-0.120776815858	0.236731210292	0.115954394434
0.740740740741	-0.0581448289105	0.802123192755	0.743978363845
0.750750750751	0.00471708859303	0.998654111076	1.00337119967
0.760760760761	0.0675603526269	0.735948067484	0.803508420111
0.770770770771	0.13013645293	0.134811980007	0.264948432936
0.780780780781	0.192197935725	-0.528318188746	-0.336120253021
0.790790790791	0.253499382261	-0.94849813356	-0.694998751298
0.800800800801	0.313798379312	-0.93250563748	-0.618707258168
0.810810810811	0.37285647778	-0.487694943814	-0.114838466033
0.820820820821	0.430440135636	0.181385135873	0.611825271508
0.830830830831	0.486321641442	0.767054194856	1.2533758363
0.840840840841	0.540280014833	0.999988874476	1.54026888931
0.850850850851	0.592101880361	0.773072793389	1.36517467375
0.860860860861	0.641582311285	0.190654645033	0.832236956319
0.870870870871	0.688525639939	-0.479437162289	0.209088477651
0.880880880881	0.732746231489	-0.929056972954	-0.196310741465
0.890890890891	0.774069218016	-0.951444474683	-0.177375256667
0.900900900901	0.812331190024	-0.536304643237	0.276026546786
0.910910910911	0.847380842629	0.12545803018	0.97283887281
0.920920920921	0.879079573893	0.729528091122	1.60860766501
0.930930930931	0.907302032909	0.998120372038	1.90542240495
0.940940940941	0.931936615503	0.807721134074	1.73965774958
0.950950950951	0.952885905561	0.245886585754	1.19877249132
0.960960960961	0.970067060258	-0.429020354062	0.541046706196
0.970970970971	0.983412137654	-0.906639762777	0.0767723748767
0.980980980981	0.992868365367	-0.967335548397	0.0255328169701
0.990990990991	0.998398349262	-0.583196397206	0.415201952056
1.001001001	0.999980221319	0.0691290445948	1.06910926591
1.01101101101	0.99760772611	0.689665088978	1.68727281509
1.02102102102	0.991290245538	0.99305458914	1.98434483468
1.03103103103	0.981052761736	0.839782100459	1.82083486219
1.04104104104	0.966935758276	0.300330877612	1.26726663589
1.05105105105	0.948995060078	-0.377229264303	0.571765795775
1.06106106106	0.927301612655	-0.88131831211	0.0459833005448
1.07107107107	0.901941201561	-0.980127954722	-0.0781867531608
1.08108108108	0.873014113161	-0.628219997296	0.244794115866
1.09109109109	0.840634738048	0.0125786178387	0.853213355887
1.1011011011	0.804931118695	0.647592881637	1.45252400033
1.11111111111	0.766044443119	0.984807753012	1.75085219613
1.12112112112	0.724128486558	0.869152991602	1.59328147816
1.13113113113	0.679349003377	0.353813119126	1.0331621225
1.14114114114	0.6318830716	-0.324229795484	0.307653276116
1.15115115115	0.581918392668	-0.853173733193	-0.271255340525
1.16116116116	0.529652549179	-0.989780715724	-0.460128166545
1.17117117117	0.475292223561	-0.671231219341	-0.19593899578
1.18118118118	0.419052380758	-0.0440121020224	0.375040278736
1.19119119119	0.361155418163	0.603446239063	0.964601657227
1.2012012012	0.301830286157	0.973406280756	1.27523656691
1.21121121121	0.241311582741	0.895739723685	1.13705130643
1.22122122122	0.179838625827	0.406161990554	0.586000616381
1.23123123123	0.117654506872	-0.270191720884	-0.152537214012
1.24124124124	0.0550051295842	-0.822296181599	-0.767291052015
1.25125125125	-0.00786176248947	-0.996262910699	-1.00412467319
1.26126126126	-0.070697565652	-0.712092285431	-0.782789851083
1.27127127127	-0.133253799146	-0.100461837852	-0.233715636998
1.28128128128	-0.195283087756	0.557366576262	0.362083488506
1.29129129129	-0.256540140042	0.958886694725	0.702346554682
1.3013013013	-0.316782718332	0.91945713139	0.602674413059
1.31131131131	-0.375772596633	0.457209802679	0.0814372060464
1.32132132132	-0.433276502688	-0.215288140745	-0.648564643433
1.33133133133	-0.489067040436	-0.788784567433	-1.27785160787
1.34134134134	-0.542923589236	-0.999553775222	-1.54247736446
1.35135135135	-0.594633176304	-0.750672305253	-1.34530548156
1.36136136136	-0.643991318896	-0.156589764129	-0.800581083025
1.37137137137	-0.690802832929	0.509501500284	-0.181301332645
1.38138138138	-0.734882604821	0.941295505529	0.206412900708
1.39139139139	-0.77605632352	0.94022924071	0.16417291719
1.4014014014	-0.814161169798	0.506793033968	-0.307368135829
1.41141141141	-0.849046460119	-0.159694927788	-1.00874138791
1.42142142142	-0.880574242504	-0.752746238498	-1.633320481
1.43143143143	-0.908619842057	-0.999642767662	-1.90826260972
1.44144144144	-0.933072353983	-0.786847695372	-1.71992004935
1.45145145145	-0.953835082157	-0.212216086183	-1.16605116834
1.46146146146	-0.970825921502	0.460004337399	-0.510821584104
1.47147147147	-0.983977682672	0.920689063053	-0.0632886196187
1.48148148148	-0.993238357742	0.957989512315	-0.0352488454264
1.49149149149	-0.998571325879	0.554752854384	-0.443818471495
1.5015015015	-0.99995549815	-0.103590163832	-1.10354566198
1.51151151151	-0.997385400923	-0.714296636427	-1.71168203735
1.52152152152	-0.990871197506	-0.99652960295	-1.98740080046
1.53153153153	-0.980438647961	-0.820502575107	-1.80094122307
1.54154154154	-0.966129007238	-0.267162616135	-1.23329162337
1.55155155155	-0.947998862029	0.409033641941	-0.538965220088
1.56156156156	-0.926119907006	0.897133375942	-0.0289865310641
1.57157157157	-0.900578661304	0.972681054703	0.0721023933989
1.58158158158	-0.871476126386	0.600935634163	-0.270540492223
1.59159159159	-0.83892738664	-0.0471535693523	-0.886080955992
1.6016016016	-0.803061154282	-0.673558926887	-1.47662008117
1.61161161161	-0.764019260373	-0.990224253491	-1.75424351386
1.62162162162	-0.721956093955	-0.851529137733	-1.57348523169
1.63163163163	-0.677037991524	-0.321253343684	-0.998291335208
1.64164164164	-0.629442579268	0.356752688414	-0.272689890854
1.65165165165	-0.57935807065	0.870703900165	0.291345829515
1.66166166166	-0.526982522129	0.984256806433	0.457274284304
1.67167167167	-0.472523049956	0.645193435939	0.172670385982
1.68168168168	-0.416195011144	0.0094340722259	-0.406760938918
1.69169169169	-0.358221151852	-0.630663605043	-0.988884756895
1.7017017017	-0.298830726545	-0.98074691722	-1.27957764377
1.71171171171	-0.238258591423	-0.879827995816	-1.11808658724
1.72172172172	-0.176744275691	-0.374314999924	-0.551059275615
1.73173173173	-0.114531034357	0.303328948475	0.188797914117
1.74174174174	-0.0518648862921	0.8414852973	0.789620411008
1.75175175175	0.0110063586381	0.992679686884	1.00368604552
1.76176176176	0.0738340795231	0.687384488629	0.761218568152
1.77177177177	0.136369827566	0.0659914936266	0.202361321193
1.78178178178	0.198366308561	-0.585748077542	-0.387381768981
1.79179179179	0.259578360804	-0.968127952902	-0.708549592098
1.8018018018	0.319763924571	-0.905308499583	-0.585544575011
1.81181181181	0.378684999333	-0.426177612372	-0.0474926130397
1.82182182182	0.436108584911	0.248933554467	0.685042139377
1.83183183183	0.491807602866	0.809571163341	1.30137876621
1.84184184184	0.54556179447	0.997922715028	1.5434845095
1.85185185185	0.597158591703	0.727373641573	1.32453223328
1.86186186186	0.646393957842	0.122337524378	0.76873148222
1.87187187187	0.693073194316	-0.53895622236	0.154116971956
1.88188188188	0.737011710631	-0.952407782884	-0.215396072253
1.89189189189	0.778035754318	-0.927889027297	-0.149853272978
1.9019019019	0.815983098035	-0.476675049446	0.339308048588
1.91191191191	0.850703681078	0.193740751237	1.04444443231
1.92192192192	0.882060202795	0.77506372888	1.65712393167
1.93193193193	0.909928665531	0.999969095868	1.9098977614
1.94194194194	0.934198864969	0.765032797458	1.69923166243
1.95195195195	0.954774825929	0.178291671158	1.13306649709
1.96196196196	0.971575181895	-0.490437927916	0.481137253978
1.97197197197	0.984533496775	-0.933636763611	0.0508967331641
1.98198198198	0.99359852762	-0.94749724672	0.0461012808993
1.99199199199	0.998734427259	-0.525645552631	0.473088874627
2.002002002	0.999920886057	0.137927337973	1.13784822403
2.01201201201	0.997153212228	0.738073531632	1.73522674386
2.02202202202	0.990442350387	0.998812274227	1.98925462461
2.03203203203	0.979814838271	0.800241322654	1.78005616092
2.04204204204	0.965312701797	0.233674695964	1.19898739776
2.05205205205	0.946993288874	-0.440348612935	0.506644675939
2.06206206206	0.92492904262	-0.911875024315	0.0130540183053
2.07207207207	0.899207214896	-0.964070346816	-0.0648631319203
2.08208208208	0.869929521266	-0.572932254642	0.296997266624
2.09209209209	0.837211738773	0.0816721018632	0.918883840636
2.1021021021	0.801183248104	0.698719062352	1.49990231046
2.11211211211	0.761986521963	0.994455955755	1.75644247772
2.12212212212	0.719776561664	0.832886433641	1.5526629953
2.13213213213	0.674720284195	0.288309190272	0.963029474467
2.14214214214	0.626995862148	-0.388848728591	0.238147133557
2.15215215215	0.576792019149	-0.887192274409	-0.31040025526
2.16216216216	0.524307283557	-0.977555238948	-0.45324795539
2.17217217217	0.469749203398	-0.618383681916	-0.148634478518
2.18218218218	0.413333525626	0.0251552453894	0.438488771015
2.19219219219	0.355283342961	0.657126385269	1.01240972823
2.2022022022	0.295828211688	0.986914095053	1.28274230674
2.21221221221	0.235203243879	0.862863558286	1.09806680217
2.22222222222	0.173648177667	0.342020143326	0.515668320993
2.23223223223	0.111406429203	-0.336103244542	-0.224696815339
2.24224224224	0.0487241300892	-0.859667580181	-0.810943450092
2.25225225225	-0.0141508459408	-0.98790872694	-1.00205957288
2.26226226226	-0.076969863222	-0.66185423983	-0.738824103052
2.27227227227	-0.139484507376	-0.0314421909191	-0.170926698295
2.28228228228	-0.20144756765	0.613428734267	0.411981166617
2.29229229229	-0.2626140145	0.976210850974	0.713596836474
2.3023023023	-0.322741968549	0.890076670822	0.567334702273
2.31231231231	-0.381593657079	0.394635502749	0.0130418456709
2.32232232232	-0.438936354296	-0.282281120474	-0.72121747477
2.33233233233	-0.494543301632	-0.829389111525	-1.32393241316
2.34234234234	-0.548194604445	-0.99509764545	-1.54329224989
2.35235235235	-0.599678101582	-0.703204679081	-1.30288278066
2.36236236236	-0.648790204361	-0.0879389084111	-0.736729112772
2.37237237237	-0.69533670165	0.567766086095	-0.127570615556
2.38238238238	-0.739133527863	0.962380509237	0.223246981374
2.39239239239	-0.780007490838	0.914438599445	0.134431108608
2.4024024024	-0.817796956717	0.445986725685	-0.371810231031
2.41241241241	-0.852352489117	-0.227554764876	-1.07990725399
2.42242242242	-0.88353744007	-0.796453859505	-1.67999129958
2.43243243243	-0.911228490388	-0.999098966205	-1.91032745659
2.44244244244	-0.935316137322	-0.742302541746	-1.67761867907
2.45245245245	-0.955705127584	-0.144153931068	-1.09985905865
2.46246246246	-0.972314834025	0.520284711982	-0.452030122044
2.47247247247	-0.985079574467	0.945467372594	-0.0396122018733
2.48248248248	-0.993948871439	0.935871305554	-0.058077565885
2.49249249249	-0.998887651789	0.495909318684	-0.502978333105
2.5025025025	-0.999876385381	-0.172099482764	-1.17197586815
2.51251251251	-0.996911162321	-0.760967325662	-1.75787848798
2.52252252252	-0.990003708422	-0.999899871767	-1.98990358019
2.53253253253	-0.979181338833	-0.779022585584	-1.75820392442
2.54254254254	-0.964486850027	-0.199907185225	-1.16439403525
2.55255255255	-0.945978350556	0.471136709083	-0.474841641473
2.56256256256	-0.923729031273	0.925525618922	0.00179658764844
2.57257257257	-0.897826875899	0.954306133729	0.0564792578298
2.58258258258	-0.868374313094	0.544243364632	-0.324130948463
2.59259259259	-0.835487811413	-0.116092914125	-0.951580725538
2.6026026026	-0.799297418733	-0.723043184061	-1.52234060279
2.61261261261	-0.759946247989	-0.997497796594	-1.75744404458
2.62262262262	-0.71758991124	-0.813247185224	-1.53083709646
2.63263263263	-0.67239590431	-0.2550200764	-0.927415980711
2.64264264264	-0.624542944437	0.420479513269	-0.204063431168
2.65265265265	-0.574220263541	0.902619127669	0.328398864128
2.66266266266	-0.521626859919	0.969684031658	0.448057171739
2.67267267267	-0.466970711319	0.590834035006	0.123863323687
2.68268268268	-0.410467952501	-0.0597144648832	-0.470182417384
2.69269269269	-0.352342020544	-0.682802917163	-1.03514493771
2.7027027027	-0.292822771277	-0.991900435259	-1.28472320654
2.71271271271	-0.232145570325	-0.844866708956	-1.07701227928
2.72272272272	-0.170550362372	-0.309316061389	-0.479866423761
2.73273273273	-0.10828072231	0.36847539481	0.2601946725
2.74274274274	-0.0455828920356	0.876821275233	0.831238383198
2.75275275275	0.0172951933006	0.981955739298	0.999250932598
2.76276276276	0.0801048857378	0.635532085844	0.715636971582
2.77277277277	0.142597807772	-0.00314473220771	0.139453075564
2.78278278278	0.204526834549	-0.640375426673	-0.435848592124
2.79279279279	0.265647071111	-0.983125717796	-0.717478646685
2.8028028028	0.325716820813	-0.873779869913	-0.5480630491
2.81281281281	0.384498541105	-0.362621213782	0.0218773273237
2.82282282282	0.44175978288	0.315290938575	0.757050721456
2.83283283283	0.497274109679	0.848214699913	1.34548880959
2.84284284284	0.550821993122	0.991081946669	1.54190393979
2.85285285285	0.602191681025	0.678194335815	1.28038601684
2.86286286286	0.651180034758	0.0534350739931	0.704615108751
2.87287287287	0.697593332546	-0.595896620634	0.101696711912
2.88288288288	0.741248035533	-0.97120175227	-0.229953716737
2.89289289289	0.781971513578	-0.899894050523	-0.117922536945
2.9029029029	0.819602727906	-0.414764781105	0.4048379468
2.91291291291	0.853992867932	0.261096510412	1.11508937834
2.92292292292	0.885005939722	0.816891037193	1.70189697691
2.93293293293	0.912519303774	0.997033419779	1.90955272355
2.94294294294	0.936424159991	0.718684124869	1.65510828486
2.95295295295	0.956625977922	0.109843711543	1.06646968946
2.96296296296	0.97304487058	-0.549508978071	0.423535892509
2.97297297297	0.985615910348	-0.956166734739	0.0294491756085
2.98298298298	0.994289385735	-0.923125599194	0.0711637865404
2.99299299299	0.999030997955	-0.465579731794	0.533451266161
3.003003003	0.999821996562	0.206065711412	1.20588770797
3.01301301301	0.996659253595	0.782950626208	1.7796098798
3.02302302302	0.989555275949	0.999791094264	1.98934637021
3.03303303303	0.978538155914	0.756871752005	1.73540990792
3.04304304304	0.963651460093	0.165900486569	1.12955194666
3.05305305305	0.944954057113	-0.501361092588	0.443592964525
3.06306306306	0.922519884832	-0.938068826896	-0.0155489420637
3.07307307307	0.896437657964	-0.943400098272	-0.0469624403072
3.08308308308	0.866810517252	-0.514903290241	0.351907227012
3.09309309309	0.833755621609	0.150374821814	0.984130443423
3.1031031031	0.797403684817	0.746502188328	1.54390587315
3.11311311311	0.757898458629	0.999346136462	1.75724459509
3.12312312312	0.715396164307	0.792634890742	1.50803105505
3.13313313313	0.670064874858	0.221425832322	0.891490707179
3.14314314314	0.622083850393	-0.451607196377	0.170476654016
3.15315315315	0.571642829258	-0.916966001796	-0.345323172538
3.16316316316	0.518941277722	-0.960652602422	-0.4417113247
3.17317317317	0.464187601196	-0.562577458218	-0.0983898570224
3.18318318318	0.407598320109	0.0942022363276	0.501800556437
3.19319319319	0.349397213688	0.707662478886	1.05705969257
3.2032032032	0.289814435034	0.995699971707	1.28551440674
3.21321321321	0.229085600998	0.825858980964	1.05494458196
3.22322322322	0.167450860443	0.276241884379	0.443692744822
3.23323323323	0.10515394459	-0.400406666168	-0.295252721578
3.24324324324	0.0424412031961	-0.89292585815	-0.850484654953
3.25325325325	-0.0204393696219	-0.974827846675	-0.995267216296
3.26326326326	-0.0832391160672	-0.608449520994	-0.691688637061
3.27327327327	-0.145709697966	0.0377278926787	-0.107981805288
3.28328328328	-0.207604078809	0.666555913182	0.458951834373
3.29329329329	-0.268677500641	0.988864279763	0.720186779123
3.3033033033	-0.328688451945	0.856437595893	0.527749143949
3.31331331331	-0.387399622686	0.330173050401	-0.0572265722848
3.32332332332	-0.44457884274	-0.347923512694	-0.792502355435
3.33333333333	-0.5	-0.866025403784	-1.36602540378
3.34334334334	-0.55344393452	-0.985880423447	-1.53932435797
3.35335335335	-0.604699305175	-0.652372536522	-1.2570718417
3.36336336336	-0.653563425397	-0.0188673047845	-0.672430730182
3.37337337337	-0.699843064686	0.623314167938	-0.0765288967478
3.38338338338	-0.743355212731	0.978860957414	0.235505744682
3.39339339339	-0.783927803117	0.884272783009	0.100344979892
3.4034034034	-0.821400393745	0.383046572603	-0.438353821141
3.41341341341	-0.855624801299	-0.294325855319	-1.14995065662
3.42342342342	-0.886465687226	-0.836350808966	-1.72281649619
3.43343343343	-0.913801092924	-0.993774928005	-1.90757602093
3.44344344344	-0.937522922021	-0.694205806141	-1.63172872816
3.45345345345	-0.957537367837	-0.0754020645824	-1.03293943242
3.46346346346	-0.973765284338	0.5780757595	-0.395689524838
3.47347347347	-0.986142499113	0.965722048315	-0.0204204507974
3.48348348348	-0.99462006714	0.909275377814	-0.0853446893259
3.49349349349	-0.999164464339	0.434693081154	-0.564471383184
3.5035035035	-0.999757720139	-0.239785383498	-1.23954310364
3.51351351351	-0.996397488543	-0.803997130367	-1.80039461891
3.52352352352	-0.989097057402	-0.998486071871	-1.98758312927
3.53353353353	-0.977885295874	-0.733815325277	-1.71170062115
3.54354354354	-0.962806540259	-0.131695288836	-1.09450182909
3.55355355355	-0.943920418674	0.530985600129	-0.412934818544
3.56356356356	-0.921301615256	0.949489640355	0.0281880250991
3.57357357357	-0.89503957483	0.93136528946	0.0363257146294
3.58358358358	-0.865238149205	0.484947136718	-0.380291012487
3.59359359359	-0.832015186492	-0.184476806803	-1.0164919933
3.6036036036	-0.795502065086	-0.769068006574	-1.56457007166
3.61361361361	-0.755843174135	-0.999998763829	-1.75584193796
3.62362362362	-0.713195342561	-0.771074212699	-1.48426955526
3.63363363363	-0.667727218889	-0.187566653376	-0.855293872265
3.64364364364	-0.619618604335	0.482194533802	-0.137424070533
3.65365365365	-0.569059741792	0.930215730829	0.361155989037
3.66366366366	-0.516250563526	0.9504717573	0.434221193775
3.67367367367	-0.461399900552	0.533647760402	0.0722478598498
3.68368368368	-0.404724656828	-0.128577295282	-0.53330195211
3.69369369369	-0.346448951515	-0.731675326102	-1.07812427762
3.7037037037	-0.286803232711	-0.998308158271	-1.28511139098
3.71371371371	-0.22602336616	-0.805863116958	-1.03188648312
3.72372372372	-0.164349702531	-0.242837185379	-0.40718688791
3.73373373373	-0.102026126964	0.431858853013	0.329832726049
3.74374374374	-0.0392990946401	0.90796205988	0.868662965239
3.75375375375	0.0235833438109	0.966533577558	0.990116921369
3.76376376376	0.0863725232145	0.580638949429	0.667011472643
3.77377377377	0.148820147184	-0.0722659119205	0.0765542352637
3.78378378378	0.210679269996	-0.691938868978	-0.481259598982
3.79379379379	0.27170527312	-0.993419670718	-0.721714397597
3.8038038038	0.331656832556	-0.838070598705	-0.506413766149
3.81381381381	0.39029687313	-0.297329836667	0.0929670364625
3.82382382382	0.447393505998	0.380139798124	0.827533304121
3.83383383383	0.502720945639	0.882799912725	1.38552085836
3.84384384384	0.556060402709	0.979499299381	1.53555970209
3.85385385385	0.607200949233	0.625770176852	1.23297112609
3.86386386386	0.655940352709	-0.015723039057	0.640217313652
3.87387387387	0.702085875823	-0.649985923054	0.052099952769
3.88388388388	0.745455038618	-0.985348960468	-0.239893921849
3.89389389389	0.785876340107	-0.867593487668	-0.0817171475608
3.9039039039	0.823189936455	-0.350870050851	0.472319885604
3.91391391391	0.85724827308	0.327203040858	1.18445131394
3.92392392392	0.887916668148	0.854809891307	1.74272655945
3.93393393393	0.915073845161	0.989327389653	1.90440123481
3.94394394394	0.938612412544	0.668896873744	1.60750928629
3.95395395395	0.958439288315	0.0408701994408	0.999309487756
3.96396396396	0.974476068176	-0.605950876264	0.368525191913
3.97397397397	0.986659335554	-0.974121880439	0.0125374551158
3.98398398398	0.994940912384	-0.894337213131	0.100603699253
3.99399399399	0.99928804962	-0.403286322484	0.596001727136
4.004004004	0.999683556747	0.273218153608	1.27290171035
4.01401401401	0.996125869751	0.824081656103	1.82020752585
4.02402402402	0.988629057313	0.995986366039	1.98461542335
4.03403403403	0.977222765169	0.709880892294	1.68710365746
4.04404404404	0.96195209888	0.0973325183683	1.05928461725
4.05405405405	0.942877445461	-0.559974786138	0.382902659324
4.06406406406	0.920074234591	-0.959774394353	-0.0397001597622
4.07407407407	0.893632640323	-0.91821610688	-0.0245834665569
4.08408408408	0.863657224501	-0.454410746445	0.409246478056
4.09409409409	0.830266523272	0.218358066245	1.04862458952
4.1041041041	0.793592578344	0.790713638915	1.58430621726
4.11411411411	0.753780414831	0.999454897829	1.75323531266
4.12412412412	0.710987467765	0.748590948335	1.4595784161
4.13413413413	0.665382959521	0.153483051896	0.818866011418
4.14414414414	0.617147230641	-0.512204927953	0.104942302688
4.15415415415	0.566471026685	-0.942352461534	-0.375881434849
4.16416416416	0.513554743939	-0.93915367762	-0.425598933681
4.17417417417	0.458607636956	-0.504079555791	-0.0454719188348
4.18418418418	0.401846991078	0.162798512165	0.564645503243
4.19419419419	0.343497263182	0.754812727561	1.09830999074
4.2042042042	0.283789194086	0.99972187427	1.28351106836
4.21421421421	0.222958896095	0.784903041886	1.00786193798
4.22422422422	0.161246919305	0.209141932938	0.370388852243
4.23423423423	0.0988973003642	-0.462794322967	-0.363897022603
4.24424424424	0.036156597441	-0.921911889685	-0.885755292244
4.25425425425	-0.0267270847755	-0.957082855998	-0.983809940774
4.26426426426	-0.0895050761925	-0.552133646353	-0.641638722546
4.27427427427	-0.151929124666	0.106717465371	-0.0452116592942
4.28428428428	-0.213752377698	0.716493923483	0.502741545784
4.29429429429	-0.274730358608	0.996786440157	0.722056081549
4.3043043043	-0.334621933292	0.818700854366	0.484078921074
4.31431431431	-0.393190263785	0.264130869317	-0.129059394469
4.32432432432	-0.450203744818	-0.411901248244	-0.862104993062
4.33433433433	-0.505436919686	-0.89851815612	-1.40395507581
4.34434434434	-0.558671371813	-0.971946209452	-1.53061758127
4.35435435435	-0.609696588459	-0.598419086391	-1.20811567485
4.36436436436	-0.658310793188	0.0502945703633	-0.608016222824
4.37437437437	-0.704321743776	0.675879973363	-0.0284417704131
4.38438438438	-0.747547492428	0.990657998569	0.243110506141
4.39439439439	-0.787817105279	0.849876121191	0.0620590159116
4.4044044044	-0.824971338339	0.318273714892	-0.506697623447
4.41441441441	-0.85886326722	-0.359688729645	-1.21855199686
4.42442442442	-0.889358868137	-0.872246198019	-1.76160506616
4.43443443443	-0.916337547898	-0.98369612618	-1.90003367408
4.44444444444	-0.939692620786	-0.642787609687	-1.58248023047
4.45445445445	-0.959331730437	-0.00628943331611	-0.965621163753
4.46446446446	-0.975177215064	0.633100975927	-0.342076239138
4.47447447447	-0.987166414562	0.981356180754	-0.00581023380831
4.48448448448	-0.995251918294	0.878328978583	-0.116922939711
4.49449449449	-0.999401752577	0.371397033808	-0.62800471877
4.5045045045	-0.999599507118	-0.306324019607	-1.30592352673
4.51451451451	-0.995844399907	-0.843180172386	-1.83902457229
4.52452452452	-0.988151280311	-0.992294967655	-1.98044624797
4.53453453453	-0.976550570352	-0.685097090484	-1.66164766084
4.54454454454	-0.961088144404	-0.0628532900445	-1.02394143445
4.55455455455	-0.941825147789	0.588293965201	-0.353531182588
4.56456456456	-0.918837754976	0.968910783236	0.0500730282599
4.57457457457	-0.892216868357	0.903968283462	0.0117514151051
4.58458458458	-0.862067758776	0.423330656057	-0.43873710272
4.59459459459	-0.828509649244	-0.251978061385	-1.08048771063
4.6046046046	-0.791675243475	-0.811413186463	-1.60308842994
4.61461461461	-0.751710201118	-0.997715189196	-1.74942539031
4.62462462462	-0.708772561755	-0.72521199876	-1.43398456052
4.63463463463	-0.663032119939	-0.119215808736	-0.782247928675
4.64464464464	-0.614669753754	0.541602471548	-0.073067282206
4.65465465465	-0.56387670954	0.953361672377	0.389484962837
4.66466466466	-0.510853845621	0.926711905405	0.415858059784
4.67467467467	-0.455810838022	0.47390822259	0.0180973845682
4.68468468468	-0.398965351315	-0.196824941468	-0.595790292783
4.69469469469	-0.340542177879	-0.777046999482	-1.11758917736
4.7047047047	-0.280772348966	-0.9999394282	-1.28071177717
4.71471471471	-0.219892221108	-0.763003834372	-0.982896055479
4.72472472472	-0.158142541449	-0.175196443252	-0.333338984701
4.73473473473	-0.095767495733	0.493176061899	0.397408566166
4.74474474474	-0.0330137426761	0.934758656667	0.901744913991
4.75475475475	0.0298705614263	0.946486989735	0.976357551161
4.76476476476	0.092636744022	0.522967718216	0.615604462238
4.77477477477	0.155036599664	-0.141041331925	0.0139952677393
4.78478478478	0.216823371526	-0.740191696702	-0.523368325176
4.79479479479	0.277752727186	-0.998960559759	-0.721207832573
4.8048048048	0.33758372483	-0.798351538674	-0.460767813845
4.81481481481	0.396079766039	-0.230615870742	0.165463895297
4.82482482482	0.453009531408	0.443169860644	0.896179392052
4.83483483483	0.508147895284	0.913161327173	1.42130922246
4.84484484484	0.561276816012	0.963230190894	1.52450700691
4.85485485485	0.612186198173	0.570351990578	1.18253818875
4.86486486486	0.66067472339	-0.0848059244755	0.575868798915
4.87487487487	0.706550646434	-0.700965336768	0.00558530966636
4.88488488488	0.749632553468	-0.994781719483	-0.245149166014
4.89489489489	0.78975007944	-0.831141882316	-0.0413918028754
4.9049049049	0.826744581781	-0.285296566074	0.541448015707
4.91491491491	0.860469767748	0.39174405272	1.25221382047
4.92492492492	0.890792272932	0.888638866652	1.77943113958
4.93493493493	0.917592188639	0.976887875362	1.894480064
4.94494494494	0.940763536065	0.615909253567	1.55667278963
4.95495495495	0.960214685378	-0.0282988580831	0.931915827295
4.96496496496	0.975868718069	-0.659493573536	0.316375144533
4.97497497497	0.98766373112	-0.987416293457	0.000247437663363
4.98498498498	0.995553081795	-0.861269827939	0.134283253855
4.99499499499	0.999505572086	-0.339063370495	0.660442201591
5.00500500501	0.999505572086	0.339063370495	1.33856894258
5.01501501502	0.995553081795	0.861269827939	1.85682290973
5.02502502503	0.98766373112	0.987416293457	1.97508002458
5.03503503504	0.975868718069	0.659493573536	1.63536229161
5.04504504505	0.960214685378	0.0282988580832	0.988513543461
5.05505505506	0.940763536065	-0.615909253567	0.324854282497
5.06506506507	0.917592188639	-0.976887875361	-0.0592956867221
5.07507507508	0.890792272932	-0.888638866652	0.00215340627964
5.08508508509	0.860469767748	-0.39174405272	0.468725715028
5.0950950951	0.826744581781	0.285296566074	1.11204114786
5.10510510511	0.78975007944	0.831141882316	1.62089196176
5.11511511512	0.749632553468	0.994781719483	1.74441427295
5.12512512513	0.706550646434	0.700965336768	1.4075159832
5.13513513514	0.66067472339	0.0848059244756	0.745480647866
5.14514514515	0.612186198173	-0.570351990578	0.0418342075952
5.15515515516	0.561276816012	-0.963230190894	-0.401953374882
5.16516516517	0.508147895284	-0.913161327173	-0.405013431889
5.17517517518	0.453009531408	-0.443169860644	0.00983967076416
5.18518518519	0.396079766039	0.230615870742	0.626695636782
5.1951951952	0.33758372483	0.798351538674	1.1359352635
5.20520520521	0.277752727186	0.998960559759	1.27671328694
5.21521521522	0.216823371526	0.740191696702	0.957015068228
5.22522522523	0.155036599664	0.141041331925	0.296077931589
5.23523523524	0.092636744022	-0.522967718216	-0.430330974194
5.24524524525	0.0298705614263	-0.946486989735	-0.916616428309
5.25525525526	-0.0330137426761	-0.934758656667	-0.967772399343
5.26526526527	-0.095767495733	-0.4931760619	-0.588943557633
5.27527527528	-0.158142541449	0.175196443252	0.0170539018025
5.28528528529	-0.219892221108	0.763003834371	0.543111613264
5.2952952953	-0.280772348966	0.9999394282	0.719167079234
5.30530530531	-0.340542177879	0.777046999482	0.436504821604
5.31531531532	-0.398965351315	0.196824941468	-0.202140409848
5.32532532533	-0.455810838022	-0.47390822259	-0.929719060613
5.33533533534	-0.510853845621	-0.926711905405	-1.43756575103
5.34534534535	-0.56387670954	-0.953361672377	-1.51723838192
5.35535535536	-0.614669753754	-0.541602471548	-1.1562722253
5.36536536537	-0.663032119939	0.119215808736	-0.543816311203
5.37537537538	-0.708772561755	0.72521199876	0.0164394370055
5.38538538539	-0.751710201118	0.997715189196	0.246004988078
5.3953953954	-0.791675243475	0.811413186463	0.0197379429882
5.40540540541	-0.828509649244	0.251978061385	-0.576531587859
5.41541541542	-0.862067758776	-0.423330656056	-1.28539841483
5.42542542543	-0.892216868357	-0.903968283462	-1.79618515182
5.43543543544	-0.918837754976	-0.968910783236	-1.88774853821
5.44544544545	-0.941825147789	-0.588293965201	-1.53011911299
5.45545545546	-0.961088144404	0.0628532900444	-0.89823485436
5.46546546547	-0.976550570352	0.685097090484	-0.291453479868
5.47547547548	-0.988151280311	0.992294967655	0.00414368734363
5.48548548549	-0.995844399907	0.843180172386	-0.152664227521
5.4954954955	-0.999599507118	0.306324019607	-0.693275487511
5.50550550551	-0.999401752577	-0.371397033808	-1.37079878638
5.51551551552	-0.995251918294	-0.878328978583	-1.87358089688
5.52552552553	-0.987166414562	-0.981356180754	-1.96852259532
5.53553553554	-0.975177215064	-0.633100975927	-1.60827819099
5.54554554555	-0.959331730437	0.00628943331601	-0.953042297121
5.55555555556	-0.939692620786	0.642787609686	-0.296905011099
5.56556556557	-0.916337547898	0.98369612618	0.0673585782812
5.57557557558	-0.889358868137	0.87224619802	-0.0171126701176
5.58558558559	-0.85886326722	0.359688729645	-0.499174537576
5.5955955956	-0.824971338339	-0.318273714892	-1.14324505323
5.60560560561	-0.787817105279	-0.849876121191	-1.63769322647
5.61561561562	-0.747547492428	-0.990657998569	-1.738205491
5.62562562563	-0.704321743776	-0.675879973363	-1.38020171714
5.63563563564	-0.658310793188	-0.0502945703634	-0.708605363551
5.64564564565	-0.609696588459	0.598419086391	-0.0112775020684
5.65565565566	-0.558671371813	0.971946209452	0.413274837639
5.66566566567	-0.505436919686	0.89851815612	0.393081236433
5.67567567568	-0.450203744818	0.411901248244	-0.0383024965736
5.68568568569	-0.393190263785	-0.264130869317	-0.657321133102
5.6956956957	-0.334621933292	-0.818700854366	-1.15332278766
5.70570570571	-0.274730358608	-0.996786440157	-1.27151679876
5.71571571572	-0.213752377698	-0.716493923483	-0.930246301181
5.72572572573	-0.151929124666	-0.106717465371	-0.258646590037
5.73573573574	-0.0895050761925	0.552133646353	0.462628570161
5.74574574575	-0.0267270847755	0.957082855998	0.930355771223
5.75575575576	0.036156597441	0.921911889685	0.958068487126
5.76576576577	0.0988973003642	0.462794322967	0.561691623332
5.77577577578	0.161246919305	-0.209141932937	-0.0478950136323
5.78578578579	0.222958896095	-0.784903041886	-0.561944145791
5.7957957958	0.283789194086	-0.99972187427	-0.715932680184
5.80580580581	0.343497263182	-0.754812727561	-0.411315464379
5.81581581582	0.401846991078	-0.162798512165	0.239048478912
5.82582582583	0.458607636956	0.504079555791	0.962687192748
5.83583583584	0.513554743939	0.93915367762	1.45270842156
5.84584584585	0.566471026685	0.942352461534	1.50882348822
5.85585585586	0.617147230641	0.512204927953	1.12935215859
5.86586586587	0.665382959521	-0.153483051896	0.511899907625
5.87587587588	0.710987467765	-0.748590948335	-0.0376034805698
5.88588588589	0.753780414831	-0.999454897829	-0.245674482998
5.8958958959	0.793592578344	-0.790713638915	0.00287893942836
5.90590590591	0.830266523272	-0.218358066245	0.611908457027
5.91591591592	0.863657224501	0.454410746445	1.31806797095
5.92592592593	0.893632640323	0.91821610688	1.8118487472
5.93593593594	0.920074234591	0.959774394353	1.87984862894
5.94594594595	0.942877445461	0.559974786138	1.5028522316
5.95595595596	0.96195209888	-0.0973325183682	0.864619580511
5.96596596597	0.977222765169	-0.709880892294	0.267341872875
5.97597597598	0.988629057313	-0.995986366039	-0.00735730872567
5.98598598599	0.996125869751	-0.824081656103	0.172044213648
5.995995996	0.999683556747	-0.273218153609	0.726465403138
6.00600600601	0.99928804962	0.403286322484	1.4025743721
6.01601601602	0.994940912384	0.894337213131	1.88927812551
6.02602602603	0.986659335554	0.974121880439	1.96078121599
6.03603603604	0.974476068176	0.605950876264	1.58042694444
6.04604604605	0.958439288315	-0.0408701994406	0.917569088875
6.05605605606	0.938612412544	-0.668896873744	0.269715538799
6.06606606607	0.915073845161	-0.989327389653	-0.0742535444927
6.07607607608	0.887916668148	-0.854809891307	0.0331067768407
6.08608608609	0.85724827308	-0.327203040858	0.530045232222
6.0960960961	0.823189936455	0.350870050851	1.17405998731
6.10610610611	0.785876340107	0.867593487668	1.65346982777
6.11611611612	0.745455038618	0.985348960468	1.73080399909
6.12612612613	0.702085875823	0.649985923054	1.35207179888
6.13613613614	0.655940352709	0.0157230390571	0.671663391766
6.14614614615	0.607200949233	-0.625770176852	-0.0185692276184
6.15615615616	0.556060402709	-0.979499299381	-0.423438896672
6.16616616617	0.502720945639	-0.882799912725	-0.380078967086
6.17617617618	0.447393505998	-0.380139798124	0.0672537078742
6.18618618619	0.39029687313	0.297329836667	0.687626709797
6.1961961962	0.331656832556	0.838070598705	1.16972743126
6.20620620621	0.27170527312	0.993419670718	1.26512494384
6.21621621622	0.210679269996	0.691938868978	0.902618138973
6.22622622623	0.148820147184	0.0722659119207	0.221086059105
6.23623623624	0.0863725232145	-0.580638949429	-0.494266426214
6.24624624625	0.0235833438109	-0.966533577558	-0.942950233747
6.25625625626	-0.0392990946401	-0.90796205988	-0.94726115452
6.26626626627	-0.102026126964	-0.431858853013	-0.533884979977
6.27627627628	-0.164349702531	0.242837185379	0.0784874828472
6.28628628629	-0.22602336616	0.805863116958	0.579839750797
6.2962962963	-0.286803232711	0.998308158271	0.71150492556
6.30630630631	-0.346448951515	0.731675326102	0.385226374587
6.31631631632	-0.404724656828	0.128577295282	-0.276147361546
6.32632632633	-0.461399900552	-0.533647760402	-0.995047660954
6.33633633634	-0.516250563526	-0.9504717573	-1.46672232083
6.34634634635	-0.569059741792	-0.930215730829	-1.49927547262
6.35635635636	-0.619618604335	-0.482194533802	-1.10181313814
6.36636636637	-0.667727218889	0.187566653376	-0.480160565513
6.37637637638	-0.713195342561	0.771074212699	0.057878870138
6.38638638639	-0.755843174135	0.999998763829	0.244155589694
6.3963963964	-0.795502065086	0.769068006574	-0.0264340585112
6.40640640641	-0.832015186492	0.184476806804	-0.647538379688
6.41641641642	-0.865238149205	-0.484947136717	-1.35018528592
6.42642642643	-0.89503957483	-0.93136528946	-1.82640486429
6.43643643644	-0.921301615256	-0.949489640355	-1.87079125561
6.44644644645	-0.943920418674	-0.530985600129	-1.4749060188
6.45645645646	-0.962806540259	0.131695288836	-0.831111251424
6.46646646647	-0.977885295874	0.733815325277	-0.244069970598
6.47647647648	-0.989097057402	0.998486071871	0.00938901446856
6.48648648649	-0.996397488543	0.803997130367	-0.192400358176
6.4964964965	-0.999757720139	0.239785383498	-0.759972336641
6.50650650651	-0.999164464339	-0.434693081154	-1.43385754549
6.51651651652	-0.99462006714	-0.909275377814	-1.90389544495
6.52652652653	-0.986142499113	-0.965722048315	-1.95186454743
6.53653653654	-0.973765284338	-0.5780757595	-1.55184104384
6.54654654655	-0.957537367837	0.0754020645824	-0.882135303255
6.55655655656	-0.937522922021	0.694205806141	-0.24331711588
6.56656656657	-0.913801092924	0.993774928005	0.0799738350816
6.57657657658	-0.886465687226	0.836350808966	-0.0501148782603
6.58658658659	-0.855624801299	0.294325855319	-0.56129894598
6.5965965966	-0.821400393745	-0.383046572603	-1.20444696635
6.60660660661	-0.783927803117	-0.884272783009	-1.66820058613
6.61661661662	-0.743355212731	-0.978860957414	-1.72221617015
6.62662662663	-0.699843064686	-0.623314167938	-1.32315723262
6.63663663664	-0.653563425397	0.0188673047844	-0.634696120613
6.64664664665	-0.604699305175	0.652372536522	0.0476732313463
6.65665665666	-0.55344393452	0.985880423447	0.432436488927
6.66666666667	-0.5	0.866025403784	0.366025403784
6.67667667668	-0.44457884274	0.347923512694	-0.0966553300459
6.68668668669	-0.387399622686	-0.330173050401	-0.717572673086
6.6966966967	-0.328688451945	-0.856437595893	-1.18512604784
6.70670670671	-0.268677500641	-0.988864279763	-1.2575417804
6.71671671672	-0.207604078809	-0.666555913182	-0.874159991991
6.72672672673	-0.145709697966	-0.0377278926787	-0.183437590645
6.73673673674	-0.0832391160672	0.608449520994	0.525210404927
6.74674674675	-0.0204393696219	0.974827846675	0.954388477053
6.75675675676	0.0424412031962	0.89292585815	0.935367061346
6.76676676677	0.10515394459	0.400406666168	0.505560610758
6.77677677678	0.167450860443	-0.276241884379	-0.108791023936
6.78678678679	0.229085600998	-0.825858980964	-0.596773379965
6.7967967968	0.289814435034	-0.995699971707	-0.705885536673
6.80680680681	0.349397213688	-0.707662478887	-0.358265265199
6.81681681682	0.407598320109	-0.0942022363277	0.313396083781
6.82682682683	0.464187601196	0.562577458218	1.02676505941
6.83683683684	0.518941277722	0.960652602422	1.47959388014
6.84684684685	0.571642829258	0.916966001796	1.48860883105
6.85685685686	0.622083850393	0.451607196377	1.07369104677
6.86686686687	0.670064874858	-0.221425832321	0.448639042536
6.87687687688	0.715396164307	-0.792634890742	-0.0772387264345
6.88688688689	0.757898458629	-0.999346136462	-0.241447677833
6.8968968969	0.797403684817	-0.746502188328	0.0509014964892
6.90690690691	0.833755621609	-0.150374821814	0.683380799795
6.91691691692	0.866810517252	0.514903290241	1.38171380749
6.92692692693	0.896437657964	0.943400098272	1.83983775624
6.93693693694	0.922519884832	0.938068826896	1.86058871173
6.94694694695	0.944954057113	0.501361092588	1.4463151497
6.95695695696	0.963651460093	-0.165900486569	0.797750973525
6.96696696697	0.978538155914	-0.756871752005	0.221666403909
6.97697697698	0.989555275949	-0.999791094264	-0.0102358183154
6.98698698699	0.996659253595	-0.782950626209	0.213708627387
6.996996997	0.999821996562	-0.206065711412	0.793756285151
7.00700700701	0.999030997955	0.465579731794	1.46461072975
7.01701701702	0.994289385735	0.923125599194	1.91741498493
7.02702702703	0.985615910348	0.956166734739	1.94178264509
7.03703703704	0.97304487058	0.549508978071	1.52255384865
7.04704704705	0.956625977922	-0.109843711542	0.84678226638
7.05705705706	0.936424159991	-0.718684124868	0.217740035123
7.06706706707	0.912519303774	-0.997033419779	-0.0845141160044
7.07707707708	0.885005939722	-0.816891037193	0.0681149025287
7.08708708709	0.853992867932	-0.261096510412	0.59289635752
7.0970970971	0.819602727906	0.414764781105	1.23436750901
7.10710710711	0.781971513578	0.899894050523	1.6818655641
7.11711711712	0.741248035533	0.97120175227	1.7124497878
7.12712712713	0.697593332546	0.595896620634	1.29348995318
7.13713713714	0.651180034758	-0.053435073993	0.597744960765
7.14714714715	0.602191681025	-0.678194335815	-0.0760026547892
7.15715715716	0.550821993122	-0.991081946669	-0.440259953547
7.16716716717	0.497274109679	-0.848214699913	-0.350940590234
7.17717717718	0.44175978288	-0.315290938576	0.126468844305
7.18718718719	0.384498541105	0.362621213782	0.747119754887
7.1971971972	0.325716820813	0.873779869913	1.19949669073
7.20720720721	0.265647071111	0.983125717796	1.24877278891
7.21721721722	0.204526834549	0.640375426673	0.844902261223
7.22722722723	0.142597807772	0.0031447322078	0.14574253998
7.23723723724	0.0801048857378	-0.635532085844	-0.555427200107
7.24724724725	0.0172951933006	-0.981955739297	-0.964660545997
7.25725725726	-0.0455828920356	-0.876821275233	-0.922404167269
7.26726726727	-0.10828072231	-0.36847539481	-0.476756117121
7.27727727728	-0.170550362372	0.309316061389	0.138765699016
7.28728728729	-0.232145570325	0.844866708956	0.612721138631
7.2972972973	-0.292822771277	0.991900435259	0.699077663982
7.30730730731	-0.352342020544	0.682802917163	0.330460896619
7.31731731732	-0.410467952501	0.0597144648833	-0.350753487618
7.32732732733	-0.466970711319	-0.590834035006	-1.05780474633
7.33733733734	-0.521626859919	-0.969684031658	-1.49131089158
7.34734734735	-0.574220263541	-0.902619127669	-1.47683939121
7.35735735736	-0.624542944437	-0.420479513269	-1.04502245771
7.36736736737	-0.67239590431	0.2550200764	-0.41737582791
7.37737737738	-0.71758991124	0.813247185224	0.0956572739839
7.38738738739	-0.759946247989	0.997497796595	0.237551548606
7.3973973974	-0.799297418733	0.723043184062	-0.0762542346713
7.40740740741	-0.835487811413	0.116092914125	-0.719394897288
7.41741741742	-0.868374313094	-0.544243364632	-1.41261767773
7.42742742743	-0.897826875899	-0.954306133729	-1.85213300963
7.43743743744	-0.923729031273	-0.925525618922	-1.84925465019
7.44744744745	-0.945978350556	-0.471136709083	-1.41711505964
7.45745745746	-0.964486850027	0.199907185225	-0.764579664802
7.46746746747	-0.979181338833	0.779022585583	-0.20015875325
7.47747747748	-0.990003708422	0.999899871767	0.00989616334499
7.48748748749	-0.996911162321	0.760967325662	-0.235943836659
7.4974974975	-0.999876385381	0.172099482764	-0.827776902617
7.50750750751	-0.998887651789	-0.495909318684	-1.49479697047
7.51751751752	-0.993948871439	-0.935871305554	-1.92982017699
7.52752752753	-0.985079574467	-0.945467372594	-1.93054694706
7.53753753754	-0.972314834025	-0.520284711982	-1.49259954601
7.54754754755	-0.955705127584	0.144153931068	-0.811551196516
7.55755755756	-0.935316137322	0.742302541746	-0.193013595576
7.56756756757	-0.911228490388	0.999098966205	0.0878704758165
7.57757757758	-0.88353744007	0.796453859505	-0.0870835805655
7.58758758759	-0.852352489117	0.227554764876	-0.624797724241
7.5975975976	-0.817796956717	-0.445986725685	-1.2637836824
7.60760760761	-0.780007490838	-0.914438599445	-1.69444609028
7.61761761762	-0.739133527863	-0.962380509237	-1.7015140371
7.62762762763	-0.69533670165	-0.567766086095	-1.26310278775
7.63763763764	-0.648790204361	0.087938908411	-0.56085129595
7.64764764765	-0.599678101582	0.703204679081	0.103526577499
7.65765765766	-0.548194604445	0.99509764545	0.446903041006
7.66766766767	-0.494543301632	0.829389111525	0.334845809893
7.67767767768	-0.438936354296	0.282281120474	-0.156655233822
7.68768768769	-0.381593657079	-0.394635502749	-0.776229159828
7.6976976977	-0.322741968549	-0.890076670822	-1.21281863937
7.70770770771	-0.2626140145	-0.976210850974	-1.23882486547
7.71771771772	-0.20144756765	-0.613428734267	-0.814876301916
7.72772772773	-0.139484507376	0.031442190919	-0.108042316457
7.73773773774	-0.076969863222	0.66185423983	0.584884376608
7.74774774775	-0.0141508459408	0.98790872694	0.973757880999
7.75775775776	0.0487241300892	0.859667580181	0.90839171027
7.76776776777	0.111406429203	0.336103244542	0.447509673746
7.77777777778	0.173648177667	-0.342020143326	-0.168371965659
7.78778778779	0.235203243879	-0.862863558286	-0.627660314406
7.7977977978	0.295828211688	-0.986914095053	-0.691085883366
7.80780780781	0.355283342961	-0.657126385269	-0.301843042308
7.81781781782	0.413333525626	-0.0251552453894	0.388178280236
7.82782782783	0.469749203398	0.618383681916	1.08813288531
7.83783783784	0.524307283557	0.977555238948	1.5018625225
7.84784784785	0.576792019149	0.887192274409	1.46398429356
7.85785785786	0.626995862148	0.388848728592	1.01584459074
7.86786786787	0.674720284195	-0.288309190272	0.386411093922
7.87787787788	0.719776561664	-0.832886433641	-0.113109871977
7.88788788789	0.761986521963	-0.994455955755	-0.232469433793
7.8978978979	0.801183248104	-0.698719062352	0.102464185752
7.90790790791	0.837211738773	-0.0816721018633	0.755539636909
7.91791791792	0.869929521266	0.572932254642	1.44286177591
7.92792792793	0.899207214896	0.964070346816	1.86327756171
7.93793793794	0.92492904262	0.911875024315	1.83680406694
7.94794794795	0.946993288874	0.440348612935	1.38734190181
7.95795795796	0.965312701797	-0.233674695964	0.731638005833
7.96796796797	0.979814838271	-0.800241322654	0.179573515617
7.97797797798	0.990442350387	-0.998812274227	-0.00836992384045
7.98798798799	0.997153212228	-0.738073531632	0.259079680596
7.997997998	0.999920886057	-0.137927337973	0.861993548084
8.00800800801	0.998734427259	0.525645552631	1.52437997989
8.01801801802	0.99359852762	0.94749724672	1.94109577434
8.02802802803	0.984533496775	0.933636763611	1.91817026039
8.03803803804	0.971575181895	0.490437927916	1.46201310981
8.04804804805	0.954774825929	-0.178291671158	0.776483154771
8.05805805806	0.934198864969	-0.765032797458	0.169166067511
8.06806806807	0.909928665531	-0.999969095868	-0.090040430337
8.07807807808	0.882060202795	-0.77506372888	0.106996473915
8.08808808809	0.850703681078	-0.193740751237	0.656962929841
8.0980980981	0.815983098035	0.476675049446	1.29265814748
8.10810810811	0.778035754318	0.927889027296	1.70592478161
8.11811811812	0.737011710631	0.952407782884	1.68941949352
8.12812812813	0.693073194316	0.53895622236	1.23202941668
8.13813813814	0.646393957842	-0.122337524378	0.524056433463
8.14814814815	0.597158591703	-0.727373641573	-0.13021504987
8.15815815816	0.54556179447	-0.997922715028	-0.452360920558
8.16816816817	0.491807602866	-0.809571163341	-0.317763560474
8.17817817818	0.436108584911	-0.248933554467	0.187175030444
8.18818818819	0.378684999333	0.426177612372	0.804862611705
8.1981981982	0.319763924571	0.905308499583	1.22507242415
8.20820820821	0.259578360804	0.968127952902	1.22770631371
8.21821821822	0.198366308561	0.585748077542	0.784114386103
8.22822822823	0.136369827566	-0.0659914936266	0.0703783339395
8.23823823824	0.0738340795231	-0.687384488629	-0.613550409106
8.24824824825	0.0110063586381	-0.992679686884	-0.981673328245
8.25825825826	-0.0518648862921	-0.8414852973	-0.893350183592
8.26826826827	-0.114531034357	-0.303328948475	-0.417859982832
8.27827827828	-0.176744275691	0.374314999924	0.197570724233
8.28828828829	-0.238258591423	0.879827995816	0.641569404393
8.2982982983	-0.298830726545	0.98074691722	0.681916190675
8.30830830831	-0.358221151852	0.630663605043	0.27244245319
8.31831831832	-0.416195011144	-0.00943407222581	-0.42562908337
8.32832832833	-0.472523049956	-0.645193435939	-1.11771648589
8.33833833834	-0.526982522129	-0.984256806433	-1.51123932856
8.34834834835	-0.57935807065	-0.870703900165	-1.45006197082
8.35835835836	-0.629442579268	-0.356752688414	-0.986195267682
8.36836836837	-0.677037991524	0.321253343684	-0.35578464784
8.37837837838	-0.721956093955	0.851529137733	0.129573043779
8.38838838839	-0.764019260373	0.990224253491	0.226204993118
8.3983983984	-0.803061154282	0.673558926887	-0.129502227395
8.40840840841	-0.83892738664	0.0471535693523	-0.791773817288
8.41841841842	-0.871476126386	-0.600935634163	-1.47241176055
8.42842842843	-0.900578661304	-0.972681054703	-1.87325971601
8.43843843844	-0.926119907006	-0.897133375942	-1.82325328295
8.44844844845	-0.947998862029	-0.409033641941	-1.35703250397
8.45845845846	-0.966129007238	0.267162616135	-0.698966391103
8.46846846847	-0.980438647961	0.820502575107	-0.159936072854
8.47847847848	-0.990871197506	0.99652960295	0.00565840544448
8.48848848849	-0.997385400923	0.714296636427	-0.283088764496
8.4984984985	-0.99995549815	0.103590163832	-0.896365334318
8.50850850851	-0.998571325879	-0.554752854384	-1.55332418026
8.51851851852	-0.993238357742	-0.957989512315	-1.95122787006
8.52852852853	-0.983977682672	-0.920689063053	-1.90466674572
8.53853853854	-0.970825921502	-0.460004337399	-1.4308302589
8.54854854855	-0.953835082157	0.212216086182	-0.741618995974
8.55855855856	-0.933072353983	0.786847695372	-0.146224658611
8.56856856857	-0.908619842057	0.999642767662	0.0910229256056
8.57857857858	-0.880574242504	0.752746238498	-0.127828004006
8.58858858859	-0.849046460119	0.159694927788	-0.689351532331
8.5985985986	-0.814161169798	-0.506793033968	-1.32095420377
8.60860860861	-0.77605632352	-0.94022924071	-1.71628556423
8.61861861862	-0.734882604821	-0.94129550553	-1.67617811035
8.62862862863	-0.690802832929	-0.509501500284	-1.20030433321
8.63863863864	-0.643991318896	0.156589764129	-0.487401554768
8.64864864865	-0.594633176304	0.750672305253	0.156039128948
8.65865865866	-0.542923589236	0.999553775222	0.456630185985
8.66866866867	-0.489067040436	0.788784567433	0.299717526997
8.67867867868	-0.433276502688	0.215288140745	-0.217988361943
8.68868868869	-0.375772596633	-0.457209802679	-0.832982399312
8.6986986987	-0.316782718332	-0.91945713139	-1.23623984972
8.70870870871	-0.256540140042	-0.958886694725	-1.21542683477
8.71871871872	-0.195283087756	-0.557366576262	-0.752649664017
8.72872872873	-0.133253799146	0.100461837852	-0.0327919612935
8.73873873874	-0.070697565652	0.712092285431	0.641394719779
8.74874874875	-0.00786176248947	0.996262910699	0.988401148209
8.75875875876	0.0550051295842	0.822296181599	0.877301311183
8.76876876877	0.117654506872	0.270191720884	0.387846227756
8.77877877878	0.179838625827	-0.406161990554	-0.226323364728
8.78878878879	0.241311582741	-0.895739723685	-0.654428140945
8.7987987988	0.301830286157	-0.973406280756	-0.671575994599
8.80880880881	0.361155418163	-0.603446239064	-0.2422908209
8.81881881882	0.419052380758	0.0440121020224	0.463064482781
8.82882882883	0.475292223561	0.671231219341	1.1465234429
8.83883883884	0.529652549179	0.989780715724	1.5194332649
8.84884884885	0.581918392668	0.853173733193	1.43509212586
8.85885885886	0.6318830716	0.324229795484	0.956112867085
8.86886886887	0.679349003377	-0.353813119126	0.325535884251
8.87887887888	0.724128486558	-0.869152991602	-0.145024505044
8.88888888889	0.766044443119	-0.984807753012	-0.218763309893
8.8988988989	0.804931118695	-0.647592881637	0.157338237058
8.90890890891	0.840634738048	-0.0125786178388	0.828056120209
8.91891891892	0.873014113161	0.628219997296	1.50123411046
8.92892892893	0.901941201561	0.980127954722	1.88206915628
8.93893893894	0.927301612655	0.88131831211	1.80861992476
8.94894894895	0.948995060078	0.377229264303	1.32622432438
8.95895895896	0.966935758276	-0.300330877612	0.666604880664
8.96896896897	0.981052761736	-0.839782100458	0.141270661278
8.97897897898	0.991290245538	-0.99305458914	-0.00176434360252
8.98898898899	0.99760772611	-0.689665088978	0.307942637131
8.998998999	0.999980221319	-0.0691290445948	0.930851176724
9.00900900901	0.998398349262	0.583196397206	1.58159474647
9.01901901902	0.992868365367	0.967335548397	1.96020391376
9.02902902903	0.983412137654	0.906639762777	1.89005190043
9.03903903904	0.970067060258	0.429020354062	1.39908741432
9.04904904905	0.952885905561	-0.245886585754	0.706999319808
9.05905905906	0.931936615503	-0.807721134074	0.124215481429
9.06906906907	0.907302032909	-0.998120372038	-0.0908183391291
9.07907907908	0.879079573893	-0.729528091122	0.14955148277
9.08908908909	0.847380842629	-0.12545803018	0.721922812449
9.0990990991	0.812331190024	0.536304643237	1.34863583326
9.10910910911	0.774069218016	0.951444474683	1.7255136927
9.11911911912	0.732746231489	0.929056972954	1.66180320444
9.12912912913	0.688525639939	0.479437162289	1.16796280223
9.13913913914	0.641582311285	-0.190654645033	0.450927666252
9.14914914915	0.592101880361	-0.773072793389	-0.180970913027
9.15915915916	0.540280014833	-0.999988874476	-0.459708859643
9.16916916917	0.486321641442	-0.767054194856	-0.280732553413
9.17917917918	0.430440135636	-0.181385135873	0.249054999763
9.18918918919	0.37285647778	0.487694943814	0.860551421594
9.1991991992	0.313798379312	0.93250563748	1.24630401679
9.20920920921	0.253499382261	0.94849813356	1.20199751582
9.21921921922	0.192197935725	0.528318188746	0.720516124471
9.22922922923	0.13013645293	-0.134811980006	-0.00467552707677
9.23923923924	0.0675603526269	-0.735948067484	-0.668387714857
9.24924924925	0.00471708859304	-0.998654111076	-0.993937022483
9.25925925926	-0.0581448289105	-0.802123192755	-0.860268021666
9.26926926927	-0.120776815858	-0.236731210292	-0.35750802615
9.27927927928	-0.182931197472	0.437523010457	0.254591812984
9.28928928929	-0.24436218764	0.910579703592	0.666217515952
9.2992992993	-0.304826860859	0.964900968695	0.660074107836
9.30930930931	-0.364086112876	0.57550685277	0.211420739894
9.31931931932	-0.421905606211	-0.0785374715656	-0.500443077776
9.32932932933	-0.478056696828	-0.696465878049	-1.17452257488
9.33933933934	-0.532317338301	-0.99412035749	-1.52643769579
9.34934934935	-0.584472959883	-0.834622748248	-1.41909570813
9.35935935936	-0.634317315011	-0.291318963276	-0.925636278286
9.36936936937	-0.6816532969	0.385949558995	-0.295703737904
9.37937937938	-0.72629371799	0.885736908397	0.159443190406
9.38938938939	-0.768062050171	0.978212935133	0.210150884962
9.3993993994	-0.80679312285	0.620851994843	-0.185941128007
9.40940940941	-0.842333776112	-0.0220113839261	-0.864345160038
9.41941941942	-0.874543466381	-0.65475269844	-1.52929616482
9.42942942943	-0.903294822193	-0.986402136696	-1.88969695889
9.43943943944	-0.928474147879	-0.86444875546	-1.79292290334
9.44944944945	-0.949981873168	-0.344973533795	-1.29495540696
9.45945945946	-0.967732946933	0.333139794742	-0.634593152192
9.46946946947	-0.981657173522	0.858056830856	-0.123600342666
9.47947947948	-0.991699490339	0.988391390633	-0.00330809970519
9.48948948949	-0.997820185589	0.664208360806	-0.333611824783
9.4994994995	-0.999995055317	0.0345852128119	-0.965409842506
9.50950950951	-0.99821549912	-0.610942148545	-1.60915764767
9.51951951952	-0.992488554155	-0.975524172482	-1.96801272664
9.52952952953	-0.982836867314	-0.891505672698	-1.87434254001
9.53953953954	-0.969298605666	-0.397523050084	-1.36682165575
9.54954954955	-0.951927305529	0.279262883293	-0.672664422236
9.55955955956	-0.930791660762	0.827628138603	-0.10316352216
9.56956956957	-0.90597525112	0.995403730534	0.0894284794136
9.57957957958	-0.877576211743	0.705437067146	-0.172139144597
9.58958958959	-0.845706845082	0.0910710226868	-0.754635822395
9.5995995996	-0.81049317681	-0.565174566765	-1.37566774358
9.60960960961	-0.77207445746	-0.961521310247	-1.73359576771
9.61961961962	-0.730602611762	-0.9157068285	-1.64630944026
9.62962962963	-0.686241637869	-0.448799180201	-1.13504081807
9.63963963964	-0.639166958833	0.224491408637	-0.414675550196
9.64964964965	-0.589564728906	0.794548303912	0.204983575006
9.65965965966	-0.537631097403	0.999227492196	0.461596394793
9.66966966967	-0.483571433037	0.744406045888	0.260834612851
9.67967967968	-0.427599511804	0.14726510462	-0.280334407183
9.68968968969	-0.369936671614	-0.517596560462	-0.887533232076
9.6996996997	-0.310810937026	-0.944438405381	-1.25524934241
9.70970970971	-0.250456117533	-0.936974699267	-1.1874308168
9.71971971972	-0.189110882978	-0.498637671241	-0.687748554219
9.72972972973	-0.127017819747	0.169000820322	0.0419830005749
9.73973973974	-0.0644224714728	0.758923291468	0.694500819995
9.74974974975	-0.00157236804759	0.999850426958	0.998278058911
9.75975975976	0.0612839532213	0.780990467646	0.842274420867
9.76976976977	0.123897930438	0.202987452027	0.326885382465
9.77977977978	0.186021960045	-0.468360536333	-0.282338576288
9.78978978979	0.247410375952	-0.924330179577	-0.676919803625
9.7997997998	0.307820421017	-0.955241157598	-0.647420736582
9.80980980981	0.367013207009	-0.546878875494	-0.179865668485
9.81981981982	0.424754659284	0.112968871429	0.537723530713
9.82982982983	0.480816442417	0.720867218925	1.20168366134
9.83983983984	0.534976863143	0.997270539373	1.53224740252
9.84984984985	0.587021747031	0.815073141486	1.40209488852
9.85985985986	0.636745285425	0.258059569429	0.894804854854
9.86986986987	0.683950849304	-0.417624212206	0.266326637098
9.87987987988	0.728451766839	-0.901261045546	-0.172809278707
9.88988988989	0.770072061578	-0.97044769052	-0.200375628942
9.8998998999	0.808647148334	-0.593368261838	0.215278886496
9.90990990991	0.84402448403	0.0565750491838	0.900599533214
9.91991991992	0.876064170921	0.680501991355	1.55656616228
9.92992992993	0.904639509812	0.991496093597	1.89613560341
9.93993993994	0.929637501083	0.84654489033	1.77618239141
9.94994994995	0.95095929154	0.312305044232	1.26326433577
9.95995995996	0.968520565327	-0.365550111825	0.602970453501
9.96996996997	0.982251877342	-0.875304900678	0.106946976664
9.97997997998	0.992098927861	-0.982545586923	0.00955334093853
9.98998998999	0.99802277726	-0.637956910753	0.360065866507
10.0	1.0	-9.79965031573e-14	1.0
