System params: f_X=1, f_Y=1, A_X=1, A_Y=0.5, phi=0, dt=0.01, N=1000

t	X	Y	Z
0.0	1.0	0.0	1.0
0.01001001001	0.99802277726	0.0628532900445	1.0608760673
0.02002002002	0.992098927861	0.12545803018	1.11755695804
0.03003003003	0.982251877342	0.187566653376	1.16981853072
0.04004004004	0.968520565327	0.248933554467	1.21745411979
0.0500500500501	0.95095929154	0.309316061389	1.26027535293
0.0600600600601	0.929637501083	0.36847539481	1.29811289589
0.0700700700701	0.904639509812	0.426177612372	1.33081712218
0.0800800800801	0.876064170921	0.482194533802	1.35825870472
0.0900900900901	0.84402448403	0.536304643237	1.38032912727
0.1001001001	0.808647148334	0.588293965201	1.39694111353
0.11011011011	0.770072061578	0.637956910753	1.40802897233
0.12012012012	0.728451766839	0.685097090484	1.41354885732
0.13013013013	0.683950849304	0.729528091122	1.41347894043
0.14014014014	0.636745285425	0.771074212699	1.40781949812
0.15015015015	0.587021747031	0.809571163341	1.39659291037
0.16016016016	0.534976863143	0.844866708956	1.3798435721
0.17017017017	0.480816442417	0.876821275233	1.35763771765
0.18018018018	0.424754659284	0.905308499583	1.33006315887
0.19019019019	0.367013207009	0.930215730829	1.29722893784
0.2002002002	0.307820421017	0.951444474683	1.2592648957
0.21021021021	0.247410375952	0.968910783236	1.21632115919
0.22022022022	0.186021960045	0.982545586923	1.16856754697
0.23023023023	0.123897930438	0.992294967655	1.11619289809
0.24024024024	0.0612839532213	0.998120372038	1.05940432526
0.25025025025	-0.00157236804758	0.999998763829	0.998426395781
0.26026026026	-0.0644224714728	0.997922715028	0.933500243555
0.27027027027	-0.127017819747	0.991900435259	0.864882615512
0.28028028028	-0.189110882978	0.981955739298	0.79284485632
0.29029029029	-0.250456117533	0.968127952902	0.717671835369
0.3003003003	-0.310810937026	0.9504717573	0.639660820274
0.31031031031	-0.369936671614	0.929056972954	0.55912030134
0.32032032032	-0.427599511804	0.903968283462	0.476368771658
0.33033033033	-0.483571433037	0.875304900678	0.391733467641
0.34034034034	-0.537631097403	0.843180172386	0.305549074983
0.35035035035	-0.589564728906	0.807721134074	0.218156405167
0.36036036036	-0.639166958833	0.769068006574	0.129901047741
0.37037037037	-0.686241637869	0.727373641573	0.0411320037043
0.38038038038	-0.730602611762	0.682802917163	-0.0477996945988
0.39039039039	-0.77207445746	0.635532085844	-0.136542371616
0.4004004004	-0.81049317681	0.585748077542	-0.224745099268
0.41041041041	-0.845706845082	0.533647760402	-0.312059084679
0.42042042042	-0.877576211743	0.479437162289	-0.398139049454
0.43043043043	-0.90597525112	0.423330656057	-0.482644595064
0.44044044044	-0.930791660762	0.365550111825	-0.565241548937
0.45045045045	-0.951927305529	0.306324019607	-0.645603285922
0.46046046046	-0.969298605666	0.245886585754	-0.723412019912
0.47047047047	-0.982836867314	0.184476806803	-0.798360060511
0.48048048048	-0.992488554155	0.122337524378	-0.870151029777
0.49049049049	-0.99821549912	0.0597144648832	-0.938501034237
0.500500500501	-0.999995055317	-0.00314473220774	-1.00313978753
0.510510510511	-0.997820185589	-0.0659914936266	-1.06381167922
0.520520520521	-0.991699490339	-0.128577295282	-1.12027678562
0.530530530531	-0.981657173522	-0.190654645033	-1.17231181856
0.540540540541	-0.967732946933	-0.251978061385	-1.21971100832
0.550550550551	-0.949981873168	-0.312305044231	-1.2622869174
0.560560560561	-0.928474147879	-0.371397033808	-1.29987118169
0.570570570571	-0.903294822193	-0.429020354062	-1.33231517626
0.580580580581	-0.874543466381	-0.484947136717	-1.3594906031
0.590590590591	-0.842333776112	-0.53895622236	-1.38128999847
0.600600600601	-0.80679312285	-0.590834035006	-1.39762715786
0.610610610611	-0.768062050171	-0.640375426673	-1.40843747684
0.620620620621	-0.72629371799	-0.687384488629	-1.41367820662
0.630630630631	-0.6816532969	-0.731675326102	-1.413328623
0.640640640641	-0.634317315011	-0.773072793389	-1.4073901084
0.650650650651	-0.584472959883	-0.811413186463	-1.39588614635
0.660660660661	-0.532317338301	-0.84654489033	-1.37886222863
0.670670670671	-0.478056696828	-0.878328978583	-1.35638567541
0.680680680681	-0.421905606211	-0.906639762777	-1.32854536899
0.690690690691	-0.364086112876	-0.93136528946	-1.29545140234
0.700700700701	-0.304826860859	-0.952407782884	-1.25723464374
0.710710710711	-0.24436218764	-0.969684031658	-1.2140462193
0.720720720721	-0.182931197472	-0.983125717796	-1.16605691527
0.730730730731	-0.120776815858	-0.992679686884	-1.11345650274
0.740740740741	-0.0581448289105	-0.998308158271	-1.05645298718
0.750750750751	0.00471708859303	-0.999988874476	-0.995271785883
0.760760760761	0.0675603526269	-0.997715189196	-0.930154836569
0.770770770771	0.13013645293	-0.991496093597	-0.861359640668
0.780780780781	0.192197935725	-0.981356180754	-0.789158245029
0.790790790791	0.253499382261	-0.967335548397	-0.713836166136
0.800800800801	0.313798379312	-0.949489640355	-0.635691261043
0.810810810811	0.37285647778	-0.927889027297	-0.555032549516
0.820820820821	0.430440135636	-0.902619127669	-0.472178992033
0.830830830831	0.486321641442	-0.873779869913	-0.38745822847
0.840840840841	0.540280014833	-0.8414852973	-0.301205282467
0.850850850851	0.592101880361	-0.805863116958	-0.213761236596
0.860860860861	0.641582311285	-0.767054194856	-0.12547188357
0.870870870871	0.688525639939	-0.72521199876	-0.036686358821
0.880880880881	0.732746231489	-0.680501991355	0.0522442401339
0.890890890891	0.774069218016	-0.633100975927	0.14096824209
0.900900900901	0.812331190024	-0.583196397206	0.229134792818
0.910910910911	0.847380842629	-0.530985600129	0.3163952425
0.920920920921	0.879079573893	-0.476675049446	0.402404524446
0.930930930931	0.907302032909	-0.420479513269	0.48682251964
0.940940940941	0.931936615503	-0.362621213782	0.569315401722
0.950950950951	0.952885905561	-0.303328948475	0.649556957087
0.960960960961	0.970067060258	-0.242837185379	0.727229874879
0.970970970971	0.983412137654	-0.181385135873	0.802027001781
0.980980980981	0.992868365367	-0.119215808736	0.873652556631
0.990990990991	0.998398349262	-0.0565750491838	0.941823300079
1.001001001	0.999980221319	0.00628943331607	1.00626965463
1.01101101101	0.99760772611	0.0691290445948	1.0667367707
1.02102102102	0.991290245538	0.131695288836	1.12298553437
1.03103103103	0.981052761736	0.193740751237	1.17479351297
1.04104104104	0.966935758276	0.2550200764	1.22195583468
1.05105105105	0.948995060078	0.315290938576	1.26428599865
1.06106106106	0.927301612655	0.374314999924	1.30161661258
1.07107107107	0.901941201561	0.431858853013	1.33380005457
1.08108108108	0.873014113161	0.487694943814	1.36070905697
1.09109109109	0.840634738048	0.541602471548	1.3822372096
1.1011011011	0.804931118695	0.593368261838	1.39829938053
1.11111111111	0.766044443119	0.642787609687	1.40883205281
1.12112112112	0.724128486558	0.689665088978	1.41379357554
1.13113113113	0.679349003377	0.733815325277	1.41316432865
1.14114114114	0.6318830716	0.77506372888	1.40694680048
1.15115115115	0.581918392668	0.813247185224	1.39516557789
1.16116116116	0.529652549179	0.848214699913	1.37786724909
1.17117117117	0.475292223561	0.879827995816	1.35512021938
1.18118118118	0.419052380758	0.90796205988	1.32701444064
1.19119119119	0.361155418163	0.93250563748	1.29366105564
1.2012012012	0.301830286157	0.953361672377	1.25519195853
1.21121121121	0.241311582741	0.97044769052	1.21175927326
1.22122122122	0.179838625827	0.98369612618	1.16353475201
1.23123123123	0.117654506872	0.99305458914	1.11070909601
1.24124124124	0.0550051295842	0.998486071871	1.05349120145
1.25125125125	-0.00786176248947	0.999969095868	0.992107333378
1.26126126126	-0.070697565652	0.997497796594	0.926800230943
1.27127127127	-0.133253799146	0.991081946669	0.857828147523
1.28128128128	-0.195283087756	0.98074691722	0.785463829464
1.29129129129	-0.256540140042	0.966533577558	0.709993437516
1.3013013013	-0.316782718332	0.94849813356	0.631715415228
1.31131131131	-0.375772596633	0.926711905405	0.550939308773
1.32132132132	-0.433276502688	0.901261045546	0.467984542858
1.33133133133	-0.489067040436	0.872246198019	0.383179157584
1.34134134134	-0.542923589236	0.839782100459	0.296858511222
1.35135135135	-0.594633176304	0.803997130367	0.209363954063
1.36136136136	-0.643991318896	0.765032797458	0.121041478562
1.37137137137	-0.690802832929	0.723043184062	0.0322403511329
1.38138138138	-0.734882604821	0.678194335815	-0.0566882690066
1.39139139139	-0.77605632352	0.630663605043	-0.145392718477
1.4014014014	-0.814161169798	0.580638949429	-0.233522220369
1.41141141141	-0.849046460119	0.528318188746	-0.320728271373
1.42142142142	-0.880574242504	0.47390822259	-0.406666019913
1.43143143143	-0.908619842057	0.417624212206	-0.49099562985
1.44144144144	-0.933072353983	0.359688729645	-0.573383624338
1.45145145145	-0.953835082157	0.300330877612	-0.653504204545
1.46146146146	-0.970825921502	0.239785383498	-0.731040538005
1.47147147147	-0.983977682672	0.178291671158	-0.805686011514
1.48148148148	-0.993238357742	0.116092914125	-0.877145443617
1.49149149149	-0.998571325879	0.0534350739931	-0.945136251886
1.5015015015	-0.99995549815	-0.0094340722259	-1.00938957038
1.51151151151	-0.997385400923	-0.0722659119206	-1.06965131284
1.52152152152	-0.990871197506	-0.134811980007	-1.12568317751
1.53153153153	-0.980438647961	-0.196824941468	-1.17726358943
1.54154154154	-0.966129007238	-0.258059569429	-1.22418857667
1.55155155155	-0.947998862029	-0.318273714892	-1.26627257692
1.56156156156	-0.926119907006	-0.377229264303	-1.30334917131
1.57157157157	-0.900578661304	-0.434693081154	-1.33527174246
1.58158158158	-0.871476126386	-0.490437927916	-1.3619140543
1.59159159159	-0.83892738664	-0.544243364632	-1.38317075127
1.6016016016	-0.803061154282	-0.595896620634	-1.39895777492
1.61161161161	-0.764019260373	-0.645193435939	-1.40921269631
1.62162162162	-0.721956093955	-0.691938868978	-1.41389496293
1.63163163163	-0.677037991524	-0.735948067484	-1.41298605901
1.64164164164	-0.629442579268	-0.777046999482	-1.40648957875
1.65165165165	-0.57935807065	-0.815073141486	-1.39443121214
1.66166166166	-0.526982522129	-0.849876121191	-1.37685864332
1.67167167167	-0.472523049956	-0.88131831211	-1.35384136207
1.68168168168	-0.416195011144	-0.909275377814	-1.32547038896
1.69169169169	-0.358221151852	-0.933636763611	-1.29185791546
1.7017017017	-0.298830726545	-0.954306133729	-1.25313686027
1.71171171171	-0.238258591423	-0.97120175227	-1.20946034369
1.72172172172	-0.176744275691	-0.984256806433	-1.16100108212
1.73173173173	-0.114531034357	-0.993419670718	-1.10795070507
1.74174174174	-0.0518648862921	-0.998654111076	-1.05051899737
1.75175175175	0.0110063586381	-0.9999394282	-0.988933069562
1.76176176176	0.0738340795231	-0.997270539373	-0.92343645985
1.77177177177	0.136369827566	-0.990657998569	-0.854288171003
1.78178178178	0.198366308561	-0.980127954722	-0.781761646161
1.79179179179	0.259578360804	-0.965722048315	-0.706143687512
1.8018018018	0.319763924571	-0.94749724672	-0.627733322149
1.81181181181	0.378684999333	-0.925525618922	-0.546840619589
1.82182182182	0.436108584911	-0.899894050523	-0.463785465613
1.83183183183	0.491807602866	-0.870703900165	-0.378896297299
1.84184184184	0.54556179447	-0.838070598705	-0.292508804235
1.85185185185	0.597158591703	-0.802123192755	-0.204964601052
1.86186186186	0.646393957842	-0.763003834372	-0.11660987653
1.87187187187	0.693073194316	-0.720867218925	-0.0277940246082
1.88188188188	0.737011710631	-0.675879973363	0.0611317372683
1.89189189189	0.778035754318	-0.628219997296	0.149815757023
1.9019019019	0.815983098035	-0.5780757595	0.237907338534
1.91191191191	0.850703681078	-0.525645552631	0.325058128446
1.92192192192	0.882060202795	-0.471136709083	0.410923493712
1.93193193193	0.909928665531	-0.414764781105	0.495163884425
1.94194194194	0.934198864969	-0.356752688414	0.577446176555
1.95195195195	0.954774825929	-0.297329836667	0.657444989262
1.96196196196	0.971575181895	-0.236731210292	0.734843971603
1.97197197197	0.984533496775	-0.175196443252	0.809337053523
1.98198198198	0.99359852762	-0.112968871429	0.880629656191
1.99199199199	0.998734427259	-0.0502945703634	0.948439856895
2.002002002	0.999920886057	0.0125786178387	1.0124995039
2.01201201201	0.997153212228	0.0754020645824	1.07255527681
2.02202202202	0.990442350387	0.137927337973	1.12836968836
2.03203203203	0.979814838271	0.199907185225	1.1797220235
2.04204204204	0.965312701797	0.261096510412	1.22640921221
2.05205205205	0.946993288874	0.321253343684	1.26824663256
2.06206206206	0.92492904262	0.380139798124	1.30506884074
2.07207207207	0.899207214896	0.437523010457	1.33673022535
2.08208208208	0.869929521266	0.493176061899	1.36310558317
2.09209209209	0.837211738773	0.546878875494	1.38409061427
2.1021021021	0.801183248104	0.598419086391	1.3996023345
2.11211211211	0.761986521963	0.647592881637	1.4095794036
2.12212212212	0.719776561664	0.694205806141	1.4139823678
2.13213213213	0.674720284195	0.738073531632	1.41279381583
2.14214214214	0.626995862148	0.779022585583	1.40601844773
2.15215215215	0.576792019149	0.816891037193	1.39368305634
2.16216216216	0.524307283557	0.851529137733	1.37583642129
2.17217217217	0.469749203398	0.882799912725	1.35254911612
2.18218218218	0.413333525626	0.910579703592	1.32391322922
2.19219219219	0.355283342961	0.934758656667	1.29004199963
2.2022022022	0.295828211688	0.955241157598	1.25106936929
2.21221221221	0.235203243879	0.971946209452	1.20714945333
2.22222222222	0.173648177667	0.984807753012	1.15845593068
2.23223223223	0.111406429203	0.993774928005	1.10518135721
2.24224224224	0.0487241300892	0.998812274227	1.04753640432
2.25225225225	-0.0141508459408	0.999899871767	0.985749025826
2.26226226226	-0.076969863222	0.997033419779	0.920063556557
2.27227227227	-0.139484507376	0.990224253491	0.850739746116
2.28228228228	-0.20144756765	0.979499299381	0.778051731732
2.29229229229	-0.2626140145	0.964900968695	0.702286954194
2.3023023023	-0.322741968549	0.946486989735	0.623745021186
2.31231231231	-0.381593657079	0.924330179577	0.542736522499
2.32232232232	-0.438936354296	0.89851815612	0.459581801824
2.33233233233	-0.494543301632	0.869152991602	0.37460968997
2.34234234234	-0.548194604445	0.836350808966	0.288156204521
2.35235235235	-0.599678101582	0.800241322654	0.200563221072
2.36236236236	-0.648790204361	0.760967325662	0.1121771213
2.37237237237	-0.69533670165	0.718684124869	0.0233474232182
2.38238238238	-0.739133527863	0.673558926887	-0.065574600976
2.39239239239	-0.780007490838	0.625770176852	-0.154237313986
2.4024024024	-0.817796956717	0.57550685277	-0.242290103947
2.41241241241	-0.852352489117	0.522967718216	-0.329384770901
2.42242242242	-0.88353744007	0.468360536333	-0.415176903738
2.43243243243	-0.911228490388	0.411901248244	-0.499327242144
2.44244244244	-0.935316137322	0.353813119126	-0.581503018195
2.45245245245	-0.955705127584	0.294325855319	-0.661379272265
2.46246246246	-0.972314834025	0.233674695964	-0.738640138061
2.47247247247	-0.985079574467	0.172099482764	-0.812980091703
2.48248248248	-0.993948871439	0.109843711543	-0.884105159896
2.49249249249	-0.998887651789	0.0471535693523	-0.951734082437
2.5025025025	-0.999876385381	-0.015723039057	-1.01559942444
2.51251251251	-0.996911162321	-0.0785374715657	-1.07544863389
2.52252252252	-0.990003708422	-0.141041331925	-1.13104504035
2.53253253253	-0.979181338833	-0.202987452027	-1.18216879086
2.54254254254	-0.964486850027	-0.264130869317	-1.22861771934
2.55255255255	-0.945978350556	-0.324229795484	-1.27020814604
2.56256256256	-0.923729031273	-0.383046572603	-1.30677560388
2.57257257257	-0.897826875899	-0.440348612935	-1.33817548883
2.58258258258	-0.868374313094	-0.495909318684	-1.36428363178
2.59259259259	-0.835487811413	-0.549508978071	-1.38499678948
2.6026026026	-0.799297418733	-0.600935634163	-1.4002330529
2.61261261261	-0.759946247989	-0.649985923054	-1.40993217104
2.62262262262	-0.71758991124	-0.696465878049	-1.41405578929
2.63263263263	-0.67239590431	-0.740191696702	-1.41258760101
2.64264264264	-0.624542944437	-0.780990467646	-1.40553341208
2.65265265265	-0.574220263541	-0.818700854366	-1.39292111791
2.66266266266	-0.521626859919	-0.853173733193	-1.37480059311
2.67267267267	-0.466970711319	-0.884272783009	-1.35124349433
2.68268268268	-0.410467952501	-0.911875024315	-1.32234297682
2.69269269269	-0.352342020544	-0.935871305554	-1.2882133261
2.7027027027	-0.292822771277	-0.956166734739	-1.24898950602
2.71271271271	-0.232145570325	-0.972681054703	-1.20482662503
2.72272272272	-0.170550362372	-0.985348960468	-1.15589932284
2.73273273273	-0.10828072231	-0.99412035749	-1.1024010798
2.74274274274	-0.0455828920356	-0.998960559759	-1.04454345179
2.75275275275	0.0172951933006	-0.999850426958	-0.982555233658
2.76276276276	0.0801048857378	-0.996786440157	-0.916681554419
2.77277277277	0.142597807772	-0.989780715724	-0.847182907952
2.78278278278	0.204526834549	-0.978860957414	-0.774334122864
2.79279279279	0.265647071111	-0.964070346816	-0.698423275705
2.8028028028	0.325716820813	-0.945467372594	-0.619750551781
2.81281281281	0.384498541105	-0.923125599194	-0.538627058089
2.82282282282	0.44175978288	-0.897133375942	-0.455373593062
2.83283283283	0.497274109679	-0.867593487668	-0.370319377989
2.84284284284	0.550821993122	-0.834622748248	-0.283800755125
2.85285285285	0.602191681025	-0.798351538674	-0.196159857649
2.86286286286	0.651180034758	-0.758923291468	-0.10774325671
2.87287287287	0.697593332546	-0.716493923483	-0.0189005909371
2.88288288288	0.741248035533	-0.671231219341	0.0700168161925
2.89289289289	0.781971513578	-0.623314167938	0.15865734564
2.9029029029	0.819602727906	-0.572932254642	0.246670473264
2.91291291291	0.853992867932	-0.520284711982	0.33370815595
2.92292292292	0.885005939722	-0.465579731794	0.419426207928
2.93293293293	0.912519303774	-0.409033641941	0.503485661834
2.94294294294	0.936424159991	-0.350870050851	0.58555410914
2.95295295295	0.956625977922	-0.291318963276	0.665307014647
2.96296296296	0.97304487058	-0.230615870742	0.742428999837
2.97297297297	0.985615910348	-0.169000820322	0.816615090026
2.98298298298	0.994289385735	-0.106717465371	0.887571920363
2.99299299299	0.999030997955	-0.0440121020224	0.955018895933
3.003003003	0.999821996562	0.0188673047845	1.01868930135
3.01301301301	0.996659253595	0.0816721018632	1.07833135546
3.02302302302	0.989555275949	0.144153931068	1.13370920702
3.03303303303	0.978538155914	0.206065711412	1.18460386733
3.04304304304	0.963651460093	0.267162616135	1.23081407623
3.05305305305	0.944954057113	0.327203040858	1.27215709797
3.06306306306	0.922519884832	0.385949558995	1.30846944383
3.07307307307	0.896437657964	0.443169860644	1.33960751861
3.08308308308	0.866810517252	0.498637671241	1.36544818849
3.09309309309	0.833755621609	0.552133646353	1.38588926796
3.1031031031	0.797403684817	0.603446239063	1.40084992388
3.11311311311	0.757898458629	0.652372536522	1.41027099515
3.12312312312	0.715396164307	0.698719062352	1.41411522666
3.13313313313	0.670064874858	0.742302541746	1.4123674166
3.14314314314	0.622083850393	0.782950626208	1.4050344766
3.15315315315	0.571642829258	0.820502575107	1.39214540437
3.16316316316	0.518941277722	0.854809891307	1.37375116903
3.17317317317	0.464187601196	0.885736908397	1.34992450959
3.18318318318	0.407598320109	0.913161327173	1.32075964728
3.19319319319	0.349397213688	0.936974699267	1.28637191296
3.2032032032	0.289814435034	0.957082855998	1.24689729103
3.21321321321	0.229085600998	0.973406280756	1.20249188175
3.22322322322	0.167450860443	0.985880423447	1.15333128389
3.23323323323	0.10515394459	0.994455955755	1.09960990035
3.24324324324	0.0424412031961	0.999098966205	1.0415401694
3.25325325325	-0.0204393696219	0.999791094264	0.979351724642
3.26326326326	-0.0832391160672	0.99652960295	0.913290486883
3.27327327327	-0.145709697966	0.989327389653	0.843617691687
3.28328328328	-0.207604078809	0.978212935133	0.770608856324
3.29329329329	-0.268677500641	0.963230190894	0.694552690253
3.3033033033	-0.328688451945	0.944438405381	0.615749953436
3.31331331331	-0.387399622686	0.921911889685	0.534512267
3.32332332332	-0.44457884274	0.895739723685	0.451160880945
3.33333333333	-0.5	0.866025403784	0.366025403784
3.34334334334	-0.55344393452	0.832886433641	0.279442499121
3.35335335335	-0.604699305175	0.796453859505	0.191754554329
3.36336336336	-0.653563425397	0.756871752005	0.103308326608
3.37337337337	-0.699843064686	0.714296636427	0.0144535717411
3.38338338338	-0.743355212731	0.668896873744	-0.0744583389871
3.39339339339	-0.783927803117	0.620851994843	-0.163075808273
3.4034034034	-0.821400393745	0.570351990578	-0.251048403167
3.41341341341	-0.855624801299	0.517596560462	-0.338028240837
3.42342342342	-0.886465687226	0.462794322967	-0.423671364259
3.43343343343	-0.913801092924	0.406161990554	-0.507639102369
3.44344344344	-0.937522922021	0.347923512694	-0.589599409327
3.45345345345	-0.957537367837	0.288309190272	-0.669228177565
3.46346346346	-0.973765284338	0.227554764876	-0.746210519462
3.47347347347	-0.986142499113	0.165900486569	-0.820242012544
3.48348348348	-0.99462006714	0.103590163832	-0.891029903308
3.49349349349	-0.999164464339	0.0408701994407	-0.958294264898
3.5035035035	-0.999757720139	-0.0220113839262	-1.02176910407
3.51351351351	-0.996397488543	-0.0848059244755	-1.08120341302
3.52352352352	-0.989097057402	-0.14726510462	-1.13636216202
3.53353353353	-0.977885295874	-0.209141932938	-1.18702722881
3.54354354354	-0.962806540259	-0.270191720884	-1.23299826114
3.55355355355	-0.943920418674	-0.330173050401	-1.27409346907
3.56356356356	-0.921301615256	-0.388848728591	-1.31015034385
3.57357357357	-0.89503957483	-0.445986725685	-1.34102630052
3.58358358358	-0.865238149205	-0.501361092588	-1.36659924179
3.59359359359	-0.832015186492	-0.554752854384	-1.38676804088
3.6036036036	-0.795502065086	-0.605950876264	-1.40145294135
3.61361361361	-0.755843174135	-0.65475269844	-1.41059587257
3.62362362362	-0.713195342561	-0.700965336768	-1.41416067933
3.63363363363	-0.667727218889	-0.744406045888	-1.41213326478
3.64364364364	-0.619618604335	-0.784903041886	-1.40452164622
3.65365365365	-0.569059741792	-0.822296181599	-1.39135592339
3.66366366366	-0.516250563526	-0.856437595893	-1.37268815942
3.67367367367	-0.461399900552	-0.887192274409	-1.34859217496
3.68368368368	-0.404724656828	-0.914438599445	-1.31916325627
3.69369369369	-0.346448951515	-0.938068826896	-1.28451777841
3.7037037037	-0.286803232711	-0.957989512315	-1.24479274503
3.71371371371	-0.22602336616	-0.974121880439	-1.2001452466
3.72372372372	-0.164349702531	-0.986402136696	-1.15075183923
3.73373373373	-0.102026126964	-0.994781719483	-1.09680784645
3.74374374374	-0.0392990946401	-0.999227492196	-1.03852658684
3.75375375375	0.0235833438109	-0.99972187427	-0.97613853046
3.76376376376	0.0863725232145	-0.996262910699	-0.909890387484
3.77377377377	0.148820147184	-0.988864279763	-0.840044132579
3.78378378378	0.210679269996	-0.977555238948	-0.766875968952
3.79379379379	0.27170527312	-0.962380509237	-0.690675236116
3.8038038038	0.331656832556	-0.943400098272	-0.611743265715
3.81381381381	0.39029687313	-0.920689063053	-0.530392189923
3.82382382382	0.447393505998	-0.894337213131	-0.446943707133
3.83383383383	0.502720945639	-0.86444875546	-0.361727809821
3.84384384384	0.556060402709	-0.831141882316	-0.275081479607
3.85385385385	0.607200949233	-0.794548303912	-0.187347354679
3.86386386386	0.655940352709	-0.754812727561	-0.0988723748516
3.87387387387	0.702085875823	-0.712092285431	-0.0100064096084
3.88388388388	0.745455038618	-0.666555913182	0.0788991254361
3.89389389389	0.785876340107	-0.618383681916	0.167492658191
3.9039039039	0.823189936455	-0.567766086095	0.25542385036
3.91391391391	0.85724827308	-0.514903290241	0.34234498284
3.92392392392	0.887916668148	-0.460004337399	0.427912330749
3.93393393393	0.915073845161	-0.403286322484	0.511787522677
3.94394394394	0.938612412544	-0.344973533795	0.593638878749
3.95395395395	0.958439288315	-0.285296566074	0.673142722241
3.96396396396	0.974476068176	-0.224491408638	0.749984659539
3.97397397397	0.986659335554	-0.162798512165	0.823860823389
3.98398398398	0.994940912384	-0.100461837852	0.894479074532
3.99399399399	0.99928804962	-0.0377278926787	0.961560156942
4.004004004	0.999683556747	0.0251552453894	1.02483880214
4.01401401401	0.996125869751	0.0879389084111	1.08406477816
4.02402402402	0.988629057313	0.150374821814	1.13900387913
4.03403403403	0.977222765169	0.212216086183	1.18943885135
4.04404404404	0.96195209888	0.273218153608	1.23517025249
4.05405405405	0.942877445461	0.333139794742	1.2760172402
4.06406406406	0.920074234591	0.39174405272	1.31181828731
4.07407407407	0.893632640323	0.4487991802	1.34243182052
4.08408408408	0.863657224501	0.504079555791	1.36773678029
4.09409409409	0.830266523272	0.557366576262	1.38763309953
4.1041041041	0.793592578344	0.608449520994	1.40204209934
4.11411411411	0.753780414831	0.657126385269	1.4109068001
4.12412412412	0.710987467765	0.703204679081	1.41419214685
4.13413413413	0.665382959521	0.746502188328	1.41188514785
4.14414414414	0.617147230641	0.786847695372	1.40399492601
4.15415415415	0.566471026685	0.824081656103	1.39055268279
4.16416416416	0.513554743939	0.858056830856	1.37161157479
4.17417417417	0.458607636956	0.888638866652	1.34724650361
4.18418418418	0.401846991078	0.9157068285	1.31755381958
4.19419419419	0.343497263182	0.93915367762	1.2826509408
4.2042042042	0.283789194086	0.958886694725	1.24267588881
4.21421421421	0.222958896095	0.974827846675	1.19778674277
4.22422422422	0.161246919305	0.986914095053	1.14816101436
4.23423423423	0.0988973003642	0.99509764545	1.09399494581
4.24424424424	0.036156597441	0.999346136462	1.0355027339
4.25425425425	-0.0267270847755	0.999642767662	0.972915682887
4.26426426426	-0.0895050761925	0.995986366039	0.906481289847
4.27427427427	-0.151929124666	0.988391390633	0.836462265968
4.28428428428	-0.213752377698	0.976887875361	0.763135497663
4.29429429429	-0.274730358608	0.961521310247	0.68679095164
4.3043043043	-0.334621933292	0.942352461534	0.607730528242
4.31431431431	-0.393190263785	0.91945713139	0.526266867605
4.32432432432	-0.450203744818	0.89292585815	0.442722113332
4.33433433433	-0.505436919686	0.862863558286	0.357426638599
4.34434434434	-0.558671371813	0.829389111525	0.270717739712
4.35435435435	-0.609696588459	0.792634890742	0.182938302282
4.36436436436	-0.658310793188	0.752746238498	0.0944354453104
4.37437437437	-0.704321743776	0.709880892294	0.00555914851871
4.38438438438	-0.747547492428	0.664208360806	-0.0833391316227
4.39439439439	-0.787817105279	0.615909253567	-0.171907851712
4.4044044044	-0.824971338339	0.565174566765	-0.259796771574
4.41441441441	-0.85886326722	0.512204927953	-0.346658339267
4.42442442442	-0.889358868137	0.457209802679	-0.432149065458
4.43443443443	-0.916337547898	0.400406666168	-0.515930881731
4.44444444444	-0.939692620786	0.342020143326	-0.59767247746
4.45445445445	-0.959331730437	0.282281120474	-0.677050609963
4.46446446446	-0.975177215064	0.221425832322	-0.753751382743
4.47447447447	-0.987166414562	0.159694927788	-0.827471486774
4.48448448448	-0.995251918294	0.0973325183683	-0.897919399926
4.49449449449	-0.999401752577	0.0345852128118	-0.964816539766
4.5045045045	-0.999599507118	-0.0282988580831	-1.0278983652
4.51451451451	-0.995844399907	-0.0910710226866	-1.08691542259
4.52452452452	-0.988151280311	-0.153483051896	-1.14163433221
4.53453453453	-0.976550570352	-0.215288140745	-1.1918387111
4.54454454454	-0.961088144404	-0.276241884379	-1.23733002878
4.55455455455	-0.941825147789	-0.336103244542	-1.27792839233
4.56456456456	-0.918837754976	-0.394635502749	-1.31347325773
4.57457457457	-0.892216868357	-0.451607196377	-1.34382406473
4.58458458458	-0.862067758776	-0.506793033968	-1.36886079274
4.59459459459	-0.828509649244	-0.559974786138	-1.38848443538
4.6046046046	-0.791675243475	-0.610942148545	-1.40261739202
4.61461461461	-0.751710201118	-0.659493573536	-1.41120377465
4.62462462462	-0.708772561755	-0.705437067146	-1.4142096289
4.63463463463	-0.663032119939	-0.748590948335	-1.41162306827
4.64464464464	-0.614669753754	-0.788784567433	-1.40345432119
4.65465465465	-0.56387670954	-0.825858980964	-1.3897356905
4.66466466466	-0.510853845621	-0.859667580181	-1.3705214258
4.67467467467	-0.455810838022	-0.890076670822	-1.34588750884
4.68468468468	-0.398965351315	-0.916966001796	-1.31593135311
4.69469469469	-0.340542177879	-0.94022924071	-1.28077141859
4.7047047047	-0.280772348966	-0.959774394353	-1.24054674332
4.71471471471	-0.219892221108	-0.975524172482	-1.19541639359
4.72472472472	-0.158142541449	-0.987416293457	-1.14555883491
4.73473473473	-0.095767495733	-0.995403730534	-1.09117122627
4.74474474474	-0.0330137426761	-0.999454897829	-1.03246864051
4.75475475475	0.0298705614263	-0.999553775222	-0.969683213796
4.76476476476	0.092636744022	-0.995699971707	-0.903063227685
4.77477477477	0.155036599664	-0.98790872694	-0.832872127276
4.78478478478	0.216823371526	-0.976210850974	-0.759387479449
4.79479479479	0.277752727186	-0.960652602422	-0.682899875236
4.8048048048	0.33758372483	-0.94129550553	-0.6037117807
4.81481481481	0.396079766039	-0.91821610688	-0.522136340841
4.82482482482	0.453009531408	-0.891505672698	-0.43849614129
4.83483483483	0.508147895284	-0.861269827939	-0.353121932655
4.84484484484	0.561276816012	-0.827628138603	-0.26635132259
4.85485485485	0.612186198173	-0.790713638915	-0.178527440742
4.86486486486	0.66067472339	-0.750672305253	-0.0899975818626
4.87487487487	0.706550646434	-0.707662478887	-0.00111183245258
4.88488488488	0.749632553468	-0.66185423983	0.0877783136383
4.89489489489	0.78975007944	-0.613428734267	0.176321345174
4.9049049049	0.826744581781	-0.562577458218	0.264167123563
4.91491491491	0.860469767748	-0.509501500284	0.350968267464
4.92492492492	0.890792272932	-0.454410746445	0.436381526487
4.93493493493	0.917592188639	-0.397523050084	0.520069138555
4.94494494494	0.940763536065	-0.339063370495	0.60170016557
4.95495495495	0.960214685378	-0.279262883293	0.680951802085
4.96496496496	0.975868718069	-0.218358066245	0.757510651824
4.97497497497	0.98766373112	-0.156589764129	0.831073966992
4.98498498498	0.995553081795	-0.0942022363276	0.901350845467
4.99499499499	0.999505572086	-0.0314421909191	0.968063381167
5.00500500501	0.999505572086	0.0314421909191	1.030947763
5.01501501502	0.995553081795	0.0942022363276	1.08975531812
5.02502502503	0.98766373112	0.156589764129	1.14425349525
5.03503503504	0.975868718069	0.218358066245	1.19422678431
5.04504504505	0.960214685378	0.279262883293	1.23947756867
5.05505505506	0.940763536065	0.339063370495	1.27982690656
5.06506506507	0.917592188639	0.397523050084	1.31511523872
5.07507507508	0.890792272932	0.454410746445	1.34520301938
5.08508508509	0.860469767748	0.509501500284	1.36997126803
5.0950950951	0.826744581781	0.562577458218	1.38932204
5.10510510511	0.78975007944	0.613428734267	1.40317881371
5.11511511512	0.749632553468	0.66185423983	1.4114867933
5.12512512513	0.706550646434	0.707662478887	1.41421312532
5.13513513514	0.66067472339	0.750672305253	1.41134702864
5.14514514515	0.612186198173	0.790713638915	1.40289983709
5.15515515516	0.561276816012	0.827628138603	1.38890495462
5.16516516517	0.508147895284	0.861269827939	1.36941772322
5.17517517518	0.453009531408	0.891505672698	1.34451520411
5.18518518519	0.396079766039	0.91821610688	1.31429587292
5.1951951952	0.33758372483	0.94129550553	1.27887923036
5.20520520521	0.277752727186	0.960652602422	1.23840532961
5.21521521522	0.216823371526	0.976210850974	1.1930342225
5.22522522523	0.155036599664	0.98790872694	1.1429453266
5.23523523524	0.092636744022	0.995699971707	1.08833671573
5.24524524525	0.0298705614263	0.999553775222	1.02942433665
5.25525525526	-0.0330137426761	0.999454897829	0.966441155153
5.26526526527	-0.095767495733	0.995403730534	0.899636234801
5.27527527528	-0.158142541449	0.987416293457	0.829273752007
5.28528528529	-0.219892221108	0.975524172482	0.755631951374
5.2952952953	-0.280772348966	0.959774394353	0.679002045387
5.30530530531	-0.340542177879	0.94022924071	0.599687062831
5.31531531532	-0.398965351315	0.916966001796	0.518000650481
5.32532532533	-0.455810838022	0.890076670822	0.4342658328
5.33533533534	-0.510853845621	0.859667580181	0.348813734559
5.34534534535	-0.56387670954	0.825858980964	0.261982271423
5.35535535536	-0.614669753754	0.788784567433	0.174114813679
5.36536536537	-0.663032119939	0.748590948335	0.0855588283959
5.37537537538	-0.708772561755	0.705437067146	-0.00333549460888
5.38538538539	-0.751710201118	0.659493573536	-0.0922166275821
5.3953953954	-0.791675243475	0.610942148545	-0.180733094929
5.40540540541	-0.828509649244	0.559974786138	-0.268534863106
5.41541541542	-0.862067758776	0.506793033968	-0.355274724808
5.42542542543	-0.892216868357	0.451607196377	-0.44060967198
5.43543543544	-0.918837754976	0.394635502749	-0.524202252227
5.44544544545	-0.941825147789	0.336103244542	-0.605721903247
5.45545545546	-0.961088144404	0.276241884379	-0.684846260025
5.46546546547	-0.976550570352	0.215288140745	-0.761262429607
5.47547547548	-0.988151280311	0.153483051896	-0.834668228415
5.48548548549	-0.995844399907	0.0910710226866	-0.904773377221
5.4954954955	-0.999599507118	0.0282988580831	-0.971300649035
5.50550550551	-0.999401752577	-0.0345852128118	-1.03398696539
5.51551551552	-0.995251918294	-0.0973325183683	-1.09258443666
5.52552552553	-0.987166414562	-0.159694927788	-1.14686134235
5.53553553554	-0.975177215064	-0.221425832322	-1.19660304739
5.54554554555	-0.959331730437	-0.282281120474	-1.24161285091
5.55555555556	-0.939692620786	-0.342020143326	-1.28171276411
5.56556556557	-0.916337547898	-0.400406666168	-1.31674421407
5.57557557558	-0.889358868137	-0.457209802679	-1.34656867082
5.58558558559	-0.85886326722	-0.512204927953	-1.37106819517
5.5955955956	-0.824971338339	-0.565174566765	-1.3901459051
5.60560560561	-0.787817105279	-0.615909253567	-1.40372635885
5.61561561562	-0.747547492428	-0.664208360806	-1.41175585323
5.62562562563	-0.704321743776	-0.709880892294	-1.41420263607
5.63563563564	-0.658310793188	-0.752746238498	-1.41105703169
5.64564564565	-0.609696588459	-0.792634890742	-1.4023314792
5.65565565566	-0.558671371813	-0.829389111525	-1.38806048334
5.66566566567	-0.505436919686	-0.862863558286	-1.36830047797
5.67567567568	-0.450203744818	-0.89292585815	-1.34312960297
5.68568568569	-0.393190263785	-0.91945713139	-1.31264739518
5.6956956957	-0.334621933292	-0.942352461534	-1.27697439483
5.70570570571	-0.274730358608	-0.961521310247	-1.23625166885
5.71571571572	-0.213752377698	-0.976887875361	-1.19064025306
5.72572572573	-0.151929124666	-0.988391390633	-1.1403205153
5.73573573574	-0.0895050761925	-0.995986366039	-1.08549144223
5.74574574575	-0.0267270847755	-0.999642767662	-1.02636985244
5.75575575576	0.036156597441	-0.999346136462	-0.963189539021
5.76576576577	0.0988973003642	-0.99509764545	-0.896200345086
5.77577577578	0.161246919305	-0.986914095053	-0.825667175748
5.78578578579	0.222958896095	-0.974827846675	-0.75186895058
5.7957957958	0.283789194086	-0.958886694725	-0.675097500639
5.80580580581	0.343497263182	-0.93915367762	-0.595656414438
5.81581581582	0.401846991078	-0.9157068285	-0.513859837423
5.82582582583	0.458607636956	-0.888638866652	-0.430031229696
5.83583583584	0.513554743939	-0.858056830856	-0.344502086917
5.84584584585	0.566471026685	-0.824081656103	-0.257610629418
5.85585585586	0.617147230641	-0.786847695372	-0.16970046473
5.86586586587	0.665382959521	-0.746502188328	-0.0811192288067
5.87587587588	0.710987467765	-0.703204679081	0.00778278868441
5.88588588589	0.753780414831	-0.657126385269	0.096654029562
5.8958958959	0.793592578344	-0.608449520994	0.185143057349
5.90590590591	0.830266523272	-0.557366576262	0.27289994701
5.91591591592	0.863657224501	-0.504079555791	0.35957766871
5.92592592593	0.893632640323	-0.4487991802	0.444833460123
5.93593593594	0.920074234591	-0.39174405272	0.528330181871
5.94594594595	0.942877445461	-0.333139794742	0.609737650719
5.95595595596	0.96195209888	-0.273218153608	0.688733945271
5.96596596597	0.977222765169	-0.212216086183	0.765006678987
5.97597597598	0.988629057313	-0.150374821814	0.838254235499
5.98598598599	0.996125869751	-0.0879389084111	0.90818696134
5.995995996	0.999683556747	-0.0251552453894	0.974528311357
6.00600600601	0.99928804962	0.0377278926787	1.0370159423
6.01601601602	0.994940912384	0.100461837852	1.09540275024
6.02602602603	0.986659335554	0.162798512165	1.14945784772
6.03603603604	0.974476068176	0.224491408638	1.19896747681
6.04604604605	0.958439288315	0.285296566074	1.24373585439
6.05605605606	0.938612412544	0.344973533795	1.28358594634
6.06606606607	0.915073845161	0.403286322484	1.31836016764
6.07607607608	0.887916668148	0.460004337399	1.34792100555
6.08608608609	0.85724827308	0.514903290241	1.37215156332
6.0960960961	0.823189936455	0.567766086095	1.39095602255
6.10610610611	0.785876340107	0.618383681916	1.40426002202
6.11611611612	0.745455038618	0.666555913182	1.4120109518
6.12612612613	0.702085875823	0.712092285431	1.41417816125
6.13613613614	0.655940352709	0.754812727561	1.41075308027
6.14614614615	0.607200949233	0.794548303912	1.40174925315
6.15615615616	0.556060402709	0.831141882316	1.38720228502
6.16616616617	0.502720945639	0.86444875546	1.3671697011
6.17617617618	0.447393505998	0.894337213131	1.34173071913
6.18618618619	0.39029687313	0.920689063053	1.31098593618
6.1961961962	0.331656832556	0.943400098272	1.27505693083
6.20620620621	0.27170527312	0.962380509237	1.23408578236
6.21621621622	0.210679269996	0.977555238948	1.18823450894
6.22622622623	0.148820147184	0.988864279763	1.13768442695
6.23623623624	0.0863725232145	0.996262910699	1.08263543391
6.24624624625	0.0235833438109	0.99972187427	1.02330521808
6.25625625626	-0.0392990946401	0.999227492196	0.959928397556
6.26626626627	-0.102026126964	0.994781719483	0.892755592519
6.27627627628	-0.164349702531	0.986402136696	0.822052434164
6.28628628629	-0.22602336616	0.974121880439	0.748098514278
6.2962962963	-0.286803232711	0.957989512315	0.671186279604
6.30630630631	-0.346448951515	0.938068826896	0.591619875381
6.31631631632	-0.404724656828	0.914438599445	0.509713942617
6.32632632633	-0.461399900552	0.887192274409	0.425792373856
6.33633633634	-0.516250563526	0.856437595893	0.340187032368
6.34634634635	-0.569059741792	0.822296181599	0.253236439807
6.35635635636	-0.619618604335	0.784903041886	0.165284437552
6.36636636637	-0.667727218889	0.744406045888	0.0766788269998
6.37637637638	-0.713195342561	0.700965336768	-0.0122300057931
6.38638638639	-0.755843174135	0.65475269844	-0.101090475695
6.3963963964	-0.795502065086	0.605950876264	-0.189551188822
6.40640640641	-0.832015186492	0.554752854384	-0.277262332107
6.41641641642	-0.865238149205	0.501361092588	-0.363877056617
6.42642642643	-0.89503957483	0.445986725685	-0.449052849145
6.43643643644	-0.921301615256	0.388848728591	-0.532452886664
6.44644644645	-0.943920418674	0.330173050401	-0.613747368273
6.45645645646	-0.962806540259	0.270191720884	-0.692614819375
6.46646646647	-0.977885295874	0.209141932938	-0.768743362937
6.47647647648	-0.989097057402	0.14726510462	-0.841831952782
6.48648648649	-0.996397488543	0.0848059244755	-0.911591564067
6.4964964965	-0.999757720139	0.0220113839262	-0.977746336213
6.50650650651	-0.999164464339	-0.0408701994407	-1.04003466378
6.51651651652	-0.99462006714	-0.103590163832	-1.09821023097
6.52652652653	-0.986142499113	-0.165900486569	-1.15204298568
6.53653653654	-0.973765284338	-0.227554764876	-1.20132004921
6.54654654655	-0.957537367837	-0.288309190272	-1.24584655811
6.55655655656	-0.937522922021	-0.347923512694	-1.28544643472
6.56656656657	-0.913801092924	-0.406161990554	-1.31996308348
6.57657657658	-0.886465687226	-0.462794322967	-1.34926001019
6.58658658659	-0.855624801299	-0.517596560462	-1.37322136176
6.5965965966	-0.821400393745	-0.570351990578	-1.39175238432
6.60660660661	-0.783927803117	-0.620851994843	-1.40477979796
6.61661661662	-0.743355212731	-0.668896873744	-1.41225208648
6.62662662663	-0.699843064686	-0.714296636427	-1.41413970111
6.63663663664	-0.653563425397	-0.756871752005	-1.4104351774
6.64664664665	-0.604699305175	-0.796453859505	-1.40115316468
6.65665665666	-0.55344393452	-0.832886433641	-1.38633036816
6.66666666667	-0.5	-0.866025403784	-1.36602540378
6.67667667668	-0.44457884274	-0.895739723685	-1.34031856643
6.68668668669	-0.387399622686	-0.921911889685	-1.30931151237
6.6966966967	-0.328688451945	-0.944438405381	-1.27312685733
6.70670670671	-0.268677500641	-0.963230190894	-1.23190769153
6.71671671672	-0.207604078809	-0.978212935133	-1.18581701394
6.72672672673	-0.145709697966	-0.989327389653	-1.13503708762
6.73673673674	-0.0832391160672	-0.99652960295	-1.07976871902
6.74674674675	-0.0204393696219	-0.999791094264	-1.02023046389
6.75675675676	0.0424412031962	-0.999098966205	-0.956657763009
6.76676676677	0.10515394459	-0.994455955755	-0.889302011165
6.77677677678	0.167450860443	-0.985880423447	-0.818429563004
6.78678678679	0.229085600998	-0.973406280756	-0.744320679758
6.7967967968	0.289814435034	-0.957082855998	-0.667268420964
6.80680680681	0.349397213688	-0.936974699267	-0.58757748558
6.81681681682	0.407598320109	-0.913161327173	-0.505563007064
6.82682682683	0.464187601196	-0.885736908397	-0.4215493072
6.83683683684	0.518941277722	-0.854809891307	-0.335868613585
6.84684684685	0.571642829258	-0.820502575107	-0.248859745849
6.85685685686	0.622083850393	-0.782950626208	-0.160866775815
6.86686686687	0.670064874858	-0.742302541746	-0.072237666888
6.87687687688	0.715396164307	-0.698719062352	0.0166771019548
6.88688688689	0.757898458629	-0.652372536522	0.105525922107
6.8968968969	0.797403684817	-0.603446239063	0.193957445754
6.90690690691	0.833755621609	-0.552133646353	0.281621975256
6.91691691692	0.866810517252	-0.498637671241	0.368172846011
6.92692692693	0.896437657964	-0.443169860644	0.45326779732
6.93693693694	0.922519884832	-0.385949558995	0.536570325837
6.94694694695	0.944954057113	-0.327203040858	0.617751016255
6.95695695696	0.963651460093	-0.267162616135	0.696488843959
6.96696696697	0.978538155914	-0.206065711412	0.772472444503
6.97697697698	0.989555275949	-0.144153931068	0.845401344881
6.98698698699	0.996659253595	-0.0816721018632	0.914987151732
6.996996997	0.999821996562	-0.0188673047845	0.980954691778
7.00700700701	0.999030997955	0.0440121020224	1.04304309998
7.01701701702	0.994289385735	0.106717465371	1.10100685111
7.02702702703	0.985615910348	0.169000820322	1.15461673067
7.03703703704	0.97304487058	0.230615870742	1.20366074132
7.04704704705	0.956625977922	0.291318963276	1.2479449412
7.05705705706	0.936424159991	0.350870050851	1.28729421084
7.06706706707	0.912519303774	0.409033641941	1.32155294572
7.07707707708	0.885005939722	0.465579731794	1.35058567152
7.08708708709	0.853992867932	0.520284711982	1.37427757991
7.0970970971	0.819602727906	0.572932254642	1.39253498255
7.10710710711	0.781971513578	0.623314167938	1.40528568152
7.11711711712	0.741248035533	0.671231219341	1.41247925487
7.12712712713	0.697593332546	0.716493923483	1.41408725603
7.13713713714	0.651180034758	0.758923291468	1.41010332623
7.14714714715	0.602191681025	0.798351538674	1.4005432197
7.15715715716	0.550821993122	0.834622748248	1.38544474137
7.16716716717	0.497274109679	0.867593487668	1.36486759735
7.17717717718	0.44175978288	0.897133375942	1.33889315882
7.18718718719	0.384498541105	0.923125599194	1.3076241403
7.1971971972	0.325716820813	0.945467372594	1.27118419341
7.20720720721	0.265647071111	0.964070346816	1.22971741793
7.21721721722	0.204526834549	0.978860957414	1.18338779196
7.22722722723	0.142597807772	0.989780715724	1.1323785235
7.23723723724	0.0801048857378	0.996786440157	1.07689132589
7.24724724725	0.0172951933006	0.999850426958	1.01714562026
7.25725725726	-0.0455828920356	0.998960559759	0.953377667723
7.26726726727	-0.10828072231	0.99412035749	0.885839635179
7.27727727728	-0.170550362372	0.985348960468	0.814798598095
7.28728728729	-0.232145570325	0.972681054703	0.740535484378
7.2972972973	-0.292822771277	0.956166734739	0.663343963463
7.30730730731	-0.352342020544	0.935871305554	0.58352928501
7.31731731732	-0.410467952501	0.911875024315	0.501407071814
7.32732732733	-0.466970711319	0.884272783009	0.41730207169
7.33733733734	-0.521626859919	0.853173733193	0.331546873274
7.34734734735	-0.574220263541	0.818700854366	0.244480590825
7.35735735736	-0.624542944437	0.780990467646	0.156447523209
7.36736736737	-0.67239590431	0.740191696702	0.0677957923915
7.37737737738	-0.71758991124	0.696465878049	-0.0211240331906
7.38738738739	-0.759946247989	0.649985923054	-0.109960324935
7.3973973974	-0.799297418733	0.600935634163	-0.19836178457
7.40740740741	-0.835487811413	0.549508978071	-0.285978833342
7.41741741742	-0.868374313094	0.495909318684	-0.37246499441
7.42742742743	-0.897826875899	0.440348612935	-0.457478262964
7.43743743744	-0.923729031273	0.383046572603	-0.54068245867
7.44744744745	-0.945978350556	0.324229795484	-0.621748555071
7.45745745746	-0.964486850027	0.264130869317	-0.70035598071
7.46746746747	-0.979181338833	0.202987452027	-0.776193886807
7.47747747748	-0.990003708422	0.141041331925	-0.848962376497
7.48748748749	-0.996911162321	0.0785374715657	-0.918373690755
7.4974974975	-0.999876385381	0.015723039057	-0.984153346324
7.50750750751	-0.998887651789	-0.0471535693523	-1.04604122114
7.51751751752	-0.993948871439	-0.109843711543	-1.10379258298
7.52752752753	-0.985079574467	-0.172099482764	-1.15717905723
7.53753753754	-0.972314834025	-0.233674695964	-1.20598952999
7.54754754755	-0.955705127584	-0.294325855319	-1.2500309829
7.55755755756	-0.935316137322	-0.353813119126	-1.28912925645
7.56756756757	-0.911228490388	-0.411901248244	-1.32312973863
7.57757757758	-0.88353744007	-0.468360536333	-1.3518979764
7.58758758759	-0.852352489117	-0.522967718216	-1.37532020733
7.5975975976	-0.817796956717	-0.57550685277	-1.39330380949
7.60760760761	-0.780007490838	-0.625770176852	-1.40577766769
7.61761761762	-0.739133527863	-0.673558926887	-1.41269245475
7.62762762763	-0.69533670165	-0.718684124869	-1.41402082652
7.63763763764	-0.648790204361	-0.760967325662	-1.40975753002
7.64764764765	-0.599678101582	-0.800241322654	-1.39991942424
7.65765765766	-0.548194604445	-0.836350808966	-1.38454541341
7.66766766767	-0.494543301632	-0.869152991602	-1.36369629323
7.67767767768	-0.438936354296	-0.89851815612	-1.33745451042
7.68768768769	-0.381593657079	-0.924330179577	-1.30592383666
7.6976976977	-0.322741968549	-0.946486989735	-1.26922895828
7.70770770771	-0.2626140145	-0.964900968695	-1.2275149832
7.71771771772	-0.20144756765	-0.979499299381	-1.18094686703
7.72772772773	-0.139484507376	-0.990224253491	-1.12970876087
7.73773773774	-0.076969863222	-0.997033419779	-1.074003283
7.74774774775	-0.0141508459408	-0.999899871767	-1.01405071771
7.75775775776	0.0487241300892	-0.998812274227	-0.950088144138
7.76776776777	0.111406429203	-0.993774928005	-0.882368498802
7.77777777778	0.173648177667	-0.984807753012	-0.811159575345
7.78778778779	0.235203243879	-0.971946209452	-0.736742965573
7.7977977978	0.295828211688	-0.955241157598	-0.659412945911
7.80780780781	0.355283342961	-0.934758656667	-0.579475313706
7.81781781782	0.413333525626	-0.910579703592	-0.497246177966
7.82782782783	0.469749203398	-0.882799912725	-0.413050709326
7.83783783784	0.524307283557	-0.851529137733	-0.327221854176
7.84784784785	0.576792019149	-0.816891037193	-0.240099018044
7.85785785786	0.626995862148	-0.779022585583	-0.152026723435
7.86786786787	0.674720284195	-0.738073531632	-0.0633532474377
7.87787787788	0.719776561664	-0.694205806141	0.025570755523
7.88788788789	0.761986521963	-0.647592881637	0.114393640325
7.8978978979	0.801183248104	-0.598419086391	0.202764161713
7.90790790791	0.837211738773	-0.546878875494	0.290332863279
7.91791791792	0.869929521266	-0.493176061899	0.376753459366
7.92792792793	0.899207214896	-0.437523010457	0.461684204439
7.93793793794	0.92492904262	-0.380139798124	0.544789244497
7.94794794795	0.946993288874	-0.321253343684	0.62573994519
7.95795795796	0.965312701797	-0.261096510412	0.704216191385
7.96796796797	0.979814838271	-0.199907185225	0.779907653046
7.97797797798	0.990442350387	-0.137927337973	0.852515012414
7.98798798799	0.997153212228	-0.0754020645824	0.921751147646
7.997997998	0.999920886057	-0.0125786178387	0.987342268218
8.00800800801	0.998734427259	0.0502945703634	1.04902899762
8.01801801802	0.99359852762	0.112968871429	1.10656739905
8.02802802803	0.984533496775	0.175196443252	1.15972994003
8.03803803804	0.971575181895	0.236731210292	1.20830639219
8.04804804805	0.954774825929	0.297329836667	1.2521046626
8.05805805806	0.934198864969	0.356752688414	1.29095155338
8.06806806807	0.909928665531	0.414764781105	1.32469344664
8.07807807808	0.882060202795	0.471136709083	1.35319691188
8.08808808809	0.850703681078	0.525645552631	1.37634923371
8.0980980981	0.815983098035	0.5780757595	1.39405885753
8.10810810811	0.778035754318	0.628219997296	1.40625575161
8.11811811812	0.737011710631	0.675879973363	1.41289168399
8.12812812813	0.693073194316	0.720867218925	1.41394041324
8.13813813814	0.646393957842	0.763003834372	1.40939779221
8.14814814815	0.597158591703	0.802123192755	1.39928178446
8.15815815816	0.54556179447	0.838070598705	1.38363239318
8.16816816817	0.491807602866	0.870703900165	1.36251150303
8.17817817818	0.436108584911	0.899894050523	1.33600263543
8.18818818819	0.378684999333	0.925525618922	1.30421061825
8.1981981982	0.319763924571	0.94749724672	1.26726117129
8.20820820821	0.259578360804	0.965722048315	1.22530040912
8.21821821822	0.198366308561	0.980127954722	1.17849426328
8.22822822823	0.136369827566	0.990657998569	1.12702782614
8.23823823824	0.0738340795231	0.997270539373	1.0711046189
8.24824824825	0.0110063586381	0.9999394282	1.01094578684
8.25825825826	-0.0518648862921	0.998654111076	0.946789224784
8.26826826827	-0.114531034357	0.993419670718	0.878888636361
8.27827827828	-0.176744275691	0.984256806433	0.807512530742
8.28828828829	-0.238258591423	0.97120175227	0.732943160847
8.2982982983	-0.298830726545	0.954306133729	0.655475407183
8.30830830831	-0.358221151852	0.933636763611	0.575415611759
8.31831831832	-0.416195011144	0.909275377814	0.49308036667
8.32832832833	-0.472523049956	0.88131831211	0.408795262154
8.33833833834	-0.526982522129	0.849876121191	0.322893599061
8.34834834835	-0.57935807065	0.815073141486	0.235715070836
8.35835835836	-0.629442579268	0.777046999482	0.147604420214
8.36836836837	-0.677037991524	0.735948067484	0.0589100759604
8.37837837838	-0.721956093955	0.691938868978	-0.030017224977
8.38838838839	-0.764019260373	0.645193435939	-0.118825824435
8.3983983984	-0.803061154282	0.595896620634	-0.207164533648
8.40840840841	-0.83892738664	0.544243364632	-0.294684022008
8.41841841842	-0.871476126386	0.490437927916	-0.38103819847
8.42842842843	-0.900578661304	0.434693081154	-0.46588558015
8.43843843844	-0.926119907006	0.377229264303	-0.548890642704
8.44844844845	-0.947998862029	0.318273714892	-0.629725147137
8.45845845846	-0.966129007238	0.258059569429	-0.708069437809
8.46846846847	-0.980438647961	0.196824941468	-0.783613706494
8.47847847848	-0.990871197506	0.134811980007	-0.856059217499
8.48848848849	-0.997385400923	0.0722659119206	-0.925119489002
8.4984984985	-0.99995549815	0.00943407222589	-0.990521425925
8.50850850851	-0.998571325879	-0.0534350739931	-1.05200639987
8.51851851852	-0.993238357742	-0.116092914125	-1.10933127187
8.52852852853	-0.983977682672	-0.178291671158	-1.16226935383
8.53853853854	-0.970825921502	-0.239785383498	-1.210611305
8.54854854855	-0.953835082157	-0.300330877612	-1.25416595977
8.55855855856	-0.933072353983	-0.359688729645	-1.29276108363
8.56856856857	-0.908619842057	-0.417624212206	-1.32624405426
8.57857857858	-0.880574242504	-0.47390822259	-1.35448246509
8.58858858859	-0.849046460119	-0.528318188746	-1.37736464886
8.5985985986	-0.814161169798	-0.580638949429	-1.39480011923
8.60860860861	-0.77605632352	-0.630663605043	-1.40671992856
8.61861861862	-0.734882604821	-0.678194335815	-1.41307694064
8.62862862863	-0.690802832929	-0.723043184062	-1.41384601699
8.63863863864	-0.643991318896	-0.765032797458	-1.40902411635
8.64864864865	-0.594633176304	-0.803997130367	-1.39863030667
8.65865865866	-0.542923589236	-0.839782100459	-1.3827056897
8.66866866867	-0.489067040436	-0.872246198019	-1.36131323846
8.67867867868	-0.433276502688	-0.901261045546	-1.33453754823
8.68868868869	-0.375772596633	-0.926711905405	-1.30248450204
8.6986986987	-0.316782718332	-0.94849813356	-1.26528085189
8.70870870871	-0.256540140042	-0.966533577558	-1.2230737176
8.71871871872	-0.195283087756	-0.98074691722	-1.17603000498
8.72872872873	-0.133253799146	-0.991081946669	-1.12433574581
8.73873873874	-0.070697565652	-0.997497796594	-1.06819536225
8.74874874875	-0.00786176248947	-0.999969095868	-1.00783085836
8.75875875876	0.0550051295842	-0.998486071871	-0.943480942286
8.76876876877	0.117654506872	-0.99305458914	-0.875400082269
8.77877877878	0.179838625827	-0.98369612618	-0.803857500353
8.78878878879	0.241311582741	-0.97044769052	-0.729136107779
8.7987987988	0.301830286157	-0.953361672377	-0.65153138622
8.80880880881	0.361155418163	-0.93250563748	-0.571350219317
8.81881881882	0.419052380758	-0.90796205988	-0.488909679121
8.82882882883	0.475292223561	-0.879827995816	-0.404535772255
8.83883883884	0.529652549179	-0.848214699913	-0.318562150734
8.84884884885	0.581918392668	-0.813247185224	-0.231328792555
8.85885885886	0.6318830716	-0.77506372888	-0.143180657279
8.86886886887	0.679349003377	-0.733815325277	-0.0544663219
8.87887887888	0.724128486558	-0.689665088978	0.0344633975796
8.88888888889	0.766044443119	-0.642787609687	0.123256833432
8.8988988989	0.804931118695	-0.593368261838	0.211562856858
8.90890890891	0.840634738048	-0.541602471548	0.2990322665
8.91891891892	0.873014113161	-0.487694943814	0.385319169348
8.92892892893	0.901941201561	-0.431858853013	0.470082348548
8.93893893894	0.927301612655	-0.374314999924	0.552986612731
8.94894894895	0.948995060078	-0.315290938576	0.633704121502
8.95895895896	0.966935758276	-0.2550200764	0.711915681876
8.96896896897	0.981052761736	-0.193740751237	0.787312010499
8.97897897898	0.991290245538	-0.131695288836	0.859594956702
8.98898898899	0.99760772611	-0.0691290445948	0.928478681515
8.998998999	0.999980221319	-0.00628943331607	0.993690788003
9.00900900901	0.998398349262	0.0565750491838	1.05497339845
9.01901901902	0.992868365367	0.119215808736	1.1120841741
9.02902902903	0.983412137654	0.181385135873	1.16479727353
9.03903903904	0.970067060258	0.242837185379	1.21290424564
9.04904904905	0.952885905561	0.303328948475	1.25621485404
9.05905905906	0.931936615503	0.362621213782	1.29455782928
9.06906906907	0.907302032909	0.420479513269	1.32778154618
9.07907907908	0.879079573893	0.476675049446	1.35575462334
9.08908908909	0.847380842629	0.530985600129	1.37836644276
9.0990990991	0.812331190024	0.583196397206	1.39552758723
9.10910910911	0.774069218016	0.633100975927	1.40717019394
9.11911911912	0.732746231489	0.680501991355	1.41324822284
9.12912912913	0.688525639939	0.72521199876	1.4137376387
9.13913913914	0.641582311285	0.767054194856	1.40863650614
9.14914914915	0.592101880361	0.805863116958	1.39796499732
9.15915915916	0.540280014833	0.8414852973	1.38176531213
9.16916916917	0.486321641442	0.873779869913	1.36010151136
9.17917917918	0.430440135636	0.902619127669	1.3330592633
9.18918918919	0.37285647778	0.927889027297	1.30074550508
9.1991991992	0.313798379312	0.949489640355	1.26328801967
9.20920920921	0.253499382261	0.967335548397	1.22083493066
9.21921921922	0.192197935725	0.981356180754	1.17355411648
9.22922922923	0.13013645293	0.991496093597	1.12163254653
9.23923923924	0.0675603526269	0.997715189196	1.06527554182
9.24924924925	0.00471708859304	0.999988874476	1.00470596307
9.25925925926	-0.0581448289105	0.998308158271	0.940163329361
9.26926926927	-0.120776815858	0.992679686884	0.871902871025
9.27927927928	-0.182931197472	0.983125717796	0.800194520323
9.28928928929	-0.24436218764	0.969684031658	0.725321844018
9.2992992993	-0.304826860859	0.952407782884	0.647580922025
9.30930930931	-0.364086112876	0.93136528946	0.567279176584
9.31931931932	-0.421905606211	0.906639762777	0.484734156566
9.32932932933	-0.478056696828	0.878328978583	0.400272281755
9.33933933934	-0.532317338301	0.84654489033	0.314227552029
9.34934934935	-0.584472959883	0.811413186463	0.22694022658
9.35935935936	-0.634317315011	0.773072793389	0.138755478378
9.36936936937	-0.6816532969	0.731675326102	0.0500220292022
9.37937937938	-0.72629371799	0.687384488629	-0.0389092293611
9.38938938939	-0.768062050171	0.640375426673	-0.127686623498
9.3993993994	-0.80679312285	0.590834035006	-0.215959087844
9.40940940941	-0.842333776112	0.53895622236	-0.303377553752
9.41941941942	-0.874543466381	0.484947136717	-0.389596329663
9.42942942943	-0.903294822193	0.429020354062	-0.47427446813
9.43943943944	-0.928474147879	0.371397033808	-0.557077114071
9.44944944945	-0.949981873168	0.312305044231	-0.637676828936
9.45945945946	-0.967732946933	0.251978061385	-0.715754885548
9.46946946947	-0.981657173522	0.190654645033	-0.791002528489
9.47947947948	-0.991699490339	0.128577295282	-0.863122195057
9.48948948949	-0.997820185589	0.0659914936266	-0.931828691962
9.4994994995	-0.999995055317	0.00314473220774	-0.99685032311
9.50950950951	-0.99821549912	-0.0597144648832	-1.057929964
9.51951951952	-0.992488554155	-0.122337524378	-1.11482607853
9.52952952953	-0.982836867314	-0.184476806803	-1.16731367412
9.53953953954	-0.969298605666	-0.245886585754	-1.21518519142
9.54954954955	-0.951927305529	-0.306324019607	-1.25825132514
9.55955955956	-0.930791660762	-0.365550111825	-1.29634177259
9.56956956957	-0.90597525112	-0.423330656057	-1.32930590718
9.57957957958	-0.877576211743	-0.479437162289	-1.35701337403
9.58958958959	-0.845706845082	-0.533647760402	-1.37935460548
9.5995995996	-0.81049317681	-0.585748077542	-1.39624125435
9.60960960961	-0.77207445746	-0.635532085844	-1.4076065433
9.61961961962	-0.730602611762	-0.682802917163	-1.41340552893
9.62962962963	-0.686241637869	-0.727373641573	-1.41361527944
9.63963963964	-0.639166958833	-0.769068006574	-1.40823496541
9.64964964965	-0.589564728906	-0.807721134074	-1.39728586298
9.65965965966	-0.537631097403	-0.843180172386	-1.38081126979
9.66966966967	-0.483571433037	-0.875304900678	-1.35887633371
9.67967967968	-0.427599511804	-0.903968283462	-1.33156779527
9.68968968969	-0.369936671614	-0.929056972954	-1.29899364457
9.6996996997	-0.310810937026	-0.9504717573	-1.26128269433
9.70970970971	-0.250456117533	-0.968127952902	-1.21858407043
9.71971971972	-0.189110882978	-0.981955739298	-1.17106662228
9.72972972973	-0.127017819747	-0.991900435259	-1.11891825501
9.73973973974	-0.0644224714728	-0.997922715028	-1.0623451865
9.74974974975	-0.00157236804759	-0.999998763829	-1.00157113188
9.75975975976	0.0612839532213	-0.998120372038	-0.936836418817
9.76976976977	0.123897930438	-0.992294967655	-0.868397037216
9.77977977978	0.186021960045	-0.982545586923	-0.796523626878
9.78978978979	0.247410375952	-0.968910783236	-0.721500407284
9.7997997998	0.307820421017	-0.951444474683	-0.643624053667
9.80980980981	0.367013207009	-0.930215730829	-0.56320252382
9.81981981982	0.424754659284	-0.905308499583	-0.480553840299
9.82982982983	0.480816442417	-0.876821275233	-0.396004832816
9.83983983984	0.534976863143	-0.844866708956	-0.309889845813
9.84984984985	0.587021747031	-0.809571163341	-0.22254941631
9.85985985986	0.636745285425	-0.771074212699	-0.134328927274
9.86986986987	0.683950849304	-0.729528091122	-0.0455772418182
9.87987987988	0.728451766839	-0.685097090484	0.0433546763551
9.88988988989	0.770072061578	-0.637956910753	0.132115150824
9.8998998999	0.808647148334	-0.588293965201	0.220353183133
9.90990990991	0.84402448403	-0.536304643237	0.307719840793
9.91991991992	0.876064170921	-0.482194533802	0.393869637119
9.92992992993	0.904639509812	-0.426177612372	0.478461897439
9.93993993994	0.929637501083	-0.36847539481	0.561162106273
9.94994994995	0.95095929154	-0.309316061389	0.641643230151
9.95995995996	0.968520565327	-0.248933554467	0.71958701086
9.96996996997	0.982251877342	-0.187566653376	0.794685223966
9.97997997998	0.992098927861	-0.12545803018	0.866640897681
9.98998998999	0.99802277726	-0.0628532900445	0.935169487216
10.0	1.0	-2.44929359829e-15	1.0
