System params: f_X=3, f_Y=1, A_X=1, A_Y=0.5, phi=0, dt=0.01, N=1000

t	X	Y	Z
0.0	1.0	0.0	1.0
0.01001001001	0.982251877342	0.0628532900445	1.04510516739
0.02002002002	0.929637501083	0.12545803018	1.05509553126
0.03003003003	0.84402448403	0.187566653376	1.03159113741
0.04004004004	0.728451766839	0.248933554467	0.977385321306
0.0500500500501	0.587021747031	0.309316061389	0.89633780842
0.0600600600601	0.424754659284	0.36847539481	0.793230054094
0.0700700700701	0.247410375952	0.426177612372	0.673587988324
0.0800800800801	0.0612839532213	0.482194533802	0.543478487023
0.0900900900901	-0.127017819747	0.536304643237	0.409286823491
0.1001001001	-0.310810937026	0.588293965201	0.277483028175
0.11011011011	-0.483571433037	0.637956910753	0.154385477716
0.12012012012	-0.639166958833	0.685097090484	0.0459301316508
0.13013013013	-0.77207445746	0.729528091122	-0.0425463663379
0.14014014014	-0.877576211743	0.771074212699	-0.106501999044
0.15015015015	-0.951927305529	0.809571163341	-0.142356142188
0.16016016016	-0.992488554155	0.844866708956	-0.147621845199
0.17017017017	-0.997820185589	0.876821275233	-0.120998910356
0.18018018018	-0.967732946933	0.905308499583	-0.0624244473509
0.19019019019	-0.903294822193	0.930215730829	0.0269209086359
0.2002002002	-0.80679312285	0.951444474683	0.144651351833
0.21021021021	-0.6816532969	0.968910783236	0.287257486337
0.22022022022	-0.532317338301	0.982545586923	0.450228248621
0.23023023023	-0.364086112876	0.992294967655	0.628208854779
0.24024024024	-0.182931197472	0.998120372038	0.815189174566
0.25025025025	0.00471708859303	0.999998763829	1.00471585242
0.26026026026	0.192197935725	0.997922715028	1.19012065075
0.27027027027	0.37285647778	0.991900435259	1.36475691304
0.28028028028	0.540280014833	0.981955739298	1.52223575413
0.29029029029	0.688525639939	0.968127952902	1.65665359284
0.3003003003	0.812331190024	0.9504717573	1.76280294732
0.31031031031	0.907302032909	0.929056972954	1.83635900586
0.32032032032	0.970067060258	0.903968283462	1.87403534372
0.33033033033	0.998398349262	0.875304900678	1.87370324994
0.34034034034	0.991290245538	0.843180172386	1.83447041792
0.35035035035	0.948995060078	0.807721134074	1.75671619415
0.36036036036	0.873014113161	0.769068006574	1.64208211974
0.37037037037	0.766044443119	0.727373641573	1.49341808469
0.38038038038	0.6318830716	0.682802917163	1.31468598876
0.39039039039	0.475292223561	0.635532085844	1.11082430941
0.4004004004	0.301830286157	0.585748077542	0.887578363699
0.41041041041	0.117654506872	0.533647760402	0.651302267274
0.42042042042	-0.070697565652	0.479437162289	0.408739596637
0.43043043043	-0.256540140042	0.423330656057	0.166790516014
0.44044044044	-0.433276502688	0.365550111825	-0.0677263908626
0.45045045045	-0.594633176304	0.306324019607	-0.288309156698
0.46046046046	-0.734882604821	0.245886585754	-0.488996019067
0.47047047047	-0.849046460119	0.184476806803	-0.664569653315
0.48048048048	-0.933072353983	0.122337524378	-0.810734829604
0.49049049049	-0.983977682672	0.0597144648832	-0.924263217788
0.500500500501	-0.99995549815	-0.00314473220774	-1.00310023036
0.510510510511	-0.980438647961	-0.0659914936266	-1.04643014159
0.520520520521	-0.926119907006	-0.128577295282	-1.05469720229
0.530530530531	-0.83892738664	-0.190654645033	-1.02958203167
0.540540540541	-0.721956093955	-0.251978061385	-0.97393415534
0.550550550551	-0.57935807065	-0.312305044231	-0.891663114882
0.560560560561	-0.416195011144	-0.371397033808	-0.787592044952
0.570570570571	-0.238258591423	-0.429020354062	-0.667278945485
0.580580580581	-0.0518648862921	-0.484947136717	-0.53681202301
0.590590590591	0.136369827566	-0.53895622236	-0.402586394794
0.600600600601	0.319763924571	-0.590834035006	-0.271070110435
0.610610610611	0.491807602866	-0.640375426673	-0.148567823807
0.620620620621	0.646393957842	-0.687384488629	-0.0409905307873
0.630630630631	0.778035754318	-0.731675326102	0.0463604282168
0.640640640641	0.882060202795	-0.773072793389	0.108987409406
0.650650650651	0.954774825929	-0.811413186463	0.143361639466
0.660660660661	0.99359852762	-0.84654489033	0.14705363729
0.670670670671	0.997153212228	-0.878328978583	0.118824233645
0.680680680681	0.965312701797	-0.906639762777	0.0586729390201
0.690690690691	0.899207214896	-0.93136528946	-0.032158074564
0.700700700701	0.801183248104	-0.952407782884	-0.15122453478
0.710710710711	0.674720284195	-0.969684031658	-0.294963747463
0.720720720721	0.524307283557	-0.983125717796	-0.458818434238
0.730730730731	0.355283342961	-0.992679686884	-0.637396343922
0.740740740741	0.173648177667	-0.998308158271	-0.824659980604
0.750750750751	-0.0141508459408	-0.999988874476	-1.01413972042
0.760760760761	-0.20144756765	-0.997715189196	-1.19916275685
0.770770770771	-0.381593657079	-0.991496093597	-1.37308975068
0.780780780781	-0.548194604445	-0.981356180754	-1.5295507852
0.790790790791	-0.69533670165	-0.967335548397	-1.66267225005
0.800800800801	-0.817796956717	-0.949489640355	-1.76728659707
0.810810810811	-0.911228490388	-0.927889027297	-1.83911751768
0.820820820821	-0.972314834025	-0.902619127669	-1.87493396169
0.830830830831	-0.998887651789	-0.873779869913	-1.8726675217
0.840840840841	-0.990003708422	-0.8414852973	-1.83148900572
0.850850850851	-0.945978350556	-0.805863116958	-1.75184146751
0.860860860861	-0.868374313094	-0.767054194856	-1.63542850795
0.870870870871	-0.759946247989	-0.72521199876	-1.48515824675
0.880880880881	-0.624542944437	-0.680501991355	-1.30504493579
0.890890890891	-0.466970711319	-0.633100975927	-1.10007168725
0.900900900901	-0.292822771277	-0.583196397206	-0.876019168483
0.910910910911	-0.10828072231	-0.530985600129	-0.63926632244
0.920920920921	0.0801048857378	-0.476675049446	-0.396570163709
0.930930930931	0.265647071111	-0.420479513269	-0.154832442158
0.940940940941	0.44175978288	-0.362621213782	0.0791385690985
0.950950950951	0.602191681025	-0.303328948475	0.298862732551
0.960960960961	0.741248035533	-0.242837185379	0.498410850155
0.970970970971	0.853992867932	-0.181385135873	0.672607732059
0.980980980981	0.936424159991	-0.119215808736	0.817208351255
0.990990990991	0.985615910348	-0.0565750491838	0.929040861164
1.001001001	0.999821996562	0.00628943331607	1.00611142988
1.01101101101	0.978538155914	0.0691290445948	1.04766720051
1.02102102102	0.922519884832	0.131695288836	1.05421517367
1.03103103103	0.833755621609	0.193740751237	1.02749637285
1.04104104104	0.715396164307	0.2550200764	0.970416240707
1.05105105105	0.571642829258	0.315290938576	0.886933767834
1.06106106106	0.407598320109	0.374314999924	0.781913320033
1.07107107107	0.229085600998	0.431858853013	0.660944454012
1.08108108108	0.0424412031961	0.487694943814	0.53013614701
1.09109109109	-0.145709697966	0.541602471548	0.395892773582
1.1011011011	-0.328688451945	0.593368261838	0.264679809893
1.11111111111	-0.5	0.642787609687	0.142787609687
1.12112112112	-0.653563425397	0.689665088978	0.0361016635811
1.13113113113	-0.783927803117	0.733815325277	-0.0501124778398
1.14114114114	-0.886465687226	0.77506372888	-0.111401958346
1.15115115115	-0.957537367837	0.813247185224	-0.144290182613
1.16116116116	-0.99462006714	0.848214699913	-0.146405367227
1.17117117117	-0.996397488543	0.879827995816	-0.116569492726
1.18118118118	-0.962806540259	0.90796205988	-0.0548444803796
1.19119119119	-0.89503957483	0.93250563748	0.0374660626492
1.2012012012	-0.795502065086	0.953361672377	0.157859607292
1.21121121121	-0.667727218889	0.97044769052	0.302720471631
1.22122122122	-0.516250563526	0.98369612618	0.467445562654
1.23123123123	-0.346448951515	0.99305458914	0.646605637626
1.24124124124	-0.164349702531	0.998486071871	0.834136369339
1.25125125125	0.0235833438109	0.999969095868	1.02355243968
1.26126126126	0.210679269996	0.997497796594	1.20817706659
1.27127127127	0.39029687313	0.991081946669	1.3813788198
1.28128128128	0.556060402709	0.98074691722	1.53680731993
1.29129129129	0.702085875823	0.966533577558	1.66861945338
1.3013013013	0.823189936455	0.94849813356	1.77168807001
1.31131131131	0.915073845161	0.926711905405	1.84178575057
1.32132132132	0.974476068176	0.901261045546	1.87573711372
1.33133133133	0.99928804962	0.872246198019	1.87153424764
1.34134134134	0.988629057313	0.839782100459	1.82841115777
1.35135135135	0.942877445461	0.803997130367	1.74687457583
1.36136136136	0.863657224501	0.765032797458	1.62869002196
1.37137137137	0.753780414831	0.723043184062	1.47682359889
1.38138138138	0.617147230641	0.678194335815	1.29534156646
1.39139139139	0.458607636956	0.630663605043	1.089271242
1.4014014014	0.283789194086	0.580638949429	0.864428143515
1.41141141141	0.0988973003643	0.528318188746	0.62721548911
1.42142142142	-0.0895050761925	0.47390822259	0.384403146398
1.43143143143	-0.274730358608	0.417624212206	0.142893853599
1.44144144144	-0.450203744818	0.359688729645	-0.0905150151731
1.45145145145	-0.609696588459	0.300330877612	-0.309365710848
1.46146146146	-0.747547492428	0.239785383498	-0.507762108931
1.47147147147	-0.85886326722	0.178291671158	-0.680571596062
1.48148148148	-0.939692620786	0.116092914125	-0.823599706661
1.49149149149	-0.987166414562	0.0534350739931	-0.933731340569
1.5015015015	-0.999599507118	-0.0094340722259	-1.00903357934
1.51151151151	-0.976550570352	-0.0722659119206	-1.04881648227
1.52152152152	-0.918837754976	-0.134811980007	-1.05364973498
1.53153153153	-0.828509649244	-0.196824941468	-1.02533459071
1.54154154154	-0.708772561755	-0.258059569429	-0.966832131184
1.55155155155	-0.56387670954	-0.318273714892	-0.882150424432
1.56156156156	-0.398965351315	-0.377229264303	-0.776194615618
1.57157157157	-0.219892221108	-0.434693081154	-0.654585302262
1.58158158158	-0.0330137426761	-0.490437927916	-0.523451670593
1.59159159159	0.155036599664	-0.544243364632	-0.389206764967
1.6016016016	0.33758372483	-0.595896620634	-0.258312895804
1.61161161161	0.508147895284	-0.645193435939	-0.137045540655
1.62162162162	0.66067472339	-0.691938868978	-0.0312641455875
1.63163163163	0.78975007944	-0.735948067484	0.0538020119562
1.64164164164	0.890792272932	-0.777046999482	0.11374527345
1.65165165165	0.960214685378	-0.815073141486	0.145141543891
1.66166166166	0.995553081795	-0.849876121191	0.145676960604
1.67167167167	0.995553081795	-0.88131831211	0.114234769685
1.68168168168	0.960214685378	-0.909275377814	0.0509393075638
1.69169169169	0.890792272932	-0.933636763611	-0.0428444906788
1.7017017017	0.78975007944	-0.954306133729	-0.164556054288
1.71171171171	0.66067472339	-0.97120175227	-0.31052702888
1.72172172172	0.508147895284	-0.984256806433	-0.476108911149
1.73173173173	0.33758372483	-0.993419670718	-0.655835945888
1.74174174174	0.155036599664	-0.998654111076	-0.843617511412
1.75175175175	-0.0330137426761	-0.9999394282	-1.03295317088
1.76176176176	-0.219892221108	-0.997270539373	-1.21716276048
1.77177177177	-0.398965351315	-0.990657998569	-1.38962334988
1.78178178178	-0.56387670954	-0.980127954722	-1.54400466426
1.79179179179	-0.708772561755	-0.965722048315	-1.67449461007
1.8018018018	-0.828509649244	-0.94749724672	-1.77600689596
1.81181181181	-0.918837754976	-0.925525618922	-1.8443633739
1.82182182182	-0.976550570352	-0.899894050523	-1.87644462088
1.83183183183	-0.999599507118	-0.870703900165	-1.87030340728
1.84184184184	-0.987166414562	-0.838070598705	-1.82523701327
1.85185185185	-0.939692620786	-0.802123192755	-1.74181581354
1.86186186186	-0.85886326722	-0.763003834372	-1.62186710159
1.87187187187	-0.747547492428	-0.720867218925	-1.46841471135
1.88188188188	-0.609696588459	-0.675879973363	-1.28557656182
1.89189189189	-0.450203744818	-0.628219997296	-1.07842374211
1.9019019019	-0.274730358608	-0.5780757595	-0.852806118108
1.91191191191	-0.0895050761925	-0.525645552631	-0.615150628824
1.92192192192	0.0988973003642	-0.471136709083	-0.372239408719
1.93193193193	0.283789194086	-0.414764781105	-0.130975587019
1.94194194194	0.458607636956	-0.356752688414	0.101854948542
1.95195195195	0.617147230641	-0.297329836667	0.319817393974
1.96196196196	0.753780414831	-0.236731210292	0.517049204539
1.97197197197	0.863657224501	-0.175196443252	0.688460781249
1.98198198198	0.942877445461	-0.112968871429	0.829908574032
1.99199199199	0.988629057313	-0.0502945703634	0.93833448695
2.002002002	0.99928804962	0.0125786178387	1.01186666746
2.01201201201	0.974476068176	0.0754020645824	1.04987813276
2.02202202202	0.915073845161	0.137927337973	1.05300118313
2.03203203203	0.823189936455	0.199907185225	1.02309712168
2.04204204204	0.702085875823	0.261096510412	0.963182386235
2.05205205205	0.556060402709	0.321253343684	0.877313746393
2.06206206206	0.39029687313	0.380139798124	0.770436671253
2.07207207207	0.210679269996	0.437523010457	0.648202280453
2.08208208208	0.0235833438109	0.493176061899	0.51675940571
2.09209209209	-0.164349702531	0.546878875494	0.382529172962
2.1021021021	-0.346448951515	0.598419086391	0.251970134876
2.11211211211	-0.516250563526	0.647592881637	0.131342318112
2.12212212212	-0.667727218889	0.694205806141	0.0264785872521
2.13213213213	-0.795502065086	0.738073531632	-0.0574285334533
2.14214214214	-0.89503957483	0.779022585583	-0.116016989247
2.15215215215	-0.962806540259	0.816891037193	-0.145915503066
2.16216216216	-0.996397488543	0.851529137733	-0.144868350809
2.17217217217	-0.99462006714	0.882799912725	-0.111820154415
2.18218218218	-0.957537367837	0.910579703592	-0.0469576642452
2.19219219219	-0.886465687226	0.934758656667	0.0482929694411
2.2022022022	-0.783927803117	0.955241157598	0.171313354482
2.21221221221	-0.653563425397	0.971946209452	0.318382784055
2.22222222222	-0.5	0.984807753012	0.484807753012
2.23223223223	-0.328688451945	0.993774928005	0.665086476061
2.24224224224	-0.145709697966	0.998812274227	0.853102576261
2.25225225225	0.0424412031962	0.999899871767	1.04234107496
2.26226226226	0.229085600998	0.997033419779	1.22611902078
2.27227227227	0.407598320109	0.990224253491	1.3978225736
2.28228228228	0.571642829258	0.979499299381	1.55114212864
2.29229229229	0.715396164307	0.964900968695	1.680297133
2.3023023023	0.833755621609	0.946486989735	1.78024261134
2.31231231231	0.922519884832	0.924330179577	1.84685006441
2.32232232232	0.978538155914	0.89851815612	1.87705631203
2.33233233233	0.999821996562	0.869152991602	1.86897498816
2.34234234234	0.985615910348	0.836350808966	1.82196671931
2.35235235235	0.936424159991	0.800241322654	1.73666548265
2.36236236236	0.853992867932	0.760967325662	1.61496019359
2.37237237237	0.741248035533	0.718684124869	1.4599321604
2.38238238238	0.602191681025	0.673558926887	1.27575060791
2.39239239239	0.44175978288	0.625770176852	1.06752995973
2.4024024024	0.265647071111	0.57550685277	0.841153923881
2.41241241241	0.0801048857378	0.522967718216	0.603072603954
2.42242242242	-0.10828072231	0.468360536333	0.360079814022
2.43243243243	-0.292822771277	0.411901248244	0.119078476967
2.44244244244	-0.466970711319	0.353813119126	-0.113157592193
2.45245245245	-0.624542944437	0.294325855319	-0.330217089118
2.46246246246	-0.759946247989	0.233674695964	-0.526271552024
2.47247247247	-0.868374313094	0.172099482764	-0.69627483033
2.48248248248	-0.945978350556	0.109843711543	-0.836134639013
2.49249249249	-0.990003708422	0.0471535693523	-0.942850139069
2.5025025025	-0.998887651789	-0.015723039057	-1.01461069085
2.51251251251	-0.972314834025	-0.0785374715657	-1.05085230559
2.52252252252	-0.911228490388	-0.141041331925	-1.05226982231
2.53253253253	-0.817796956717	-0.202987452027	-1.02078440874
2.54254254254	-0.69533670165	-0.264130869317	-0.959467570967
2.55255255255	-0.548194604445	-0.324229795484	-0.872424399929
2.56256256256	-0.381593657079	-0.383046572603	-0.764640229682
2.57257257257	-0.20144756765	-0.440348612935	-0.641796180584
2.58258258258	-0.0141508459408	-0.495909318684	-0.510060164625
2.59259259259	0.173648177667	-0.549508978071	-0.375860800404
2.6026026026	0.355283342961	-0.600935634163	-0.245652291202
2.61261261261	0.524307283557	-0.649985923054	-0.125678639496
2.62262262262	0.674720284195	-0.696465878049	-0.0217455938545
2.63263263263	0.801183248104	-0.740191696702	0.0609915514024
2.64264264264	0.899207214896	-0.780990467646	0.11821674725
2.65265265265	0.965312701797	-0.818700854366	0.146611847431
2.66266266266	0.997153212228	-0.853173733193	0.143979479035
2.67267267267	0.99359852762	-0.884272783009	0.109325744611
2.68268268268	0.954774825929	-0.911875024315	0.0428998016138
2.69269269269	0.882060202795	-0.935871305554	-0.053811102759
2.7027027027	0.778035754318	-0.956166734739	-0.178130980421
2.71271271271	0.646393957842	-0.972681054703	-0.326287096861
2.72272272272	0.491807602866	-0.985348960468	-0.493541357601
2.73273273273	0.319763924571	-0.99412035749	-0.674356432919
2.74274274274	0.136369827566	-0.998960559759	-0.862590732193
2.75275275275	-0.0518648862921	-0.999850426958	-1.05171531325
2.76276276276	-0.238258591423	-0.996786440157	-1.23504503158
2.77277277277	-0.416195011144	-0.989780715724	-1.40597572687
2.78278278278	-0.57935807065	-0.978860957414	-1.55821902806
2.79279279279	-0.721956093955	-0.964070346816	-1.68602644077
2.8028028028	-0.83892738664	-0.945467372594	-1.78439475923
2.81281281281	-0.926119907006	-0.923125599194	-1.8492455062
2.82282282282	-0.980438647961	-0.897133375942	-1.8775720239
2.83283283283	-0.99995549815	-0.867593487668	-1.86754898582
2.84284284284	-0.983977682672	-0.834622748248	-1.81860043092
2.85285285285	-0.933072353983	-0.798351538674	-1.73142389266
2.86286286286	-0.849046460119	-0.758923291468	-1.60796975159
2.87287287287	-0.734882604821	-0.716493923483	-1.4513765283
2.88288288288	-0.594633176304	-0.671231219341	-1.26586439565
2.89289289289	-0.433276502688	-0.623314167938	-1.05659067063
2.9029029029	-0.256540140042	-0.572932254642	-0.829472394684
2.91291291291	-0.070697565652	-0.520284711982	-0.590982277634
2.92292292292	0.117654506872	-0.465579731794	-0.347925224922
2.93293293293	0.301830286157	-0.409033641941	-0.107203355784
2.94294294294	0.475292223561	-0.350870050851	0.12442217271
2.95295295295	0.6318830716	-0.291318963276	0.340564108325
2.96296296296	0.766044443119	-0.230615870742	0.535428572377
2.97297297297	0.873014113161	-0.169000820322	0.704013292839
2.98298298298	0.948995060078	-0.106717465371	0.842277594706
2.99299299299	0.991290245538	-0.0440121020224	0.947278143515
3.003003003	0.998398349262	0.0188673047845	1.01726565405
3.01301301301	0.970067060258	0.0816721018632	1.05173916212
3.02302302302	0.907302032909	0.144153931068	1.05145596398
3.03303303303	0.812331190024	0.206065711412	1.01839690144
3.04304304304	0.688525639939	0.267162616135	0.955688256074
3.05305305305	0.540280014833	0.327203040858	0.867483055691
3.06306306306	0.37285647778	0.385949558995	0.758806036776
3.07307307307	0.192197935725	0.443169860644	0.635367796369
3.08308308308	0.00471708859304	0.498637671241	0.503354759834
3.09309309309	-0.182931197472	0.552133646353	0.369202448881
3.1031031031	-0.364086112876	0.603446239063	0.239360126187
3.11311311311	-0.532317338301	0.652372536522	0.120055198221
3.12312312312	-0.6816532969	0.698719062352	0.0170657654528
3.13313313313	-0.80679312285	0.742302541746	-0.0644905811047
3.14314314314	-0.903294822193	0.782950626208	-0.120344195984
3.15315315315	-0.967732946933	0.820502575107	-0.147230371826
3.16316316316	-0.997820185589	0.854809891307	-0.143010294282
3.17317317317	-0.992488554155	0.885736908397	-0.106751645759
3.18318318318	-0.951927305529	0.913161327173	-0.0387659783561
3.19319319319	-0.877576211743	0.936974699267	0.0593984875249
3.2032032032	-0.77207445746	0.957082855998	0.185008398538
3.21321321321	-0.639166958833	0.973406280756	0.334239321923
3.22322322322	-0.483571433037	0.985880423447	0.50230899041
3.23323323323	-0.310810937026	0.994455955755	0.68364501873
3.24324324324	-0.127017819747	0.999098966205	0.872081146458
3.25325325325	0.0612839532213	0.999791094264	1.06107504749
3.26326326326	0.247410375952	0.99652960295	1.2439399789
3.27327327327	0.424754659284	0.989327389653	1.41408204894
3.28328328328	0.587021747031	0.978212935133	1.56523468216
3.29329329329	0.728451766839	0.963230190894	1.69168195773
3.3033033033	0.84402448403	0.944438405381	1.78846288941
3.31331331331	0.929637501083	0.921911889685	1.85154939077
3.32332332332	0.982251877342	0.895739723685	1.87799160103
3.33333333333	1.0	0.866025403784	1.86602540378
3.34334334334	0.982251877342	0.832886433641	1.81513831098
3.35335335335	0.929637501083	0.796453859505	1.72609136059
3.36336336336	0.84402448403	0.756871752005	1.60089623603
3.37337337337	0.728451766839	0.714296636427	1.44274840327
3.38338338338	0.587021747031	0.668896873744	1.25591862078
3.39339339339	0.424754659284	0.620851994843	1.04560665413
3.4034034034	0.247410375952	0.570351990578	0.81776236653
3.41341341341	0.0612839532213	0.517596560462	0.578880513683
3.42342342342	-0.127017819747	0.462794322967	0.33577650322
3.43343343343	-0.310810937026	0.406161990554	0.0953510535287
3.44344344344	-0.483571433037	0.347923512694	-0.135647920343
3.45345345345	-0.639166958833	0.288309190272	-0.350857768561
3.46346346346	-0.77207445746	0.227554764876	-0.544519692584
3.47347347347	-0.877576211743	0.165900486569	-0.711675725174
3.48348348348	-0.951927305529	0.103590163832	-0.848337141697
3.49349349349	-0.992488554155	0.0408701994407	-0.951618354714
3.5035035035	-0.997820185589	-0.0220113839262	-1.01983156952
3.51351351351	-0.967732946933	-0.0848059244755	-1.05253887141
3.52352352352	-0.903294822193	-0.14726510462	-1.05055992681
3.53353353353	-0.80679312285	-0.209141932938	-1.01593505579
3.54354354354	-0.6816532969	-0.270191720884	-0.951845017783
3.55355355355	-0.532317338301	-0.330173050401	-0.862490388702
3.56356356356	-0.364086112876	-0.388848728591	-0.752934841468
3.57357357357	-0.182931197472	-0.445986725685	-0.628917923157
3.58358358358	0.00471708859303	-0.501361092588	-0.496644003995
3.59359359359	0.192197935725	-0.554752854384	-0.36255491866
3.6036036036	0.37285647778	-0.605950876264	-0.233094398483
3.61361361361	0.540280014833	-0.65475269844	-0.114472683607
3.62362362362	0.688525639939	-0.700965336768	-0.0124396968282
3.63363363363	0.812331190024	-0.744406045888	0.0679251441355
3.64364364364	0.907302032909	-0.784903041886	0.122398991023
3.65365365365	0.970067060258	-0.822296181599	0.147770878659
3.66366366366	0.998398349262	-0.856437595893	0.141960753369
3.67367367367	0.991290245538	-0.887192274409	0.104097971129
3.68368368368	0.948995060078	-0.914438599445	0.0345564606327
3.69369369369	0.873014113161	-0.938068826896	-0.065054713735
3.7037037037	0.766044443119	-0.957989512315	-0.191945069197
3.71371371371	0.6318830716	-0.974121880439	-0.342238808838
3.72372372372	0.475292223561	-0.986402136696	-0.511109913135
3.73373373373	0.301830286157	-0.994781719483	-0.692951433325
3.74374374374	0.117654506872	-0.999227492196	-0.881572985324
3.75375375375	-0.070697565652	-0.99972187427	-1.07041943992
3.76376376376	-0.256540140042	-0.996262910699	-1.25280305074
3.77377377377	-0.433276502688	-0.988864279763	-1.42214078245
3.78378378378	-0.594633176304	-0.977555238948	-1.57218841525
3.79379379379	-0.734882604821	-0.962380509237	-1.69726311406
3.8038038038	-0.849046460119	-0.943400098272	-1.79244655839
3.81381381381	-0.933072353983	-0.920689063053	-1.85376141704
3.82382382382	-0.983977682672	-0.894337213131	-1.8783148958
3.83383383383	-0.99995549815	-0.86444875546	-1.86440425361
3.84384384384	-0.980438647961	-0.831141882316	-1.81158053028
3.85385385385	-0.926119907006	-0.794548303912	-1.72066821092
3.86386386386	-0.83892738664	-0.754812727561	-1.5937401142
3.87387387387	-0.721956093955	-0.712092285431	-1.43404837939
3.88388388388	-0.57935807065	-0.666555913182	-1.24591398383
3.89389389389	-0.416195011144	-0.618383681916	-1.03457869306
3.9039039039	-0.238258591423	-0.567766086095	-0.806024677518
3.91391391391	-0.0518648862921	-0.514903290241	-0.566768176533
3.92392392392	0.136369827566	-0.460004337399	-0.323634509833
3.93393393393	0.319763924571	-0.403286322484	-0.0835223979127
3.94394394394	0.491807602866	-0.344973533795	0.146834069072
3.95395395395	0.646393957842	-0.285296566074	0.361097391768
3.96396396396	0.778035754318	-0.224491408638	0.553544345681
3.97397397397	0.882060202795	-0.162798512165	0.71926169063
3.98398398398	0.954774825929	-0.100461837852	0.854312988077
3.99399399399	0.99359852762	-0.0377278926787	0.955870634941
4.004004004	0.997153212228	0.0251552453894	1.02230845762
4.01401401401	0.965312701797	0.0879389084111	1.05325161021
4.02402402402	0.899207214896	0.150374821814	1.04958203671
4.03403403403	0.801183248104	0.212216086183	1.01339933429
4.04404404404	0.674720284195	0.273218153608	0.947938437803
4.05405405405	0.524307283557	0.333139794742	0.857447078299
4.06406406406	0.355283342961	0.39174405272	0.747027395682
4.07407407407	0.173648177667	0.4487991802	0.622447357867
4.08408408408	-0.0141508459408	0.504079555791	0.489928709851
4.09409409409	-0.20144756765	0.557366576262	0.355919008612
4.1041041041	-0.381593657079	0.608449520994	0.226855863916
4.11411411411	-0.548194604445	0.657126385269	0.108931780824
4.12412412412	-0.69533670165	0.703204679081	0.00786797743036
4.13413413413	-0.817796956717	0.746502188328	-0.0712947683885
4.14414414414	-0.911228490388	0.786847695372	-0.124380795017
4.15415415415	-0.972314834025	0.824081656103	-0.148233177922
4.16416416416	-0.998887651789	0.858056830856	-0.140830820934
4.17417417417	-0.990003708422	0.888638866652	-0.101364841769
4.18418418418	-0.945978350556	0.9157068285	-0.0302715220556
4.19419419419	-0.868374313094	0.93915367762	0.0707793645255
4.2042042042	-0.759946247989	0.958886694725	0.198940446736
4.21421421421	-0.624542944437	0.974827846675	0.350284902237
4.22422422422	-0.466970711319	0.986914095053	0.519943383734
4.23423423423	-0.292822771277	0.99509764545	0.702274874174
4.24424424424	-0.10828072231	0.999346136462	0.891065414152
4.25425425425	0.0801048857378	0.999642767662	1.0797476534
4.26426426426	0.265647071111	0.995986366039	1.26163343715
4.27427427427	0.44175978288	0.988391390633	1.43015117351
4.28428428428	0.602191681025	0.976887875361	1.57907955639
4.29429429429	0.741248035533	0.961521310247	1.70276934578
4.3043043043	0.853992867932	0.942352461534	1.79634532947
4.31431431431	0.936424159991	0.91945713139	1.85588129138
4.32432432432	0.985615910348	0.89292585815	1.8785417685
4.33433433433	0.999821996562	0.862863558286	1.86268555485
4.34434434434	0.978538155914	0.829389111525	1.80792726744
4.35435435435	0.922519884832	0.792634890742	1.71515477557
4.36436436436	0.833755621609	0.752746238498	1.58650186011
4.37437437437	0.715396164307	0.709880892294	1.4252770566
4.38438438438	0.571642829258	0.664208360806	1.23585119006
4.39439439439	0.407598320109	0.615909253567	1.02350757368
4.4044044044	0.229085600998	0.565174566765	0.794260167764
4.41441441441	0.0424412031961	0.512204927953	0.554646131149
4.42442442442	-0.145709697966	0.457209802679	0.311500104713
4.43443443443	-0.328688451945	0.400406666168	0.0717182142232
4.44444444444	-0.5	0.342020143326	-0.157979856674
4.45445445445	-0.653563425397	0.282281120474	-0.371282304923
4.46446446446	-0.783927803117	0.221425832322	-0.562501970795
4.47447447447	-0.886465687226	0.159694927788	-0.726770759439
4.48448448448	-0.957537367837	0.0973325183683	-0.860204849469
4.49449449449	-0.99462006714	0.0345852128118	-0.960034854328
4.5045045045	-0.996397488543	-0.0282988580831	-1.02469634663
4.51451451451	-0.962806540259	-0.0910710226866	-1.05387756295
4.52452452452	-0.89503957483	-0.153483051896	-1.04852262673
4.53453453453	-0.795502065086	-0.215288140745	-1.01079020583
4.54454454454	-0.667727218889	-0.276241884379	-0.943969103268
4.55455455455	-0.516250563526	-0.336103244542	-0.852353808068
4.56456456456	-0.346448951515	-0.394635502749	-0.741084454264
4.57457457457	-0.164349702531	-0.451607196377	-0.615956898908
4.58458458458	0.0235833438109	-0.506793033968	-0.483209690157
4.59459459459	0.210679269996	-0.559974786138	-0.349295516142
4.6046046046	0.39029687313	-0.610942148545	-0.220645275416
4.61461461461	0.556060402709	-0.659493573536	-0.103433170827
4.62462462462	0.702085875823	-0.705437067146	-0.00335119132333
4.63463463463	0.823189936455	-0.748590948335	0.07459898812
4.64464464464	0.915073845161	-0.788784567433	0.126289277728
4.65465465465	0.974476068176	-0.825858980964	0.148617087213
4.66466466466	0.99928804962	-0.859667580181	0.13962046944
4.67467467467	0.988629057313	-0.890076670822	0.0985523864915
4.68468468468	0.942877445461	-0.916966001796	0.0259114436651
4.69469469469	0.863657224501	-0.94022924071	-0.0765720162085
4.7047047047	0.753780414831	-0.959774394353	-0.205993979522
4.71471471471	0.617147230641	-0.975524172482	-0.35837694184
4.72472472472	0.458607636956	-0.987416293457	-0.5288086565
4.73473473473	0.283789194086	-0.995403730534	-0.711614536448
4.74474474474	0.0988973003642	-0.999454897829	-0.900557597465
4.75475475475	-0.0895050761925	-0.999553775222	-1.08905885141
4.76476476476	-0.274730358608	-0.995699971707	-1.27043033031
4.77477477477	-0.450203744818	-0.98790872694	-1.43811247176
4.78478478478	-0.609696588459	-0.976210850974	-1.58590743943
4.79479479479	-0.747547492428	-0.960652602422	-1.70820009485
4.8048048048	-0.85886326722	-0.94129550553	-1.80015877275
4.81481481481	-0.939692620786	-0.91821610688	-1.85790872767
4.82482482482	-0.987166414562	-0.891505672698	-1.87867208726
4.83483483483	-0.999599507118	-0.861269827939	-1.86086933506
4.84484484484	-0.976550570352	-0.827628138603	-1.80417870895
4.85485485485	-0.918837754976	-0.790713638915	-1.70955139389
4.86486486486	-0.828509649244	-0.750672305253	-1.5791819545
4.87487487487	-0.708772561755	-0.707662478887	-1.41643504064
4.88488488488	-0.56387670954	-0.66185423983	-1.22573094937
4.89489489489	-0.398965351315	-0.613428734267	-1.01239408558
4.9049049049	-0.219892221108	-0.562577458218	-0.782469679326
4.91491491491	-0.0330137426761	-0.509501500284	-0.54251524296
4.92492492492	0.155036599664	-0.454410746445	-0.299374146781
4.93493493493	0.33758372483	-0.397523050084	-0.0599393252541
4.94494494494	0.508147895284	-0.339063370495	0.169084524789
4.95495495495	0.66067472339	-0.279262883293	0.381411840097
4.96496496496	0.78975007944	-0.218358066245	0.571392013196
4.97497497497	0.890792272932	-0.156589764129	0.734202508803
4.98498498498	0.960214685378	-0.0942022363276	0.86601244905
4.99499499499	0.995553081795	-0.0314421909191	0.964110890876
5.00500500501	0.995553081795	0.0314421909191	1.02699527271
5.01501501502	0.960214685378	0.0942022363276	1.05441692171
5.02502502503	0.890792272932	0.156589764129	1.04738203706
5.03503503504	0.78975007944	0.218358066245	1.00810814568
5.04504504505	0.66067472339	0.279262883293	0.939937606683
5.05505505506	0.508147895284	0.339063370495	0.847211265779
5.06506506507	0.33758372483	0.397523050084	0.735106774914
5.07507507508	0.155036599664	0.454410746445	0.609447346109
5.08508508509	-0.0330137426761	0.509501500284	0.476487757608
5.0950950951	-0.219892221108	0.562577458218	0.342685237111
5.10510510511	-0.398965351315	0.613428734267	0.214463382951
5.11511511512	-0.56387670954	0.66185423983	0.0979775302897
5.12512512513	-0.708772561755	0.707662478887	-0.00111008286833
5.13513513514	-0.828509649244	0.750672305253	-0.0778373439911
5.14514514515	-0.918837754976	0.790713638915	-0.128124116061
5.15515515516	-0.976550570352	0.827628138603	-0.148922431749
5.16516516517	-0.999599507118	0.861269827939	-0.138329679179
5.17517517518	-0.987166414562	0.891505672698	-0.0956607418636
5.18518518519	-0.939692620786	0.91821610688	-0.0214765139056
5.1951951952	-0.85886326722	0.94129550553	0.0824322383091
5.20520520521	-0.747547492428	0.960652602422	0.213105109994
5.21521521522	-0.609696588459	0.976210850974	0.366514262515
5.22522522523	-0.450203744818	0.98790872694	0.537704982122
5.23523523524	-0.274730358608	0.995699971707	0.720969613099
5.24524524525	-0.0895050761925	0.999553775222	0.910048699029
5.25525525526	0.0988973003642	0.999454897829	1.09835219819
5.26526526527	0.283789194086	0.995403730534	1.27919292462
5.27527527528	0.458607636956	0.987416293457	1.44602393041
5.28528528529	0.617147230641	0.975524172482	1.59267140312
5.2952952953	0.753780414831	0.959774394353	1.71355480918
5.30530530531	0.863657224501	0.94022924071	1.80388646521
5.31531531532	0.942877445461	0.916966001796	1.85984344726
5.32532532533	0.988629057313	0.890076670822	1.87870572814
5.33533533534	0.99928804962	0.859667580181	1.8589556298
5.34534534535	0.974476068176	0.825858980964	1.80033504914
5.35535535536	0.915073845161	0.788784567433	1.70385841259
5.36536536537	0.823189936455	0.748590948335	1.57178088479
5.37537537538	0.702085875823	0.705437067146	1.40752294297
5.38538538539	0.556060402709	0.659493573536	1.21555397624
5.3953953954	0.39029687313	0.610942148545	1.00123902168
5.40540540541	0.210679269996	0.559974786138	0.770654056133
5.41541541542	0.0235833438109	0.506793033968	0.530376377779
5.42542542543	-0.164349702531	0.451607196377	0.287257493846
5.43543543544	-0.346448951515	0.394635502749	0.0481865512347
5.44544544545	-0.516250563526	0.336103244542	-0.180147318983
5.45545545546	-0.667727218889	0.276241884379	-0.39148533451
5.46546546547	-0.795502065086	0.215288140745	-0.58021392434
5.47547547548	-0.89503957483	0.153483051896	-0.741556522934
5.48548548549	-0.962806540259	0.0910710226866	-0.871735517573
5.4954954955	-0.996397488543	0.0282988580831	-0.968098630459
5.50550550551	-0.99462006714	-0.0345852128118	-1.02920527995
5.51551551552	-0.957537367837	-0.0973325183683	-1.05486988621
5.52552552553	-0.886465687226	-0.159694927788	-1.04616061501
5.53553553554	-0.783927803117	-0.221425832322	-1.00535363544
5.54554554555	-0.653563425397	-0.282281120474	-0.935844545871
5.55555555556	-0.5	-0.342020143326	-0.842020143326
5.56556556557	-0.328688451945	-0.400406666168	-0.729095118112
5.57557557558	-0.145709697966	-0.457209802679	-0.602919500645
5.58558558559	0.0424412031961	-0.512204927953	-0.469763724757
5.5955955956	0.229085600998	-0.565174566765	-0.336088965767
5.60560560561	0.407598320109	-0.615909253567	-0.208310933458
5.61561561562	0.571642829258	-0.664208360806	-0.0925655315471
5.62562562563	0.715396164307	-0.709880892294	0.00551527201275
5.63563563564	0.833755621609	-0.752746238498	0.0810093831112
5.64564564565	0.922519884832	-0.792634890742	0.129884994091
5.65565565566	0.978538155914	-0.829389111525	0.149149044389
5.66566566567	0.999821996562	-0.862863558286	0.136958438277
5.67567567568	0.985615910348	-0.89292585815	0.0926900521981
5.68568568569	0.936424159991	-0.91945713139	0.0169670286012
5.6956956957	0.853992867932	-0.942352461534	-0.0883595936026
5.70570570571	0.741248035533	-0.961521310247	-0.220273274714
5.71571571572	0.602191681025	-0.976887875361	-0.374696194336
5.72572572573	0.44175978288	-0.988391390633	-0.546631607753
5.73573573574	0.265647071111	-0.995986366039	-0.730339294928
5.74574574575	0.0801048857378	-0.999642767662	-0.919537881924
5.75575575576	-0.10828072231	-0.999346136462	-1.10762685877
5.76576576577	-0.292822771277	-0.99509764545	-1.28792041673
5.77577577578	-0.466970711319	-0.986914095053	-1.45388480637
5.78578578579	-0.624542944437	-0.974827846675	-1.59937079111
5.7957957958	-0.759946247989	-0.958886694725	-1.71883294271
5.80580580581	-0.868374313094	-0.93915367762	-1.80752799071
5.81581581582	-0.945978350556	-0.9157068285	-1.86168517906
5.82582582583	-0.990003708422	-0.888638866652	-1.87864257507
5.83583583584	-0.998887651789	-0.858056830856	-1.85694448265
5.84584584585	-0.972314834025	-0.824081656103	-1.79639649013
5.85585585586	-0.911228490388	-0.786847695372	-1.69807618576
5.86586586587	-0.817796956717	-0.746502188328	-1.56429914504
5.87587587588	-0.69533670165	-0.703204679081	-1.39854138073
5.88588588589	-0.548194604445	-0.657126385269	-1.20532098971
5.8958958959	-0.381593657079	-0.608449520994	-0.990043178073
5.90590590591	-0.20144756765	-0.557366576262	-0.758814143911
5.91591591592	-0.0141508459408	-0.504079555791	-0.518230401732
5.92592592593	0.173648177667	-0.4487991802	-0.275151002534
5.93593593594	0.355283342961	-0.39174405272	-0.036460709759
5.94594594595	0.524307283557	-0.333139794742	0.191167488815
5.95595595596	0.674720284195	-0.273218153608	0.401502130586
5.96596596597	0.801183248104	-0.212216086183	0.588967161922
5.97597597598	0.899207214896	-0.150374821814	0.748832393082
5.98598598599	0.965312701797	-0.0879389084111	0.877373793386
5.995995996	0.997153212228	-0.0251552453894	0.971997966839
6.00600600601	0.99359852762	0.0377278926787	1.0313264203
6.01601601602	0.954774825929	0.100461837852	1.05523666378
6.02602602603	0.882060202795	0.162798512165	1.04485871496
6.03603603604	0.778035754318	0.224491408638	1.00252716296
6.04604604605	0.646393957842	0.285296566074	0.931690523916
6.05605605606	0.491807602866	0.344973533795	0.836781136661
6.06606606607	0.319763924571	0.403286322484	0.723050247055
6.07607607608	0.136369827566	0.460004337399	0.596374164965
6.08608608609	-0.0518648862921	0.514903290241	0.463038403949
6.0960960961	-0.238258591423	0.567766086095	0.329507494672
6.10610610611	-0.416195011144	0.618383681916	0.202188670772
6.11611611612	-0.57935807065	0.666555913182	0.087197842532
6.12612612613	-0.721956093955	0.712092285431	-0.00986380852349
6.13613613614	-0.83892738664	0.754812727561	-0.0841146590791
6.14614614615	-0.926119907006	0.794548303912	-0.131571603094
6.15615615616	-0.980438647961	0.831141882316	-0.149296765646
6.16616616617	-0.99995549815	0.86444875546	-0.135506742691
6.17617617618	-0.983977682672	0.894337213131	-0.0896404695405
6.18618618619	-0.933072353983	0.920689063053	-0.0123832909298
6.1961961962	-0.849046460119	0.943400098272	0.0943536381529
6.20620620621	-0.734882604821	0.962380509237	0.227497904415
6.21621621622	-0.594633176304	0.977555238948	0.382922062643
6.22622622623	-0.433276502688	0.988864279763	0.555587777076
6.23623623624	-0.256540140042	0.996262910699	0.739722770656
6.24624624625	-0.070697565652	0.99972187427	0.929024308618
6.25625625626	0.117654506872	0.999227492196	1.11688199907
6.26626626627	0.301830286157	0.994781719483	1.29661200564
6.27627627628	0.475292223561	0.986402136696	1.46169436026
6.28628628629	0.6318830716	0.974121880439	1.60600495204
6.2962962963	0.766044443119	0.957989512315	1.72403395543
6.30630630631	0.873014113161	0.938068826896	1.81108294006
6.31631631632	0.948995060078	0.914438599445	1.86343365952
6.32632632633	0.991290245538	0.887192274409	1.87848251995
6.33633633634	0.998398349262	0.856437595893	1.85483594516
6.34634634635	0.970067060258	0.822296181599	1.79236324186
6.35635635636	0.907302032909	0.784903041886	1.6922050748
6.36636636637	0.812331190024	0.744406045888	1.55673723591
6.37637637638	0.688525639939	0.700965336768	1.38949097671
6.38638638639	0.540280014833	0.65475269844	1.19503271327
6.3963963964	0.37285647778	0.605950876264	0.978807354044
6.40640640641	0.192197935725	0.554752854384	0.746950790109
6.41641641642	0.00471708859302	0.501361092588	0.506078181181
6.42642642643	-0.182931197472	0.445986725685	0.263055528213
6.43643643644	-0.364086112876	0.388848728591	0.0247626157151
6.44644644645	-0.532317338301	0.330173050401	-0.2021442879
6.45645645646	-0.6816532969	0.270191720884	-0.411461576016
6.46646646647	-0.80679312285	0.209141932938	-0.597651189913
6.47647647648	-0.903294822193	0.14726510462	-0.756029717573
6.48648648649	-0.967732946933	0.0848059244755	-0.882927022458
6.4964964965	-0.997820185589	0.0220113839262	-0.975808801663
6.50650650651	-0.992488554155	-0.0408701994407	-1.0333587536
6.51651651652	-0.951927305529	-0.103590163832	-1.05551746936
6.52652652653	-0.877576211743	-0.165900486569	-1.04347669831
6.53653653654	-0.77207445746	-0.227554764876	-0.999629222336
6.54654654655	-0.639166958833	-0.288309190272	-0.927476149105
6.55655655656	-0.483571433037	-0.347923512694	-0.831494945731
6.56656656657	-0.310810937026	-0.406161990554	-0.71697292758
6.57657657658	-0.127017819747	-0.462794322967	-0.589812142714
6.58658658659	0.0612839532213	-0.517596560462	-0.456312607241
6.5965965966	0.247410375952	-0.570351990578	-0.322941614626
6.60660660661	0.424754659284	-0.620851994843	-0.196097335559
6.61661661662	0.587021747031	-0.668896873744	-0.0818751267135
6.62662662663	0.728451766839	-0.714296636427	0.0141551304118
6.63663663664	0.84402448403	-0.756871752005	0.087152732025
6.64664664665	0.929637501083	-0.796453859505	0.133183641578
6.65665665666	0.982251877342	-0.832886433641	0.149365443701
6.66666666667	1.0	-0.866025403784	0.133974596216
6.67667667668	0.982251877342	-0.895739723685	0.0865121536565
6.68668668669	0.929637501083	-0.921911889685	0.00772561139755
6.6966966967	0.84402448403	-0.944438405381	-0.100413921351
6.70670670671	0.728451766839	-0.963230190894	-0.234778424055
6.71671671672	0.587021747031	-0.978212935133	-0.391191188102
6.72672672673	0.424754659284	-0.989327389653	-0.564572730369
6.73673673674	0.247410375952	-0.99652960295	-0.749119226998
6.74674674675	0.0612839532213	-0.999791094264	-0.938507141043
6.75675675676	-0.127017819747	-0.999098966205	-1.12611678595
6.76676676677	-0.310810937026	-0.994455955755	-1.30526689278
6.77677677678	-0.483571433037	-0.985880423447	-1.46945185648
6.78678678679	-0.639166958833	-0.973406280756	-1.61257323959
6.7967967968	-0.77207445746	-0.957082855998	-1.72915731346
6.80680680681	-0.877576211743	-0.936974699267	-1.81455091101
6.81681681682	-0.951927305529	-0.913161327173	-1.8650886327
6.82682682683	-0.992488554155	-0.885736908397	-1.87822546255
6.83683683684	-0.997820185589	-0.854809891307	-1.8526300769
6.84684684685	-0.967732946933	-0.820502575107	-1.78823552204
6.85685685686	-0.903294822193	-0.782950626208	-1.6862454484
6.86686686687	-0.80679312285	-0.742302541746	-1.5490956646
6.87687687688	-0.6816532969	-0.698719062352	-1.38037235925
6.88688688689	-0.532317338301	-0.652372536522	-1.18468987482
6.8968968969	-0.364086112876	-0.603446239063	-0.96753235194
6.90690690691	-0.182931197472	-0.552133646353	-0.735064843825
6.91691691692	0.00471708859304	-0.498637671241	-0.493920582648
6.92692692693	0.192197935725	-0.443169860644	-0.25097192492
6.93693693694	0.37285647778	-0.385949558995	-0.013093081215
6.94694694695	0.540280014833	-0.327203040858	0.213076973975
6.95695695696	0.688525639939	-0.267162616135	0.421363023805
6.96696696697	0.812331190024	-0.206065711412	0.606265478612
6.97697697698	0.907302032909	-0.144153931068	0.763148101841
6.98698698699	0.970067060258	-0.0816721018632	0.888394958395
6.996996997	0.998398349262	-0.0188673047845	0.979531044478
7.00700700701	0.991290245538	0.0440121020224	1.03530234756
7.01701701702	0.948995060078	0.106717465371	1.05571252545
7.02702702703	0.873014113161	0.169000820322	1.04201493348
7.03703703704	0.766044443119	0.230615870742	0.996660313861
7.04704704705	0.6318830716	0.291318963276	0.923202034876
7.05705705706	0.475292223561	0.350870050851	0.826162274412
7.06706706707	0.301830286157	0.409033641941	0.710863928098
7.07707707708	0.117654506872	0.465579731794	0.583234238666
7.08708708709	-0.070697565652	0.520284711982	0.44958714633
7.0970970971	-0.256540140042	0.572932254642	0.3163921146
7.10710710711	-0.433276502688	0.623314167938	0.19003766525
7.11711711712	-0.594633176304	0.671231219341	0.0765980430366
7.12712712713	-0.734882604821	0.716493923483	-0.0183886813385
7.13713713714	-0.849046460119	0.758923291468	-0.0901231686506
7.14714714715	-0.933072353983	0.798351538674	-0.134720815308
7.15715715716	-0.983977682672	0.834622748248	-0.149354934424
7.16716716717	-0.99995549815	0.867593487668	-0.132362010483
7.17717717718	-0.980438647961	0.897133375942	-0.083305272019
7.18718718719	-0.926119907006	0.923125599194	-0.00299430781211
7.1971971972	-0.83892738664	0.945467372594	0.106539985954
7.20720720721	-0.721956093955	0.964070346816	0.242114252862
7.21721721722	-0.57935807065	0.978860957414	0.399502886763
7.22722722723	-0.416195011144	0.989780715724	0.573585704579
7.23723723724	-0.238258591423	0.996786440157	0.758527848734
7.24724724725	-0.0518648862921	0.999850426958	0.947985540666
7.25725725726	0.136369827566	0.998960559759	1.13533038732
7.26726726727	0.319763924571	0.99412035749	1.31388428206
7.27727727728	0.491807602866	0.985348960468	1.47715656333
7.28728728729	0.646393957842	0.972681054703	1.61907501254
7.2972972973	0.778035754318	0.956166734739	1.73420248906
7.30730730731	0.882060202795	0.935871305554	1.81793150835
7.31731731732	0.954774825929	0.911875024315	1.86664985024
7.32732732733	0.99359852762	0.884272783009	1.87787131063
7.33733733734	0.997153212228	0.853173733193	1.85032694542
7.34734734735	0.965312701797	0.818700854366	1.78401355616
7.35735735736	0.899207214896	0.780990467646	1.68019768254
7.36736736737	0.801183248104	0.740191696702	1.54137494481
7.37737737738	0.674720284195	0.696465878049	1.37118616224
7.38738738739	0.524307283557	0.649985923054	1.17429320661
7.3973973974	0.355283342961	0.600935634163	0.956218977125
7.40740740741	0.173648177667	0.549508978071	0.723157155738
7.41741741742	-0.0141508459407	0.495909318684	0.481758472744
7.42742742743	-0.201447567649	0.440348612935	0.238901045285
7.43743743744	-0.381593657079	0.383046572603	0.00145291552463
7.44744744745	-0.548194604445	0.324229795484	-0.22396480896
7.45745745746	-0.69533670165	0.264130869317	-0.431205832334
7.46746746747	-0.817796956717	0.202987452027	-0.61480950469
7.47747747748	-0.911228490388	0.141041331925	-0.770187158463
7.48748748749	-0.972314834025	0.0785374715657	-0.89377736246
7.4974974975	-0.998887651789	0.015723039057	-0.983164612732
7.50750750751	-0.990003708422	-0.0471535693523	-1.03715727777
7.51751751752	-0.945978350556	-0.109843711543	-1.0558220621
7.52752752753	-0.868374313094	-0.172099482764	-1.04047379586
7.53753753754	-0.759946247989	-0.233674695964	-0.993620943953
7.54754754755	-0.624542944437	-0.294325855319	-0.918868799756
7.55755755756	-0.466970711319	-0.353813119126	-0.820783830445
7.56756756757	-0.292822771277	-0.411901248244	-0.704724019521
7.57757757758	-0.10828072231	-0.468360536333	-0.576641258643
7.58758758759	0.0801048857378	-0.522967718216	-0.442862832478
7.5975975976	0.265647071111	-0.57550685277	-0.309859781659
7.60760760761	0.44175978288	-0.625770176852	-0.184010393972
7.61761761762	0.602191681025	-0.673558926887	-0.0713672458615
7.62762762763	0.741248035533	-0.718684124869	0.0225639106649
7.63763763764	0.853992867932	-0.760967325662	0.09302554227
7.64764764765	0.936424159991	-0.800241322654	0.136182837337
7.65765765766	0.985615910348	-0.836350808966	0.149265101382
7.66766766767	0.999821996562	-0.869152991602	0.13066900496
7.67767767768	0.978538155914	-0.89851815612	0.0800199997946
7.68768768769	0.922519884832	-0.924330179577	-0.00181029474483
7.6976976977	0.833755621609	-0.946486989735	-0.112731368126
7.70770770771	0.715396164307	-0.964900968695	-0.249504804388
7.71771771772	0.571642829258	-0.979499299381	-0.407856470123
7.72772772773	0.407598320109	-0.990224253491	-0.582625933382
7.73773773774	0.229085600998	-0.997033419779	-0.76794781878
7.74774774775	0.0424412031962	-0.999899871767	-0.957458668571
7.75775775776	-0.145709697966	-0.998812274227	-1.14452197219
7.76776776777	-0.328688451945	-0.993774928005	-1.32246337995
7.77777777778	-0.5	-0.984807753012	-1.48480775301
7.78778778779	-0.653563425397	-0.971946209452	-1.62550963485
7.7977977978	-0.783927803117	-0.955241157598	-1.73916896071
7.80780780781	-0.886465687226	-0.934758656667	-1.82122434389
7.81781781782	-0.957537367837	-0.910579703592	-1.86811707143
7.82782782783	-0.99462006714	-0.882799912725	-1.87741997986
7.83783783784	-0.996397488543	-0.851529137733	-1.84792662628
7.84784784785	-0.962806540259	-0.816891037193	-1.77969757745
7.85785785786	-0.89503957483	-0.779022585583	-1.67406216041
7.86786786787	-0.795502065086	-0.738073531632	-1.53357559672
7.87787787788	-0.667727218889	-0.694205806141	-1.36193302503
7.88788788789	-0.516250563526	-0.647592881637	-1.16384344516
7.8978978979	-0.346448951515	-0.598419086391	-0.944868037906
7.90790790791	-0.164349702531	-0.546878875494	-0.711228578025
7.91791791792	0.0235833438108	-0.493176061899	-0.469592718089
7.92792792793	0.210679269996	-0.437523010457	-0.226843740461
7.93793793794	0.39029687313	-0.380139798124	0.0101570750061
7.94794794795	0.556060402709	-0.321253343684	0.234807059025
7.95795795796	0.702085875823	-0.261096510412	0.440989365411
7.96796796797	0.823189936455	-0.199907185225	0.62328275123
7.97797797798	0.915073845161	-0.137927337973	0.777146507188
7.98798798799	0.974476068176	-0.0754020645824	0.899074003594
7.997997998	0.99928804962	-0.0125786178387	0.986709431782
8.00800800801	0.988629057313	0.0502945703634	1.03892362768
8.01801801802	0.942877445461	0.112968871429	1.05584631689
8.02802802803	0.863657224501	0.175196443252	1.03885366775
8.03803803804	0.753780414831	0.236731210292	0.990511625123
8.04804804805	0.617147230641	0.297329836667	0.914477067309
8.05805805806	0.458607636956	0.356752688414	0.815360325371
8.06806806807	0.283789194086	0.414764781105	0.698553975192
8.07807807808	0.0988973003642	0.471136709083	0.570034009447
8.08808808809	-0.0895050761925	0.525645552631	0.436140476439
8.0980980981	-0.274730358608	0.5780757595	0.303345400893
8.10810810811	-0.450203744818	0.628219997296	0.178016252478
8.11811811812	-0.609696588459	0.675879973363	0.0661833849034
8.12812812813	-0.747547492428	0.720867218925	-0.0266802735038
8.13813813814	-0.85886326722	0.763003834372	-0.0958594328489
8.14814814815	-0.939692620786	0.802123192755	-0.137569428031
8.15815815816	-0.987166414562	0.838070598705	-0.149095815857
8.16816816817	-0.999599507118	0.870703900165	-0.128895606953
8.17817817818	-0.976550570352	0.899894050523	-0.0766565198285
8.18818818819	-0.918837754976	0.925525618922	0.00668786394549
8.1981981982	-0.828509649244	0.94749724672	0.118987597477
8.20820820821	-0.708772561755	0.965722048315	0.256949486561
8.21821821822	-0.56387670954	0.980127954722	0.416251245182
8.22822822823	-0.398965351315	0.990657998569	0.591692647254
8.23823823824	-0.219892221108	0.997270539373	0.777378318265
8.24824824825	-0.0330137426761	0.9999394282	0.966925685524
8.25825825826	0.155036599664	0.998654111076	1.15369071074
8.26826826827	0.33758372483	0.993419670718	1.33100339555
8.27827827828	0.508147895284	0.984256806433	1.49240470172
8.28828828829	0.66067472339	0.97120175227	1.63187647566
8.2982982983	0.78975007944	0.954306133729	1.74405621317
8.30830830831	0.890792272932	0.933636763611	1.82442903654
8.31831831832	0.960214685378	0.909275377814	1.86949006319
8.32832832833	0.995553081795	0.88131831211	1.8768713939
8.33833833834	0.995553081795	0.849876121191	1.84542920299
8.34834834835	0.960214685378	0.815073141486	1.77528782686
8.35835835836	0.890792272932	0.777046999482	1.66783927241
8.36836836837	0.78975007944	0.735948067484	1.52569814692
8.37837837838	0.66067472339	0.691938868978	1.35261359237
8.38838838839	0.508147895284	0.645193435939	1.15334133122
8.3983983984	0.33758372483	0.595896620634	0.933480345464
8.40840840841	0.155036599664	0.544243364632	0.699279964296
8.41841841842	-0.0330137426761	0.490437927916	0.45742418524
8.42842842843	-0.219892221108	0.434693081154	0.214800860047
8.43843843844	-0.398965351315	0.377229264303	-0.0217360870126
8.44844844845	-0.56387670954	0.318273714892	-0.245602994648
8.45845845846	-0.708772561755	0.258059569429	-0.450712992326
8.46846846847	-0.828509649244	0.196824941468	-0.631684707776
8.47847847848	-0.918837754976	0.134811980007	-0.78402577497
8.48848848849	-0.976550570352	0.0722659119206	-0.904284658431
8.4984984985	-0.999599507118	0.00943407222589	-0.990165434892
8.50850850851	-0.987166414562	-0.0534350739931	-1.04060148855
8.51851851852	-0.939692620786	-0.116092914125	-1.05578553491
8.52852852853	-0.85886326722	-0.178291671158	-1.03715493838
8.53853853854	-0.747547492428	-0.239785383498	-0.987332875926
8.54854854855	-0.609696588459	-0.300330877612	-0.910027466071
8.55855855856	-0.450203744818	-0.359688729645	-0.809892474462
8.56856856857	-0.274730358608	-0.417624212206	-0.692354570814
8.57857857858	-0.0895050761925	-0.47390822259	-0.563413298783
8.58858858859	0.0988973003642	-0.528318188746	-0.429420888382
8.5985985986	0.283789194086	-0.580638949429	-0.296849755343
8.60860860861	0.458607636956	-0.630663605043	-0.172055968086
8.61861861862	0.617147230641	-0.678194335815	-0.0610471051732
8.62862862863	0.753780414831	-0.723043184062	0.0307372307697
8.63863863864	0.863657224501	-0.765032797458	0.0986244270434
8.64864864865	0.942877445461	-0.803997130367	0.138880315094
8.65865865866	0.988629057313	-0.839782100459	0.148846956855
8.66866866867	0.99928804962	-0.872246198019	0.127041851601
8.67867867868	0.974476068176	-0.901261045546	0.0732150226301
8.68868868869	0.915073845161	-0.926711905405	-0.0116380602445
8.6986986987	0.823189936455	-0.94849813356	-0.125308197105
8.70870870871	0.702085875823	-0.966533577558	-0.264447701735
8.71871871872	0.556060402709	-0.98074691722	-0.424686514511
8.72872872873	0.39029687313	-0.991081946669	-0.600785073539
8.73873873874	0.210679269996	-0.997497796594	-0.786818526599
8.74874874875	0.0235833438108	-0.999969095868	-0.976385752057
8.75875875876	-0.164349702531	-0.998486071871	-1.1628357744
8.76876876877	-0.346448951515	-0.99305458914	-1.33950354066
8.77877877878	-0.516250563526	-0.98369612618	-1.49994668971
8.78878878879	-0.667727218889	-0.97044769052	-1.63817490941
8.7987987988	-0.795502065086	-0.953361672377	-1.74886373746
8.80880880881	-0.89503957483	-0.93250563748	-1.82754521231
8.81881881882	-0.962806540259	-0.90796205988	-1.87076860014
8.82882882883	-0.996397488543	-0.879827995816	-1.87622548436
8.83883883884	-0.99462006714	-0.848214699913	-1.84283476705
8.84884884885	-0.957537367837	-0.813247185224	-1.77078455306
8.85885885886	-0.886465687226	-0.77506372888	-1.66152941611
8.86886886887	-0.783927803117	-0.733815325277	-1.51774312839
8.87887887888	-0.653563425397	-0.689665088978	-1.34322851438
8.88888888889	-0.5	-0.642787609687	-1.14278760969
8.8988988989	-0.328688451945	-0.593368261838	-0.922056713782
8.90890890891	-0.145709697966	-0.541602471548	-0.687312169514
8.91891891892	0.0424412031961	-0.487694943814	-0.445253740617
8.92892892893	0.229085600998	-0.431858853013	-0.202773252015
8.93893893894	0.407598320109	-0.374314999924	0.033283320185
8.94894894895	0.571642829258	-0.315290938576	0.256351890683
8.95895895896	0.715396164307	-0.2550200764	0.460376087907
8.96896896897	0.833755621609	-0.193740751237	0.640014870372
8.97897897898	0.922519884832	-0.131695288836	0.790824595997
8.98898898899	0.978538155914	-0.0691290445948	0.90940911132
8.998998999	0.999821996562	-0.00628943331607	0.993532563246
9.00900900901	0.985615910348	0.0565750491838	1.04219095953
9.01901901902	0.936424159991	0.119215808736	1.05563996873
9.02902902903	0.853992867932	0.181385135873	1.0353780038
9.03903903904	0.741248035533	0.242837185379	0.984085220912
9.04904904905	0.602191681025	0.303328948475	0.9055206295
9.05905905906	0.44175978288	0.362621213782	0.804380996662
9.06906906907	0.265647071111	0.420479513269	0.68612658438
9.07907907908	0.0801048857378	0.476675049446	0.556779935184
9.08908908909	-0.10828072231	0.530985600129	0.422704877819
9.0990990991	-0.292822771277	0.583196397206	0.29037362593
9.10910910911	-0.466970711319	0.633100975927	0.166130264608
9.11911911912	-0.624542944437	0.680501991355	0.0559590469181
9.12912912913	-0.759946247989	0.72521199876	-0.0347342492283
9.13913913914	-0.868374313094	0.767054194856	-0.101320118239
9.14914914915	-0.945978350556	0.805863116958	-0.140115233598
9.15915915916	-0.990003708422	0.8414852973	-0.148518411122
9.16916916917	-0.998887651789	0.873779869913	-0.125107781877
9.17917917918	-0.972314834025	0.902619127669	-0.0696957063565
9.18918918919	-0.911228490388	0.927889027297	0.0166605369084
9.1991991992	-0.817796956717	0.949489640355	0.131692683638
9.20920920921	-0.69533670165	0.967335548397	0.271998846747
9.21921921922	-0.548194604445	0.981356180754	0.433161576309
9.22922922923	-0.381593657079	0.991496093597	0.609902436519
9.23923923924	-0.20144756765	0.997715189196	0.796267621547
9.24924924925	-0.0141508459408	0.999988874476	0.985838028535
9.25925925926	0.173648177667	0.998308158271	1.17195633594
9.26926926927	0.355283342961	0.992679686884	1.34796302984
9.27927927928	0.524307283557	0.983125717796	1.50743300135
9.28928928929	0.674720284195	0.969684031658	1.64440431585
9.2992992993	0.801183248104	0.952407782884	1.75359103099
9.30930930931	0.899207214896	0.93136528946	1.83057250436
9.31931931932	0.965312701797	0.906639762777	1.87195246457
9.32932932933	0.997153212228	0.878328978583	1.87548219081
9.33933933934	0.99359852762	0.84654489033	1.84014341795
9.34934934935	0.954774825929	0.811413186463	1.76618801239
9.35935935936	0.882060202795	0.773072793389	1.65513299618
9.36936936937	0.778035754318	0.731675326102	1.50971108042
9.37937937938	0.646393957842	0.687384488629	1.33377844647
9.38938938939	0.491807602866	0.640375426673	1.13218302954
9.3993993994	0.319763924571	0.590834035006	0.910597959577
9.40940940941	0.136369827566	0.53895622236	0.675326049926
9.41941941942	-0.0518648862921	0.484947136717	0.433082250425
9.42942942943	-0.238258591423	0.429020354062	0.190761762639
9.43943943944	-0.416195011144	0.371397033808	-0.0447979773367
9.44944944945	-0.57935807065	0.312305044231	-0.267053026419
9.45945945946	-0.721956093955	0.251978061385	-0.469978032569
9.46946946947	-0.83892738664	0.190654645033	-0.648272741607
9.47947947948	-0.926119907006	0.128577295282	-0.797542611725
9.48948948949	-0.980438647961	0.0659914936266	-0.914447154335
9.4994994995	-0.99995549815	0.00314473220774	-0.996810765943
9.50950950951	-0.983977682672	-0.0597144648832	-1.04369214755
9.51951951952	-0.933072353983	-0.122337524378	-1.05540987836
9.52952952953	-0.849046460119	-0.184476806803	-1.03352326692
9.53953953954	-0.734882604821	-0.245886585754	-0.980769190575
9.54954954955	-0.594633176304	-0.306324019607	-0.900957195911
9.55955955956	-0.433276502688	-0.365550111825	-0.798826614513
9.56956956957	-0.256540140042	-0.423330656057	-0.679870796099
9.57957957958	-0.070697565652	-0.479437162289	-0.550134727941
9.58958958959	0.117654506872	-0.533647760402	-0.41599325353
9.5995995996	0.301830286157	-0.585748077542	-0.283917791385
9.60960960961	0.475292223561	-0.635532085844	-0.160239862283
9.61961961962	0.6318830716	-0.682802917163	-0.0509198455627
9.62962962963	0.766044443119	-0.727373641573	0.0386708015459
9.63963963964	0.873014113161	-0.769068006574	0.103946106587
9.64964964965	0.948995060078	-0.807721134074	0.141273926004
9.65965965966	0.991290245538	-0.843180172386	0.148110073152
9.66966966967	0.998398349262	-0.875304900678	0.123093448585
9.67967967968	0.970067060258	-0.903968283462	0.0660987767959
9.68968968969	0.907302032909	-0.929056972954	-0.0217549400453
9.6996996997	0.812331190024	-0.9504717573	-0.138140567276
9.70970970971	0.688525639939	-0.968127952902	-0.279602312963
9.71971971972	0.540280014833	-0.981955739298	-0.441675724465
9.72972972973	0.37285647778	-0.991900435259	-0.619043957479
9.73973973974	0.192197935725	-0.997922715028	-0.805724779304
9.74974974975	0.00471708859304	-0.999998763829	-0.995281675236
9.75975975976	-0.182931197472	-0.998120372038	-1.18105156951
9.76976976977	-0.364086112876	-0.992294967655	-1.35638108053
9.77977977978	-0.532317338301	-0.982545586923	-1.51486292522
9.78978978979	-0.6816532969	-0.968910783236	-1.65056408014
9.7997997998	-0.80679312285	-0.951444474683	-1.75823759753
9.80980980981	-0.903294822193	-0.930215730829	-1.83351055302
9.81981981982	-0.967732946933	-0.905308499583	-1.87304144652
9.82982982983	-0.997820185589	-0.876821275233	-1.87464146082
9.83983983984	-0.992488554155	-0.844866708956	-1.83735526311
9.84984984985	-0.951927305529	-0.809571163341	-1.76149846887
9.85985985986	-0.877576211743	-0.771074212699	-1.64865042444
9.86986986987	-0.77207445746	-0.729528091122	-1.50160254858
9.87987987988	-0.639166958833	-0.685097090484	-1.32426404932
9.88988988989	-0.483571433037	-0.637956910753	-1.12152834379
9.8998998999	-0.310810937026	-0.588293965201	-0.899104902227
9.90990990991	-0.127017819747	-0.536304643237	-0.663322462984
9.91991991992	0.0612839532213	-0.482194533802	-0.420910580581
9.92992992993	0.247410375952	-0.426177612372	-0.17876723642
9.93993993994	0.424754659284	-0.36847539481	0.0562792644738
9.94994994995	0.587021747031	-0.309316061389	0.277705685642
9.95995995996	0.728451766839	-0.248933554467	0.479518212372
9.96996996997	0.84402448403	-0.187566653376	0.656457830654
9.97997997998	0.929637501083	-0.12545803018	0.804179470902
9.98998998999	0.982251877342	-0.0628532900445	0.919398587297
10.0	1.0	-2.44929359829e-15	1.0
