System params: f_X=1, f_Y=1.5, A_X=1, A_Y=0.5, phi=0, dt=0.01, N=1000

t	X	Y	Z
0.0	1.0	0.0	1.0
0.01001001001	0.99802277726	0.0942022363276	1.09222501359
0.02002002002	0.992098927861	0.187566653376	1.17966558124
0.03003003003	0.982251877342	0.279262883293	1.26151476063
0.04004004004	0.968520565327	0.36847539481	1.33699596014
0.0500500500501	0.95095929154	0.454410746445	1.40537003799
0.0600600600601	0.929637501083	0.536304643237	1.46594214432
0.0700700700701	0.904639509812	0.613428734267	1.51806824408
0.0800800800801	0.876064170921	0.685097090484	1.5611612614
0.0900900900901	0.84402448403	0.750672305253	1.59469678928
0.1001001001	0.808647148334	0.809571163341	1.61821831167
0.11011011011	0.770072061578	0.861269827939	1.63134188952
0.12012012012	0.728451766839	0.905308499583	1.63376026642
0.13013013013	0.683950849304	0.94129550553	1.62524635483
0.14014014014	0.636745285425	0.968910783236	1.60565606866
0.15015015015	0.587021747031	0.98790872694	1.57493047397
0.16016016016	0.534976863143	0.998120372038	1.53309723518
0.17017017017	0.480816442417	0.999454897829	1.48027134025
0.18018018018	0.424754659284	0.991900435259	1.41665509454
0.19019019019	0.367013207009	0.975524172482	1.34253737949
0.2002002002	0.307820421017	0.9504717573	1.25829217832
0.21021021021	0.247410375952	0.916966001796	1.16437637775
0.22022022022	0.186021960045	0.875304900678	1.06132686072
0.23023023023	0.123897930438	0.825858980964	0.949756911402
0.24024024024	0.0612839532213	0.769068006574	0.830351959796
0.25025025025	-0.00157236804758	0.705437067146	0.703864699098
0.26026026026	-0.0644224714728	0.635532085844	0.571109614372
0.27027027027	-0.127017819747	0.559974786138	0.432956966391
0.28028028028	-0.189110882978	0.479437162289	0.290326279311
0.29029029029	-0.250456117533	0.394635502749	0.144179385217
0.3003003003	-0.310810937026	0.306324019607	-0.00448691741899
0.31031031031	-0.369936671614	0.215288140745	-0.154648530869
0.32032032032	-0.427599511804	0.122337524378	-0.305261987425
0.33033033033	-0.483571433037	0.0282988580831	-0.455272574954
0.34034034034	-0.537631097403	-0.0659914936266	-0.60362259103
0.35035035035	-0.589564728906	-0.159694927788	-0.749259656694
0.36036036036	-0.639166958833	-0.251978061385	-0.891145020218
0.37037037037	-0.686241637869	-0.342020143326	-1.02826178119
0.38038038038	-0.730602611762	-0.429020354062	-1.15962296582
0.39039039039	-0.77207445746	-0.512204927953	-1.28427938541
0.4004004004	-0.81049317681	-0.590834035006	-1.40132721182
0.41041041041	-0.845706845082	-0.664208360806	-1.50991520589
0.42042042042	-0.877576211743	-0.731675326102	-1.60925153784
0.43043043043	-0.90597525112	-0.792634890742	-1.69861014186
0.44044044044	-0.930791660762	-0.84654489033	-1.77733655109
0.45045045045	-0.951927305529	-0.89292585815	-1.84485316368
0.46046046046	-0.969298605666	-0.93136528946	-1.90066389513
0.47047047047	-0.982836867314	-0.961521310247	-1.94435817756
0.48048048048	-0.992488554155	-0.983125717796	-1.97561427195
0.49049049049	-0.99821549912	-0.995986366039	-1.99420186516
0.500500500501	-0.999995055317	-0.999988874476	-1.99998392979
0.510510510511	-0.997820185589	-0.99509764545	-1.99291783104
0.520520520521	-0.991699490339	-0.981356180754	-1.97305567109
0.530530530531	-0.981657173522	-0.958886694725	-1.94054386825
0.540540540541	-0.967732946933	-0.927889027297	-1.89562197423
0.550550550551	-0.949981873168	-0.888638866652	-1.83862073982
0.560560560561	-0.928474147879	-0.8414852973	-1.76995944518
0.570570570571	-0.903294822193	-0.786847695372	-1.69014251756
0.580580580581	-0.874543466381	-0.72521199876	-1.59975546514
0.590590590591	-0.842333776112	-0.657126385269	-1.49946016138
0.600600600601	-0.80679312285	-0.583196397206	-1.38998952006
0.610610610611	-0.768062050171	-0.504079555791	-1.27214160596
0.620620620621	-0.72629371799	-0.420479513269	-1.14677323126
0.630630630631	-0.6816532969	-0.333139794742	-1.01479309164
0.640640640641	-0.634317315011	-0.242837185379	-0.877154500389
0.650650650651	-0.584472959883	-0.150374821814	-0.734847781697
0.660660660661	-0.532317338301	-0.0565750491838	-0.588892387485
0.670670670671	-0.478056696828	0.0377278926787	-0.440328804149
0.680680680681	-0.421905606211	0.131695288836	-0.290210317375
0.690690690691	-0.364086112876	0.224491408638	-0.139594704239
0.700700700701	-0.304826860859	0.315290938576	0.0104640777165
0.710710710711	-0.24436218764	0.403286322484	0.158924134844
0.720720720721	-0.182931197472	0.487694943814	0.304763746341
0.730730730731	-0.120776815858	0.567766086095	0.446989270237
0.740740740741	-0.0581448289105	0.642787609687	0.584642780776
0.750750750751	0.00471708859303	0.712092285431	0.716809374024
0.760760760761	0.0675603526269	0.77506372888	0.842624081506
0.770770770771	0.13013645293	0.831141882316	0.961278335245
0.780780780781	0.192197935725	0.879827995816	1.07202593154
0.790790790791	0.253499382261	0.920689063053	1.17418844531
0.800800800801	0.313798379312	0.953361672377	1.26716005169
0.810810810811	0.37285647778	0.977555238948	1.35041171673
0.820820820821	0.430440135636	0.99305458914	1.42349472478
0.830830830831	0.486321641442	0.99972187427	1.48604351571
0.840840840841	0.540280014833	0.997497796594	1.53777781143
0.850850850851	0.592101880361	0.986402136696	1.57850401706
0.860860860861	0.641582311285	0.966533577558	1.60811588884
0.870870870871	0.688525639939	0.938068826896	1.62659446684
0.880880880881	0.732746231489	0.901261045546	1.63400727704
0.890890890891	0.774069218016	0.856437595893	1.63050681391
0.900900900901	0.812331190024	0.803997130367	1.61632832039
0.910910910911	0.847380842629	0.744406045888	1.59178688852
0.920920920921	0.879079573893	0.678194335815	1.55727390971
0.930930930931	0.907302032909	0.605950876264	1.51325290917
0.940940940941	0.931936615503	0.528318188746	1.46025480425
0.950950950951	0.952885905561	0.445986725685	1.39887263125
0.960960960961	0.970067060258	0.359688729645	1.3297557899
0.970970970971	0.983412137654	0.270191720884	1.25360385854
0.980980980981	0.992868365367	0.178291671158	1.17116003653
0.990990990991	0.998398349262	0.0848059244755	1.08320427374
1.001001001	0.999980221319	-0.0094340722259	0.990546149093
1.01101101101	0.99760772611	-0.103590163832	0.894017562277
1.02102102102	0.991290245538	-0.196824941468	0.79446530407
1.03103103103	0.981052761736	-0.288309190272	0.692743571464
1.04104104104	0.966935758276	-0.377229264303	0.589706493973
1.05105105105	0.948995060078	-0.462794322967	0.486200737111
1.06106106106	0.927301612655	-0.544243364632	0.383058248023
1.07107107107	0.901941201561	-0.620851994843	0.281089206718
1.08108108108	0.873014113161	-0.691938868978	0.181075244184
1.09109109109	0.840634738048	-0.756871752005	0.0837629860429
1.1011011011	0.804931118695	-0.815073141486	-0.0101420227911
1.11111111111	0.766044443119	-0.866025403784	-0.0999809606655
1.12112112112	0.724128486558	-0.909275377814	-0.185146891256
1.13113113113	0.679349003377	-0.944438405381	-0.265089402004
1.14114114114	0.6318830716	-0.97120175227	-0.33931868067
1.15115115115	0.581918392668	-0.989327389653	-0.407408996985
1.16116116116	0.529652549179	-0.998654111076	-0.469001561897
1.17117117117	0.475292223561	-0.999098966205	-0.523806742644
1.18118118118	0.419052380758	-0.990657998569	-0.571605617811
1.19119119119	0.361155418163	-0.973406280756	-0.612250862593
1.2012012012	0.301830286157	-0.94749724672	-0.645666960563
1.21121121121	0.241311582741	-0.913161327173	-0.671849744432
1.22122122122	0.179838625827	-0.870703900165	-0.690865274338
1.23123123123	0.117654506872	-0.820502575107	-0.702848068235
1.24124124124	0.0550051295842	-0.763003834372	-0.707998704787
1.25125125125	-0.00786176248947	-0.698719062352	-0.706580824842
1.26126126126	-0.070697565652	-0.628219997296	-0.698917562948
1.27127127127	-0.133253799146	-0.552133646353	-0.685387445499
1.28128128128	-0.195283087756	-0.471136709083	-0.666419796839
1.29129129129	-0.256540140042	-0.385949558995	-0.642489699037
1.3013013013	-0.316782718332	-0.297329836667	-0.614112554999
1.31131131131	-0.375772596633	-0.206065711412	-0.581838308044
1.32132132132	-0.433276502688	-0.112968871429	-0.546245374117
1.33133133133	-0.489067040436	-0.0188673047845	-0.50793434522
1.34134134134	-0.542923589236	0.0754020645824	-0.467521524654
1.35135135135	-0.594633176304	0.169000820322	-0.425632355982
1.36136136136	-0.643991318896	0.261096510412	-0.382894808484
1.37137137137	-0.690802832929	0.350870050851	-0.339932782077
1.38138138138	-0.734882604821	0.437523010457	-0.297359594364
1.39139139139	-0.77605632352	0.520284711982	-0.255771611538
1.4014014014	-0.814161169798	0.598419086391	-0.215742083407
1.41141141141	-0.849046460119	0.671231219341	-0.177815240778
1.42142142142	-0.880574242504	0.738073531632	-0.142500710871
1.43143143143	-0.908619842057	0.798351538674	-0.110268303382
1.44144144144	-0.933072353983	0.851529137733	-0.0815432162493
1.45145145145	-0.953835082157	0.897133375942	-0.0567017062144
1.46146146146	-0.970825921502	0.934758656667	-0.0360672648352
1.47147147147	-0.983977682672	0.964070346816	-0.0199073358554
1.48148148148	-0.993238357742	0.984807753012	-0.00843060472974
1.49149149149	-0.998571325879	0.996786440157	-0.00178488572177
1.5015015015	-0.99995549815	0.999899871767	-5.56263836621e-05
1.51151151151	-0.997385400923	0.99412035749	-0.00326504343304
1.52152152152	-0.990871197506	0.979499299381	-0.0113718981247
1.53153153153	-0.980438647961	0.956166734739	-0.0242719132221
1.54154154154	-0.966129007238	0.924330179577	-0.0417988276604
1.55155155155	-0.947998862029	0.884272783009	-0.0637260790204
1.56156156156	-0.926119907006	0.836350808966	-0.0897690980406
1.57157157157	-0.900578661304	0.780990467646	-0.119588193658
1.58158158158	-0.871476126386	0.718684124869	-0.152792001518
1.59159159159	-0.83892738664	0.649985923054	-0.188941463586
1.6016016016	-0.803061154282	0.57550685277	-0.227554301512
1.61161161161	-0.764019260373	0.495909318684	-0.268109941689
1.62162162162	-0.721956093955	0.411901248244	-0.310054845711
1.63163163163	-0.677037991524	0.324229795484	-0.352808196039
1.64164164164	-0.629442579268	0.233674695964	-0.395767883304
1.65165165165	-0.57935807065	0.141041331925	-0.438316738725
1.66166166166	-0.526982522129	0.0471535693523	-0.479828952777
1.67167167167	-0.472523049956	-0.0471535693523	-0.519676619309
1.68168168168	-0.416195011144	-0.141041331925	-0.557236343069
1.69169169169	-0.358221151852	-0.233674695964	-0.591895847816
1.7017017017	-0.298830726545	-0.324229795484	-0.62306052203
1.71171171171	-0.238258591423	-0.411901248244	-0.650159839667
1.72172172172	-0.176744275691	-0.495909318684	-0.672653594376
1.73173173173	-0.114531034357	-0.57550685277	-0.690037887127
1.74174174174	-0.0518648862921	-0.649985923054	-0.701850809346
1.75175175175	0.0110063586381	-0.718684124869	-0.70767776623
1.76176176176	0.0738340795231	-0.780990467646	-0.707156388123
1.77177177177	0.136369827566	-0.836350808966	-0.6999809814
1.78178178178	0.198366308561	-0.884272783009	-0.685906474448
1.79179179179	0.259578360804	-0.924330179577	-0.664751818773
1.8018018018	0.319763924571	-0.956166734739	-0.636402810168
1.81181181181	0.378684999333	-0.979499299381	-0.600814300048
1.82182182182	0.436108584911	-0.99412035749	-0.558011772579
1.83183183183	0.491807602866	-0.999899871767	-0.5080922689
1.84184184184	0.54556179447	-0.996786440157	-0.451224645687
1.85185185185	0.597158591703	-0.984807753012	-0.387649161309
1.86186186186	0.646393957842	-0.964070346816	-0.317676388974
1.87187187187	0.693073194316	-0.934758656667	-0.241685462351
1.88188188188	0.737011710631	-0.897133375942	-0.160121665311
1.89189189189	0.778035754318	-0.851529137733	-0.0734933834149
1.9019019019	0.815983098035	-0.798351538674	0.0176315593601
1.91191191191	0.850703681078	-0.738073531632	0.112630149445
1.92192192192	0.882060202795	-0.671231219341	0.210828983454
1.93193193193	0.909928665531	-0.598419086391	0.31150957914
1.94194194194	0.934198864969	-0.520284711982	0.413914152987
1.95195195195	0.954774825929	-0.437523010457	0.517251815472
1.96196196196	0.971575181895	-0.350870050851	0.620705131043
1.97197197197	0.984533496775	-0.261096510412	0.723436986363
1.98198198198	0.99359852762	-0.169000820322	0.824597707298
1.99199199199	0.998734427259	-0.0754020645824	0.923332362676
2.002002002	0.999920886057	0.0188673047845	1.01878819084
2.01201201201	0.997153212228	0.112968871429	1.11012208366
2.02202202202	0.990442350387	0.206065711412	1.1965080618
2.03203203203	0.979814838271	0.297329836667	1.27714467494
2.04204204204	0.965312701797	0.385949558995	1.35126226079
2.05205205205	0.946993288874	0.471136709083	1.41812999796
2.06206206206	0.92492904262	0.552133646353	1.47706268897
2.07207207207	0.899207214896	0.628219997296	1.52742721219
2.08208208208	0.869929521266	0.698719062352	1.56864858362
2.09209209209	0.837211738773	0.763003834372	1.60021557314
2.1021021021	0.801183248104	0.820502575107	1.62168582321
2.11211211211	0.761986521963	0.870703900165	1.63269042213
2.12212212212	0.719776561664	0.913161327173	1.63293788884
2.13213213213	0.674720284195	0.94749724672	1.62221753092
2.14214214214	0.626995862148	0.973406280756	1.6004021429
2.15215215215	0.576792019149	0.990657998569	1.56745001772
2.16216216216	0.524307283557	0.999098966205	1.52340624976
2.17217217217	0.469749203398	0.998654111076	1.46840331447
2.18218218218	0.413333525626	0.989327389653	1.40266091528
2.19219219219	0.355283342961	0.97120175227	1.32648509523
2.2022022022	0.295828211688	0.944438405381	1.24026661707
2.21221221221	0.235203243879	0.909275377814	1.14447862169
2.22222222222	0.173648177667	0.866025403784	1.03967358145
2.23223223223	0.111406429203	0.815073141486	0.926479570689
2.24224224224	0.0487241300892	0.756871752005	0.805595882094
2.25225225225	-0.0141508459408	0.691938868978	0.677788023037
2.26226226226	-0.076969863222	0.620851994843	0.543882131621
2.27227227227	-0.139484507376	0.544243364632	0.404758857256
2.28228228228	-0.20144756765	0.462794322967	0.261346755318
2.29229229229	-0.2626140145	0.377229264303	0.114615249802
2.3023023023	-0.322741968549	0.288309190272	-0.0344327782764
2.31231231231	-0.381593657079	0.196824941468	-0.184768715611
2.32232232232	-0.438936354296	0.103590163832	-0.335346190464
2.33233233233	-0.494543301632	0.0094340722259	-0.485109229406
2.34234234234	-0.548194604445	-0.0848059244755	-0.63300052892
2.35235235235	-0.599678101582	-0.178291671158	-0.77796977274
2.36236236236	-0.648790204361	-0.270191720884	-0.918981925245
2.37237237237	-0.69533670165	-0.359688729645	-1.05502543129
2.38238238238	-0.739133527863	-0.445986725685	-1.18512025355
2.39239239239	-0.780007490838	-0.528318188746	-1.30832567958
2.4024024024	-0.817796956717	-0.605950876264	-1.42374783298
2.41241241241	-0.852352489117	-0.678194335815	-1.53054682493
2.42242242242	-0.88353744007	-0.744406045888	-1.62794348596
2.43243243243	-0.911228490388	-0.803997130367	-1.71522562076
2.44244244244	-0.935316137322	-0.856437595893	-1.79175373321
2.45245245245	-0.955705127584	-0.901261045546	-1.85696617313
2.46246246246	-0.972314834025	-0.938068826896	-1.91038366092
2.47247247247	-0.985079574467	-0.966533577558	-1.95161315203
2.48248248248	-0.993948871439	-0.986402136696	-1.98035100813
2.49249249249	-0.998887651789	-0.997497796594	-1.99638544838
2.5025025025	-0.999876385381	-0.99972187427	-1.99959825965
2.51251251251	-0.996911162321	-0.99305458914	-1.98996575146
2.52252252252	-0.990003708422	-0.977555238948	-1.96755894737
2.53253253253	-0.979181338833	-0.953361672377	-1.93254301121
2.54254254254	-0.964486850027	-0.920689063053	-1.88517591308
2.55255255255	-0.945978350556	-0.879827995816	-1.82580634637
2.56256256256	-0.923729031273	-0.831141882316	-1.75487091359
2.57257257257	-0.897826875899	-0.77506372888	-1.67289060478
2.58258258258	-0.868374313094	-0.712092285431	-1.58046659853
2.59259259259	-0.835487811413	-0.642787609687	-1.4782754211
2.6026026026	-0.799297418733	-0.567766086095	-1.36706350483
2.61261261261	-0.759946247989	-0.487694943814	-1.2476411918
2.62262262262	-0.71758991124	-0.403286322484	-1.12087623372
2.63263263263	-0.67239590431	-0.315290938576	-0.987686842886
2.64264264264	-0.624542944437	-0.224491408638	-0.849034353075
2.65265265265	-0.574220263541	-0.131695288836	-0.705915552376
2.66266266266	-0.521626859919	-0.0377278926787	-0.559354752598
2.67267267267	-0.466970711319	0.0565750491838	-0.410395662135
2.68268268268	-0.410467952501	0.150374821814	-0.260093130687
2.69269269269	-0.352342020544	0.242837185379	-0.109504835165
2.7027027027	-0.292822771277	0.333139794742	0.0403170234655
2.71271271271	-0.232145570325	0.420479513269	0.188333942944
2.72272272272	-0.170550362372	0.504079555791	0.333529193419
2.73273273273	-0.10828072231	0.583196397206	0.474915674896
2.74274274274	-0.0455828920356	0.657126385269	0.611543493234
2.75275275275	0.0172951933006	0.72521199876	0.742507192061
2.76276276276	0.0801048857378	0.786847695372	0.866952581109
2.77277277277	0.142597807772	0.8414852973	0.984083105072
2.78278278278	0.204526834549	0.888638866652	1.0931657012
2.79279279279	0.265647071111	0.927889027297	1.19353609841
2.8028028028	0.325716820813	0.958886694725	1.28460351554
2.81281281281	0.384498541105	0.981356180754	1.36585472186
2.82282282282	0.44175978288	0.99509764545	1.43685742833
2.83283283283	0.497274109679	0.999988874476	1.49726298415
2.84284284284	0.550821993122	0.995986366039	1.54680835916
2.85285285285	0.602191681025	0.983125717796	1.58531739882
2.86286286286	0.651180034758	0.961521310247	1.612701345
2.87287287287	0.697593332546	0.93136528946	1.62895862201
2.88288288288	0.741248035533	0.89292585815	1.63417389368
2.89289289289	0.781971513578	0.84654489033	1.62851640391
2.9029029029	0.819602727906	0.792634890742	1.61223761865
2.91291291291	0.853992867932	0.731675326102	1.58566819403
2.92292292292	0.885005939722	0.664208360806	1.54921430053
2.93293293293	0.912519303774	0.590834035006	1.50335333878
2.94294294294	0.936424159991	0.512204927953	1.44862908794
2.95295295295	0.956625977922	0.429020354062	1.38564633198
2.96296296296	0.97304487058	0.342020143326	1.31506501391
2.97297297297	0.985615910348	0.251978061385	1.23759397173
2.98298298298	0.994289385735	0.159694927788	1.15398431352
2.99299299299	0.999030997955	0.0659914936266	1.06502249158
3.003003003	0.999821996562	-0.0282988580831	0.971523138479
3.01301301301	0.996659253595	-0.122337524378	0.874321729217
3.02302302302	0.989555275949	-0.215288140745	0.774267135203
3.03303303303	0.978538155914	-0.306324019607	0.672214136308
3.04304304304	0.963651460093	-0.394635502749	0.569015957344
3.05305305305	0.944954057113	-0.479437162289	0.465516894824
3.06306306306	0.922519884832	-0.559974786138	0.362545098695
3.07307307307	0.896437657964	-0.635532085844	0.26090557212
3.08308308308	0.866810517252	-0.705437067146	0.161373450106
3.09309309309	0.833755621609	-0.769068006574	0.0646876150348
3.1031031031	0.797403684817	-0.825858980964	-0.0284552961462
3.11311311311	0.757898458629	-0.875304900678	-0.117406442049
3.12312312312	0.715396164307	-0.916966001796	-0.201569837489
3.13313313313	0.670064874858	-0.9504717573	-0.280406882442
3.14314314314	0.622083850393	-0.975524172482	-0.353440322089
3.15315315315	0.571642829258	-0.991900435259	-0.420257606
3.16316316316	0.518941277722	-0.999454897829	-0.480513620107
3.17317317317	0.464187601196	-0.998120372038	-0.533932770842
3.18318318318	0.407598320109	-0.98790872694	-0.580310406831
3.19319319319	0.349397213688	-0.968910783236	-0.619513569548
3.2032032032	0.289814435034	-0.94129550553	-0.651481070495
3.21321321321	0.229085600998	-0.905308499583	-0.676222898584
3.22322322322	0.167450860443	-0.861269827939	-0.693818967496
3.23323323323	0.10515394459	-0.809571163341	-0.704417218751
3.24324324324	0.0424412031961	-0.750672305253	-0.708231102057
3.25325325325	-0.0204393696219	-0.685097090484	-0.705536460106
3.26326326326	-0.0832391160672	-0.613428734267	-0.696667850334
3.27327327327	-0.145709697966	-0.536304643237	-0.682014341204
3.28328328328	-0.207604078809	-0.454410746445	-0.662014825254
3.29329329329	-0.268677500641	-0.36847539481	-0.637152895451
3.3033033033	-0.328688451945	-0.279262883293	-0.607951335237
3.31331331331	-0.387399622686	-0.187566653376	-0.574966276062
3.32332332332	-0.44457884274	-0.0942022363276	-0.538781079068
3.33333333333	-0.5	-1.22464679915e-15	-0.5
3.34334334334	-0.55344393452	0.0942022363276	-0.459241698193
3.35335335335	-0.604699305175	0.187566653376	-0.4171326518
3.36336336336	-0.653563425397	0.279262883293	-0.374300542104
3.37337337337	-0.699843064686	0.36847539481	-0.331367669876
3.38338338338	-0.743355212731	0.454410746445	-0.288944466287
3.39339339339	-0.783927803117	0.536304643237	-0.247623159879
3.4034034034	-0.821400393745	0.613428734267	-0.207971659478
3.41341341341	-0.855624801299	0.685097090484	-0.170527710815
3.42342342342	-0.886465687226	0.750672305253	-0.135793381973
3.43343343343	-0.913801092924	0.809571163341	-0.104229929583
3.44344344344	-0.937522922021	0.861269827939	-0.0762530940816
3.45345345345	-0.957537367837	0.905308499583	-0.0522288682546
3.46346346346	-0.973765284338	0.94129550553	-0.0324697788087
3.47347347347	-0.986142499113	0.968910783236	-0.0172317158766
3.48348348348	-0.99462006714	0.98790872694	-0.00671134019964
3.49349349349	-0.999164464339	0.998120372038	-0.00104409230077
3.5035035035	-0.999757720139	0.999454897829	-0.000302822309991
3.51351351351	-0.996397488543	0.991900435259	-0.00449705328365
3.52352352352	-0.989097057402	0.975524172482	-0.0135728849201
3.53353353353	-0.977885295874	0.9504717573	-0.0274135385742
3.54354354354	-0.962806540259	0.916966001796	-0.0458405384632
3.55355355355	-0.943920418674	0.875304900678	-0.0686155179958
3.56356356356	-0.921301615256	0.825858980964	-0.0954426342922
3.57357357357	-0.89503957483	0.769068006574	-0.125971568256
3.58358358358	-0.865238149205	0.705437067146	-0.159801082059
3.59359359359	-0.832015186492	0.635532085844	-0.196483100647
3.6036036036	-0.795502065086	0.559974786138	-0.235527278948
3.61361361361	-0.755843174135	0.479437162289	-0.276406011846
3.62362362362	-0.713195342561	0.394635502749	-0.318559839811
3.63363363363	-0.667727218889	0.306324019607	-0.361403199282
3.64364364364	-0.619618604335	0.215288140745	-0.404330463589
3.65365365365	-0.569059741792	0.122337524378	-0.446722217413
3.66366366366	-0.516250563526	0.0282988580831	-0.487951705442
3.67367367367	-0.461399900552	-0.0659914936266	-0.527391394179
3.68368368368	-0.404724656828	-0.159694927788	-0.564419584616
3.69369369369	-0.346448951515	-0.251978061385	-0.5984270129
3.7037037037	-0.286803232711	-0.342020143326	-0.628823376037
3.71371371371	-0.22602336616	-0.429020354062	-0.655043720223
3.72372372372	-0.164349702531	-0.512204927953	-0.676554630484
3.73373373373	-0.102026126964	-0.590834035006	-0.69286016197
3.74374374374	-0.0392990946401	-0.664208360806	-0.703507455446
3.75375375375	0.0235833438109	-0.731675326102	-0.708091982291
3.76376376376	0.0863725232145	-0.792634890742	-0.706262367527
3.77377377377	0.148820147184	-0.84654489033	-0.697724743146
3.78378378378	0.210679269996	-0.89292585815	-0.682246588154
3.79379379379	0.27170527312	-0.93136528946	-0.659660016339
3.8038038038	0.331656832556	-0.961521310247	-0.629864477691
3.81381381381	0.39029687313	-0.983125717796	-0.592828844666
3.82382382382	0.447393505998	-0.995986366039	-0.548592860041
3.83383383383	0.502720945639	-0.999988874476	-0.497267928837
3.84384384384	0.556060402709	-0.99509764545	-0.439037242741
3.85385385385	0.607200949233	-0.981356180754	-0.37415523152
3.86386386386	0.655940352709	-0.958886694725	-0.302946342015
3.87387387387	0.702085875823	-0.927889027297	-0.225803151474
3.88388388388	0.745455038618	-0.888638866652	-0.143183828034
3.89389389389	0.785876340107	-0.8414852973	-0.0556089571932
3.9039039039	0.823189936455	-0.786847695372	0.0363422410834
3.91391391391	0.85724827308	-0.72521199876	0.13203627432
3.92392392392	0.887916668148	-0.657126385269	0.230790282878
3.93393393393	0.915073845161	-0.583196397206	0.331877447955
3.94394394394	0.938612412544	-0.504079555791	0.434532856752
3.95395395395	0.958439288315	-0.420479513269	0.537959775046
3.96396396396	0.974476068176	-0.333139794742	0.641336273434
3.97397397397	0.986659335554	-0.242837185379	0.743822150176
3.98398398398	0.994940912384	-0.150374821814	0.84456609057
3.99399399399	0.99928804962	-0.0565750491838	0.942713000437
4.004004004	0.999683556747	0.0377278926787	1.03741144943
4.01401401401	0.996125869751	0.131695288836	1.12782115859
4.02402402402	0.988629057313	0.224491408638	1.21312046595
4.03403403403	0.977222765169	0.315290938576	1.29251370374
4.04404404404	0.96195209888	0.403286322484	1.36523842136
4.05405405405	0.942877445461	0.487694943814	1.43057238927
4.06406406406	0.920074234591	0.567766086095	1.48784032069
4.07407407407	0.893632640323	0.642787609687	1.53642025001
4.08408408408	0.863657224501	0.712092285431	1.57574950993
4.09409409409	0.830266523272	0.77506372888	1.60533025215
4.1041041041	0.793592578344	0.831141882316	1.62473446066
4.11411411411	0.753780414831	0.879827995816	1.63360841065
4.12412412412	0.710987467765	0.920689063053	1.63167653082
4.13413413413	0.665382959521	0.953361672377	1.6187446319
4.14414414414	0.617147230641	0.977555238948	1.59470246959
4.15415415415	0.566471026685	0.99305458914	1.55952561583
4.16416416416	0.513554743939	0.99972187427	1.51327661821
4.17417417417	0.458607636956	0.997497796594	1.45610543355
4.18418418418	0.401846991078	0.986402136696	1.38824912777
4.19419419419	0.343497263182	0.966533577558	1.31003084074
4.2042042042	0.283789194086	0.938068826896	1.22185802098
4.21421421421	0.222958896095	0.901261045546	1.12421994164
4.22422422422	0.161246919305	0.856437595893	1.0176845152
4.23423423423	0.0988973003642	0.803997130367	0.902894430731
4.24424424424	0.036156597441	0.744406045888	0.780562643329
4.25425425425	-0.0267270847755	0.678194335815	0.651467251039
4.26426426426	-0.0895050761925	0.605950876264	0.516445800071
4.27427427427	-0.151929124666	0.528318188746	0.376389064081
4.28428428428	-0.213752377698	0.445986725685	0.232234347987
4.29429429429	-0.274730358608	0.359688729645	0.084958371037
4.3043043043	-0.334621933292	0.270191720884	-0.0644302124084
4.31431431431	-0.393190263785	0.178291671158	-0.214898592628
4.32432432432	-0.450203744818	0.0848059244755	-0.365397820342
4.33433433433	-0.505436919686	-0.0094340722259	-0.514870991912
4.34434434434	-0.558671371813	-0.103590163832	-0.662261535645
4.35435435435	-0.609696588459	-0.196824941468	-0.806521529927
4.36436436436	-0.658310793188	-0.288309190272	-0.94661998346
4.37437437437	-0.704321743776	-0.377229264303	-1.08155100808
4.38438438438	-0.747547492428	-0.462794322967	-1.2103418154
4.39439439439	-0.787817105279	-0.544243364632	-1.33206046991
4.4044044044	-0.824971338339	-0.620851994843	-1.44582333318
4.41441441441	-0.85886326722	-0.691938868978	-1.5508021362
4.42442442442	-0.889358868137	-0.756871752005	-1.64623062014
4.43443443443	-0.916337547898	-0.815073141486	-1.73141068938
4.44444444444	-0.939692620786	-0.866025403784	-1.80571802457
4.45445445445	-0.959331730437	-0.909275377814	-1.86860710825
4.46446446446	-0.975177215064	-0.944438405381	-1.91961562045
4.47447447447	-0.987166414562	-0.97120175227	-1.95836816683
4.48448448448	-0.995251918294	-0.989327389653	-1.98457930795
4.49449449449	-0.999401752577	-0.998654111076	-1.99805586365
4.5045045045	-0.999599507118	-0.999098966205	-1.99869847332
4.51451451451	-0.995844399907	-0.990657998569	-1.98650239848
4.52452452452	-0.988151280311	-0.973406280756	-1.96155756107
4.53453453453	-0.976550570352	-0.94749724672	-1.92404781707
4.54454454454	-0.961088144404	-0.913161327173	-1.87424947158
4.55455455455	-0.941825147789	-0.870703900165	-1.81252904795
4.56456456456	-0.918837754976	-0.820502575107	-1.73934033008
4.57457457457	-0.892216868357	-0.763003834372	-1.65522070273
4.58458458458	-0.862067758776	-0.698719062352	-1.56078682113
4.59459459459	-0.828509649244	-0.628219997296	-1.45672964654
4.6046046046	-0.791675243475	-0.552133646353	-1.34380888983
4.61461461461	-0.751710201118	-0.471136709083	-1.2228469102
4.62462462462	-0.708772561755	-0.385949558995	-1.09472212075
4.63463463463	-0.663032119939	-0.297329836667	-0.960361956606
4.64464464464	-0.614669753754	-0.206065711412	-0.820735465166
4.65465465465	-0.56387670954	-0.112968871429	-0.676845580969
4.66466466466	-0.510853845621	-0.0188673047845	-0.529721150406
4.67467467467	-0.455810838022	0.0754020645824	-0.38040877344
4.68468468468	-0.398965351315	0.169000820322	-0.229964530994
4.69469469469	-0.340542177879	0.261096510412	-0.0794456674666
4.7047047047	-0.280772348966	0.350870050851	0.0700977018852
4.71471471471	-0.219892221108	0.437523010457	0.217630789349
4.72472472472	-0.158142541449	0.520284711982	0.362142170532
4.73473473473	-0.095767495733	0.598419086391	0.502651590658
4.74474474474	-0.0330137426761	0.671231219341	0.638217476665
4.75475475475	0.0298705614263	0.738073531632	0.767944093059
4.76476476476	0.092636744022	0.798351538674	0.890988282696
4.77477477477	0.155036599664	0.851529137733	1.0065657374
4.78478478478	0.216823371526	0.897133375942	1.11395674747
4.79479479479	0.277752727186	0.934758656667	1.21251138385
4.8048048048	0.33758372483	0.964070346816	1.30165407165
4.81481481481	0.396079766039	0.984807753012	1.38088751905
4.82482482482	0.453009531408	0.996786440157	1.44979597157
4.83483483483	0.508147895284	0.999899871767	1.50804776705
4.84484484484	0.561276816012	0.99412035749	1.5553971735
4.85485485485	0.612186198173	0.979499299381	1.59168549755
4.86486486486	0.66067472339	0.956166734739	1.61684145813
4.87487487487	0.706550646434	0.924330179577	1.63088082601
4.88488488488	0.749632553468	0.884272783009	1.63390533648
4.89489489489	0.78975007944	0.836350808966	1.62610088841
4.9049049049	0.826744581781	0.780990467646	1.60773504943
4.91491491491	0.860469767748	0.718684124869	1.57915389262
4.92492492492	0.890792272932	0.649985923054	1.54077819599
4.93493493493	0.917592188639	0.57550685277	1.49309904141
4.94494494494	0.940763536065	0.495909318684	1.43667285475
4.95495495495	0.960214685378	0.411901248244	1.37211593362
4.96496496496	0.975868718069	0.324229795484	1.30009851355
4.97497497497	0.98766373112	0.233674695964	1.22133842708
4.98498498498	0.995553081795	0.141041331925	1.13659441372
4.99499499499	0.999505572086	0.0471535693523	1.04665914144
5.00500500501	0.999505572086	-0.0471535693523	0.952352002733
5.01501501502	0.995553081795	-0.141041331925	0.85451174987
5.02502502503	0.98766373112	-0.233674695964	0.753989035156
5.03503503504	0.975868718069	-0.324229795484	0.651638922585
5.04504504505	0.960214685378	-0.411901248244	0.548313437134
5.05505505506	0.940763536065	-0.495909318684	0.44485421738
5.06506506507	0.917592188639	-0.57550685277	0.342085335869
5.07507507508	0.890792272932	-0.649985923054	0.240806349878
5.08508508509	0.860469767748	-0.718684124869	0.14178564288
5.0950950951	0.826744581781	-0.780990467646	0.0457541141352
5.10510510511	0.78975007944	-0.836350808966	-0.0466007295254
5.11511511512	0.749632553468	-0.884272783009	-0.134640229541
5.12512512513	0.706550646434	-0.924330179577	-0.217779533143
5.13513513514	0.66067472339	-0.956166734739	-0.295492011349
5.14514514515	0.612186198173	-0.979499299381	-0.367313101208
5.15515515516	0.561276816012	-0.99412035749	-0.432843541478
5.16516516517	0.508147895284	-0.999899871767	-0.491751976483
5.17517517518	0.453009531408	-0.996786440157	-0.543776908749
5.18518518519	0.396079766039	-0.984807753012	-0.588727986973
5.1951951952	0.33758372483	-0.964070346816	-0.626486621986
5.20520520521	0.277752727186	-0.934758656667	-0.657005929481
5.21521521522	0.216823371526	-0.897133375942	-0.680310004417
5.22522522523	0.155036599664	-0.851529137733	-0.696492538069
5.23523523524	0.092636744022	-0.798351538674	-0.705714794652
5.24524524525	0.0298705614263	-0.738073531632	-0.708202970206
5.25525525526	-0.0330137426761	-0.671231219341	-0.704244962017
5.26526526527	-0.095767495733	-0.598419086391	-0.694186582124
5.27527527528	-0.158142541449	-0.520284711982	-0.678427253431
5.28528528529	-0.219892221108	-0.437523010457	-0.657415231564
5.2952952953	-0.280772348966	-0.350870050851	-0.631642399817
5.30530530531	-0.340542177879	-0.261096510412	-0.601638688291
5.31531531532	-0.398965351315	-0.169000820322	-0.567966171637
5.32532532533	-0.455810838022	-0.0754020645824	-0.531212902605
5.33533533534	-0.510853845621	0.0188673047845	-0.491986540837
5.34534534535	-0.56387670954	0.112968871429	-0.450907838111
5.35535535536	-0.614669753754	0.206065711412	-0.408604042342
5.36536536537	-0.663032119939	0.297329836667	-0.365702283272
5.37537537538	-0.708772561755	0.385949558995	-0.32282300276
5.38538538539	-0.751710201118	0.471136709083	-0.280573492035
5.3953953954	-0.791675243475	0.552133646353	-0.239541597122
5.40540540541	-0.828509649244	0.628219997296	-0.200289651948
5.41541541542	-0.862067758776	0.698719062352	-0.163348696424
5.42542542543	-0.892216868357	0.763003834372	-0.129213033985
5.43543543544	-0.918837754976	0.820502575107	-0.0983351798691
5.44544544545	-0.941825147789	0.870703900165	-0.0711212476241
5.45545545546	-0.961088144404	0.913161327173	-0.0479268172314
5.46546546547	-0.976550570352	0.94749724672	-0.0290533236314
5.47547547548	-0.988151280311	0.973406280756	-0.0147449995552
5.48548548549	-0.995844399907	0.990657998569	-0.00518640133791
5.4954954955	-0.999599507118	0.999098966205	-0.00050054091364
5.50550550551	-0.999401752577	0.998654111076	-0.000747641500935
5.51551551552	-0.995251918294	0.989327389653	-0.00592452864061
5.52552552553	-0.987166414562	0.97120175227	-0.0159646622915
5.53553553554	-0.975177215064	0.944438405381	-0.0307388096835
5.54554554555	-0.959331730437	0.909275377814	-0.0500563526235
5.55555555556	-0.939692620786	0.866025403784	-0.0736672170015
5.56556556557	-0.916337547898	0.815073141486	-0.101264406412
5.57557557558	-0.889358868137	0.756871752005	-0.132487116132
5.58558558559	-0.85886326722	0.691938868978	-0.166924398243
5.5955955956	-0.824971338339	0.620851994843	-0.204119343496
5.60560560561	-0.787817105279	0.544243364632	-0.243573740648
5.61561561562	-0.747547492428	0.462794322967	-0.284753169461
5.62562562563	-0.704321743776	0.377229264303	-0.327092479473
5.63563563564	-0.658310793188	0.288309190272	-0.370001602915
5.64564564565	-0.609696588459	0.196824941468	-0.412871646992
5.65565565566	-0.558671371813	0.103590163832	-0.455081207981
5.66566566567	-0.505436919686	0.0094340722259	-0.496002847461
5.67567567568	-0.450203744818	-0.0848059244755	-0.535009669293
5.68568568569	-0.393190263785	-0.178291671158	-0.571481934943
5.6956956957	-0.334621933292	-0.270191720884	-0.604813654176
5.70570570571	-0.274730358608	-0.359688729645	-0.634419088252
5.71571571572	-0.213752377698	-0.445986725685	-0.659739103383
5.72572572573	-0.151929124666	-0.528318188746	-0.680247313412
5.73573573574	-0.0895050761925	-0.605950876264	-0.695455952456
5.74574574575	-0.0267270847755	-0.678194335815	-0.70492142059
5.75575575576	0.036156597441	-0.744406045888	-0.708249448447
5.76576576577	0.0988973003642	-0.803997130367	-0.705099830003
5.77577577578	0.161246919305	-0.856437595893	-0.695190676588
5.78578578579	0.222958896095	-0.901261045546	-0.678302149451
5.7957957958	0.283789194086	-0.938068826896	-0.65427963281
5.80580580581	0.343497263182	-0.966533577558	-0.623036314376
5.81581581582	0.401846991078	-0.986402136696	-0.584555145618
5.82582582583	0.458607636956	-0.997497796594	-0.538890159638
5.83583583584	0.513554743939	-0.99972187427	-0.486167130332
5.84584584585	0.566471026685	-0.99305458914	-0.426583562455
5.85585585586	0.617147230641	-0.977555238948	-0.360408008306
5.86586586587	0.665382959521	-0.953361672377	-0.287978712856
5.87587587588	0.710987467765	-0.920689063053	-0.209701595288
5.88588588589	0.753780414831	-0.879827995816	-0.126047580985
5.8958958959	0.793592578344	-0.831141882316	-0.0375493039722
5.90590590591	0.830266523272	-0.77506372888	0.0552027943925
5.91591591592	0.863657224501	-0.712092285431	0.15156493907
5.92592592593	0.893632640323	-0.642787609687	0.250845030637
5.93593593594	0.920074234591	-0.567766086095	0.352308148496
5.94594594595	0.942877445461	-0.487694943814	0.455182501647
5.95595595596	0.96195209888	-0.403286322484	0.558665776396
5.96596596597	0.977222765169	-0.315290938576	0.661931826594
5.97597597598	0.988629057313	-0.224491408638	0.764137648676
5.98598598599	0.996125869751	-0.131695288836	0.864430580916
5.995995996	0.999683556747	-0.0377278926787	0.961955664068
6.00600600601	0.99928804962	0.0565750491838	1.0558630988
6.01601601602	0.994940912384	0.150374821814	1.1453157342
6.02602602603	0.986659335554	0.242837185379	1.22949652093
6.03603603604	0.974476068176	0.333139794742	1.30761586292
6.04604604605	0.958439288315	0.420479513269	1.37891880158
6.05605605606	0.938612412544	0.504079555791	1.44269196834
6.06606606607	0.915073845161	0.583196397206	1.49827024237
6.07607607608	0.887916668148	0.657126385269	1.54504305342
6.08608608609	0.85724827308	0.72521199876	1.58246027184
6.0960960961	0.823189936455	0.786847695372	1.61003763183
6.10610610611	0.785876340107	0.8414852973	1.62736163741
6.11611611612	0.745455038618	0.888638866652	1.63409390527
6.12612612613	0.702085875823	0.927889027297	1.62997490312
6.13613613614	0.655940352709	0.958886694725	1.61482704743
6.14614614615	0.607200949233	0.981356180754	1.58855712999
6.15615615616	0.556060402709	0.99509764545	1.55115804816
6.16616616617	0.502720945639	0.999988874476	1.50270982011
6.17617617618	0.447393505998	0.995986366039	1.44337987204
6.18618618619	0.39029687313	0.983125717796	1.37342259093
6.1961961962	0.331656832556	0.961521310247	1.2931781428
6.20620620621	0.27170527312	0.93136528946	1.20307056258
6.21621621622	0.210679269996	0.89292585815	1.10360512815
6.22622622623	0.148820147184	0.84654489033	0.995365037514
6.23623623624	0.0863725232145	0.792634890742	0.879007413956
6.24624624625	0.0235833438109	0.731675326102	0.755258669913
6.25625625626	-0.0392990946401	0.664208360806	0.624909266165
6.26626626627	-0.102026126964	0.590834035006	0.488807908042
6.27627627628	-0.164349702531	0.512204927953	0.347855225422
6.28628628629	-0.22602336616	0.429020354062	0.202996987902
6.2962962963	-0.286803232711	0.342020143326	0.0552169106146
6.30630630631	-0.346448951515	0.251978061385	-0.0944708901296
6.31631631632	-0.404724656828	0.159694927788	-0.245029729041
6.32632632633	-0.461399900552	0.0659914936266	-0.395408406926
6.33633633634	-0.516250563526	-0.0282988580831	-0.544549421609
6.34634634635	-0.569059741792	-0.122337524378	-0.69139726617
6.35635635636	-0.619618604335	-0.215288140745	-0.83490674508
6.36636636637	-0.667727218889	-0.306324019607	-0.974051238495
6.37637637638	-0.713195342561	-0.394635502749	-1.10783084531
6.38638638639	-0.755843174135	-0.479437162289	-1.23528033642
6.3963963964	-0.795502065086	-0.559974786138	-1.35547685122
6.40640640641	-0.832015186492	-0.635532085844	-1.46754727234
6.41641641642	-0.865238149205	-0.705437067146	-1.57067521635
6.42642642643	-0.89503957483	-0.769068006574	-1.6641075814
6.43643643644	-0.921301615256	-0.825858980964	-1.74716059622
6.44644644645	-0.943920418674	-0.875304900678	-1.81922531935
6.45645645646	-0.962806540259	-0.916966001796	-1.87977254206
6.46646646647	-0.977885295874	-0.9504717573	-1.92835705317
6.47647647648	-0.989097057402	-0.975524172482	-1.96462122988
6.48648648649	-0.996397488543	-0.991900435259	-1.9882979238
6.4964964965	-0.999757720139	-0.999454897829	-1.99921261797
6.50650650651	-0.999164464339	-0.998120372038	-1.99728483638
6.51651651652	-0.99462006714	-0.98790872694	-1.98252879408
6.52652652653	-0.986142499113	-0.968910783236	-1.95505328235
6.53653653654	-0.973765284338	-0.94129550553	-1.91506078987
6.54654654655	-0.957537367837	-0.905308499583	-1.86284586742
6.55655655656	-0.937522922021	-0.861269827939	-1.79879274996
6.56656656657	-0.913801092924	-0.809571163341	-1.72337225626
6.57657657658	-0.886465687226	-0.750672305253	-1.63713799248
6.58658658659	-0.855624801299	-0.685097090484	-1.54072189178
6.5965965966	-0.821400393745	-0.613428734267	-1.43482912801
6.60660660661	-0.783927803117	-0.536304643237	-1.32023244635
6.61661661662	-0.743355212731	-0.454410746445	-1.19776595918
6.62662662663	-0.699843064686	-0.36847539481	-1.0683184595
6.63663663664	-0.653563425397	-0.279262883293	-0.93282630869
6.64664664665	-0.604699305175	-0.187566653376	-0.792265958551
6.65665665666	-0.55344393452	-0.0942022363276	-0.647646170848
6.66666666667	-0.5	-2.44929359829e-15	-0.5
6.67667667668	-0.44457884274	0.0942022363276	-0.350376606413
6.68668668669	-0.387399622686	0.187566653376	-0.19983296931
6.6966966967	-0.328688451945	0.279262883293	-0.0494255686517
6.70670670671	-0.268677500641	0.36847539481	0.0997978941697
6.71671671672	-0.207604078809	0.454410746445	0.246806667636
6.72672672673	-0.145709697966	0.536304643237	0.390594945271
6.73673673674	-0.0832391160672	0.613428734267	0.530189618199
6.74674674675	-0.0204393696219	0.685097090484	0.664657720862
6.75675675676	0.0424412031962	0.750672305253	0.793113508449
6.76676676677	0.10515394459	0.809571163341	0.914725107931
6.77677677678	0.167450860443	0.861269827939	1.02872068838
6.78678678679	0.229085600998	0.905308499583	1.13439410058
6.7967967968	0.289814435034	0.94129550553	1.23110994056
6.80680680681	0.349397213688	0.968910783236	1.31830799692
6.81681681682	0.407598320109	0.98790872694	1.39550704705
6.82682682683	0.464187601196	0.998120372038	1.46230797323
6.83683683684	0.518941277722	0.999454897829	1.51839617555
6.84684684685	0.571642829258	0.991900435259	1.56354326452
6.85685685686	0.622083850393	0.975524172482	1.59760802287
6.86686686687	0.670064874858	0.9504717573	1.62053663216
6.87687687688	0.715396164307	0.916966001796	1.6323621661
6.88688688689	0.757898458629	0.875304900678	1.63320335931
6.8968968969	0.797403684817	0.825858980964	1.62326266578
6.90690690691	0.833755621609	0.769068006574	1.60282362818
6.91691691692	0.866810517252	0.705437067146	1.5722475844
6.92692692693	0.896437657964	0.635532085844	1.53196974381
6.93693693694	0.922519884832	0.559974786138	1.48249467097
6.94694694695	0.944954057113	0.479437162289	1.4243912194
6.95695695696	0.963651460093	0.394635502749	1.35828696284
6.96696696697	0.978538155914	0.306324019607	1.28486217552
6.97697697698	0.989555275949	0.215288140745	1.20484341669
6.98698698699	0.996659253595	0.122337524378	1.11899677797
6.996996997	0.999821996562	0.0282988580831	1.02812085465
7.00700700701	0.999030997955	-0.0659914936266	0.933039504329
7.01701701702	0.994289385735	-0.159694927788	0.834594457947
7.02702702703	0.985615910348	-0.251978061385	0.733637848963
7.03703703704	0.97304487058	-0.342020143326	0.631024727254
7.04704704705	0.956625977922	-0.429020354062	0.52760562386
7.05705705706	0.936424159991	-0.512204927953	0.424219232038
7.06706706707	0.912519303774	-0.590834035006	0.321685268768
7.07707707708	0.885005939722	-0.664208360806	0.220797578916
7.08708708709	0.853992867932	-0.731675326102	0.12231754183
7.0970970971	0.819602727906	-0.792634890742	0.0269678371642
7.10710710711	0.781971513578	-0.84654489033	-0.064573376752
7.11711711712	0.741248035533	-0.89292585815	-0.151677822616
7.12712712713	0.697593332546	-0.93136528946	-0.233771956914
7.13713713714	0.651180034758	-0.961521310247	-0.310341275489
7.14714714715	0.602191681025	-0.983125717796	-0.38093403677
7.15715715716	0.550821993122	-0.995986366039	-0.445164372917
7.16716716717	0.497274109679	-0.999988874476	-0.502714764797
7.17717717718	0.44175978288	-0.99509764545	-0.55333786257
7.18718718719	0.384498541105	-0.981356180754	-0.596857639648
7.1971971972	0.325716820813	-0.958886694725	-0.633169873912
7.20720720721	0.265647071111	-0.927889027297	-0.662241956186
7.21721721722	0.204526834549	-0.888638866652	-0.684112032103
7.22722722723	0.142597807772	-0.8414852973	-0.698887489528
7.23723723724	0.0801048857378	-0.786847695372	-0.706742809634
7.24724724725	0.0172951933006	-0.72521199876	-0.70791680546
7.25725725726	-0.0455828920356	-0.657126385269	-0.702709277305
7.26726726727	-0.10828072231	-0.583196397206	-0.691477119517
7.27727727728	-0.170550362372	-0.504079555791	-0.674629918164
7.28728728729	-0.232145570325	-0.420479513269	-0.652625083594
7.2972972973	-0.292822771277	-0.333139794742	-0.625962566019
7.30730730731	-0.352342020544	-0.242837185379	-0.595179205923
7.31731731732	-0.410467952501	-0.150374821814	-0.560842774315
7.32732732733	-0.466970711319	-0.0565750491838	-0.523545760503
7.33733733734	-0.521626859919	0.0377278926787	-0.48389896724
7.34734734735	-0.574220263541	0.131695288836	-0.442524974705
7.35735735736	-0.624542944437	0.224491408638	-0.4000515358
7.36736736737	-0.67239590431	0.315290938575	-0.357104965735
7.37737737738	-0.71758991124	0.403286322484	-0.314303588756
7.38738738739	-0.759946247989	0.487694943814	-0.272251304175
7.3973973974	-0.799297418733	0.567766086095	-0.231531332638
7.40740740741	-0.835487811413	0.642787609687	-0.192700201726
7.41741741742	-0.868374313094	0.712092285431	-0.156282027663
7.42742742743	-0.897826875899	0.77506372888	-0.122763147019
7.43743743744	-0.923729031273	0.831141882316	-0.0925871489575
7.44744744745	-0.945978350556	0.879827995816	-0.0661503547393
7.45745745746	-0.964486850027	0.920689063053	-0.0437977869736
7.46746746747	-0.979181338833	0.953361672377	-0.025819666456
7.47747747748	-0.990003708422	0.977555238948	-0.0124484694741
7.48748748749	-0.996911162321	0.99305458914	-0.00385657318056
7.4974974975	-0.999876385381	0.99972187427	-0.00015451111073
7.50750750751	-0.998887651789	0.997497796594	-0.0013898551949
7.51751751752	-0.993948871439	0.986402136696	-0.00754673474314
7.52752752753	-0.985079574467	0.966533577558	-0.0185459969091
7.53753753754	-0.972314834025	0.938068826896	-0.0342460071293
7.54754754755	-0.955705127584	0.901261045546	-0.0544440820382
7.55755755756	-0.935316137322	0.856437595893	-0.0788785414282
7.56756756757	-0.911228490388	0.803997130367	-0.107231360021
7.57757757758	-0.88353744007	0.744406045888	-0.139131394182
7.58758758759	-0.852352489117	0.678194335815	-0.174158153302
7.5975975976	-0.817796956717	0.605950876264	-0.211846080453
7.60760760761	-0.780007490838	0.528318188746	-0.251689302092
7.61761761762	-0.739133527863	0.445986725685	-0.293146802178
7.62762762763	-0.69533670165	0.359688729645	-0.335647972006
7.63763763764	-0.648790204361	0.270191720884	-0.378598483478
7.64764764765	-0.599678101582	0.178291671158	-0.421386430424
7.65765765766	-0.548194604445	0.0848059244755	-0.463388679969
7.66766766767	-0.494543301632	-0.0094340722259	-0.503977373858
7.67767767768	-0.438936354296	-0.103590163832	-0.542526518129
7.68768768769	-0.381593657079	-0.196824941468	-0.578418598546
7.6976976977	-0.322741968549	-0.288309190272	-0.611051158821
7.70770770771	-0.2626140145	-0.377229264303	-0.639843278803
7.71771771772	-0.20144756765	-0.462794322967	-0.664241890617
7.72772772773	-0.139484507376	-0.544243364632	-0.683727872007
7.73773773774	-0.076969863222	-0.620851994843	-0.697821858065
7.74774774775	-0.0141508459408	-0.691938868978	-0.706089714918
7.75775775776	0.0487241300892	-0.756871752005	-0.708147621916
7.76776776777	0.111406429203	-0.815073141486	-0.703666712283
7.77777777778	0.173648177667	-0.866025403784	-0.692377226118
7.78778778779	0.235203243879	-0.909275377814	-0.674072133934
7.7977977978	0.295828211688	-0.944438405381	-0.648610193693
7.80780780781	0.355283342961	-0.97120175227	-0.615918409309
7.81781781782	0.413333525626	-0.989327389653	-0.575993864028
7.82782782783	0.469749203398	-0.998654111076	-0.528904907678
7.83783783784	0.524307283557	-0.999098966205	-0.474791682647
7.84784784785	0.576792019149	-0.990657998569	-0.413865979421
7.85785785786	0.626995862148	-0.973406280756	-0.346410418608
7.86786786787	0.674720284195	-0.94749724672	-0.272776962526
7.87787787788	0.719776561664	-0.913161327173	-0.193384765509
7.88788788789	0.761986521963	-0.870703900165	-0.108717378203
7.8978978979	0.801183248104	-0.820502575107	-0.0193193270027
7.90790790791	0.837211738773	-0.763003834372	0.0742079044012
7.91791791792	0.869929521266	-0.698719062352	0.171210458913
7.92792792793	0.899207214896	-0.628219997296	0.2709872176
7.93793793794	0.92492904262	-0.552133646353	0.372795396267
7.94794794795	0.946993288874	-0.471136709083	0.475856579791
7.95795795796	0.965312701797	-0.385949558995	0.579363142802
7.96796796797	0.979814838271	-0.297329836667	0.682485001604
7.97797797798	0.990442350387	-0.206065711412	0.784376638975
7.98798798799	0.997153212228	-0.112968871429	0.884184340799
7.997997998	0.999920886057	-0.0188673047845	0.981053581273
8.00800800801	0.998734427259	0.0754020645824	1.07413649184
8.01801801802	0.99359852762	0.169000820322	1.16259934794
8.02802802803	0.984533496775	0.261096510412	1.24563000719
8.03803803804	0.971575181895	0.350870050851	1.32244523275
8.04804804805	0.954774825929	0.437523010457	1.39229783639
8.05805805806	0.934198864969	0.520284711982	1.45448357695
8.06806806807	0.909928665531	0.598419086391	1.50834775192
8.07807807808	0.882060202795	0.671231219341	1.55329142214
8.08808808809	0.850703681078	0.738073531632	1.58877721271
8.0980980981	0.815983098035	0.798351538674	1.61433463671
8.10810810811	0.778035754318	0.851529137733	1.62956489205
8.11811811812	0.737011710631	0.897133375942	1.63414508657
8.12812812813	0.693073194316	0.934758656667	1.62783185098
8.13813813814	0.646393957842	0.964070346816	1.61046430466
8.14814814815	0.597158591703	0.984807753012	1.58196634471
8.15815815816	0.54556179447	0.996786440157	1.54234823463
8.16816816817	0.491807602866	0.999899871767	1.49170747463
8.17817817818	0.436108584911	0.99412035749	1.4302289424
8.18818818819	0.378684999333	0.979499299381	1.35818429871
8.1981981982	0.319763924571	0.956166734739	1.27593065931
8.20820820821	0.259578360804	0.924330179577	1.18390854038
8.21821821822	0.198366308561	0.884272783009	1.08263909157
8.22822822823	0.136369827566	0.836350808966	0.972720636532
8.23823823824	0.0738340795231	0.780990467646	0.854824547169
8.24824824825	0.0110063586381	0.718684124869	0.729690483507
8.25825825826	-0.0518648862921	0.649985923054	0.598121036762
8.26826826827	-0.114531034357	0.57550685277	0.460975818413
8.27827827828	-0.176744275691	0.495909318684	0.319165042993
8.28828828829	-0.238258591423	0.411901248244	0.173642656821
8.2982982983	-0.298830726545	0.324229795484	0.0253990689389
8.30830830831	-0.358221151852	0.233674695964	-0.124546455888
8.31831831832	-0.416195011144	0.141041331925	-0.275153679219
8.32832832833	-0.472523049956	0.0471535693523	-0.425369480604
8.33833833834	-0.526982522129	-0.0471535693523	-0.574136091482
8.34834834835	-0.57935807065	-0.141041331925	-0.720399402575
8.35835835836	-0.629442579268	-0.233674695964	-0.863117275232
8.36836836837	-0.677037991524	-0.324229795484	-1.00126778701
8.37837837838	-0.721956093955	-0.411901248244	-1.1338573422
8.38838838839	-0.764019260373	-0.495909318684	-1.25992857906
8.3983983984	-0.803061154282	-0.57550685277	-1.37856800705
8.40840840841	-0.83892738664	-0.649985923054	-1.48891330969
8.41841841842	-0.871476126386	-0.718684124869	-1.59016025125
8.42842842843	-0.900578661304	-0.780990467646	-1.68156912895
8.43843843844	-0.926119907006	-0.836350808966	-1.76247071597
8.44844844845	-0.947998862029	-0.884272783009	-1.83227164504
8.45845845846	-0.966129007238	-0.924330179577	-1.89045918682
8.46846846847	-0.980438647961	-0.956166734739	-1.9366053827
8.47847847848	-0.990871197506	-0.979499299381	-1.97037049689
8.48848848849	-0.997385400923	-0.99412035749	-1.99150575841
8.4984984985	-0.99995549815	-0.999899871767	-1.99985536992
8.50850850851	-0.998571325879	-0.996786440157	-1.99535776604
8.51851851852	-0.993238357742	-0.984807753012	-1.97804611075
8.52852852853	-0.983977682672	-0.964070346816	-1.94804802949
8.53853853854	-0.970825921502	-0.934758656667	-1.90558457817
8.54854854855	-0.953835082157	-0.897133375942	-1.8509684581
8.55855855856	-0.933072353983	-0.851529137733	-1.78460149172
8.56856856857	-0.908619842057	-0.798351538674	-1.70697138073
8.57857857858	-0.880574242504	-0.738073531632	-1.61864777414
8.58858858859	-0.849046460119	-0.671231219341	-1.52027767946
8.5985985986	-0.814161169798	-0.598419086391	-1.41258025619
8.60860860861	-0.77605632352	-0.520284711982	-1.2963410355
8.61861861862	-0.734882604821	-0.437523010457	-1.17240561528
8.62862862863	-0.690802832929	-0.350870050851	-1.04167288378
8.63863863864	-0.643991318896	-0.261096510412	-0.905087829308
8.64864864865	-0.594633176304	-0.169000820322	-0.763633996626
8.65865865866	-0.542923589236	-0.0754020645824	-0.618325653819
8.66866866867	-0.489067040436	0.0188673047845	-0.470199735651
8.67867867868	-0.433276502688	0.112968871429	-0.320307631259
8.68868868869	-0.375772596633	0.206065711412	-0.169706885221
8.6986986987	-0.316782718332	0.297329836667	-0.0194528816645
8.70870870871	-0.256540140042	0.385949558995	0.129409418953
8.71871871872	-0.195283087756	0.471136709083	0.275853621327
8.72872872873	-0.133253799146	0.552133646353	0.418879847207
8.73873873874	-0.070697565652	0.628219997296	0.557522431644
8.74874874875	-0.00786176248947	0.698719062352	0.690857299863
8.75875875876	0.0550051295842	0.763003834372	0.818008963956
8.76876876877	0.117654506872	0.820502575107	0.938157081979
8.77877877878	0.179838625827	0.870703900165	1.05054252599
8.78878878879	0.241311582741	0.913161327173	1.15447290991
8.7987987988	0.301830286157	0.94749724672	1.24932753288
8.80880880881	0.361155418163	0.973406280756	1.33456169892
8.81881881882	0.419052380758	0.990657998569	1.40971037933
8.82882882883	0.475292223561	0.999098966205	1.47439118977
8.83883883884	0.529652549179	0.998654111076	1.52830666026
8.84884884885	0.581918392668	0.989327389653	1.57124578232
8.85885885886	0.6318830716	0.97120175227	1.60308482387
8.86886886887	0.679349003377	0.944438405381	1.62378740876
8.87887887888	0.724128486558	0.909275377814	1.63340386437
8.88888888889	0.766044443119	0.866025403784	1.6320698469
8.8988988989	0.804931118695	0.815073141486	1.62000426018
8.90890890891	0.840634738048	0.756871752005	1.59750649005
8.91891891892	0.873014113161	0.691938868978	1.56495298214
8.92892892893	0.901941201561	0.620851994843	1.5227931964
8.93893893894	0.927301612655	0.544243364632	1.47154497729
8.94894894895	0.948995060078	0.462794322967	1.41178938305
8.95895895896	0.966935758276	0.377229264303	1.34416502258
8.96896896897	0.981052761736	0.288309190272	1.26936195201
8.97897897898	0.991290245538	0.196824941468	1.18811518701
8.98898898899	0.99760772611	0.103590163832	1.10119788994
8.998998999	0.999980221319	0.0094340722259	1.00941429354
9.00900900901	0.998398349262	-0.0848059244755	0.913592424787
9.01901901902	0.992868365367	-0.178291671158	0.814576694209
9.02902902903	0.983412137654	-0.270191720884	0.71322041677
9.03903903904	0.970067060258	-0.359688729645	0.610378330613
9.04904904905	0.952885905561	-0.445986725685	0.506899179876
9.05905905906	0.931936615503	-0.528318188746	0.403618426757
9.06906906907	0.907302032909	-0.605950876264	0.301351156645
9.07907907908	0.879079573893	-0.678194335815	0.200885238078
9.08908908909	0.847380842629	-0.744406045888	0.102974796741
9.0990990991	0.812331190024	-0.803997130367	0.00833405965695
9.10910910911	0.774069218016	-0.856437595893	-0.082368377877
9.11911911912	0.732746231489	-0.901261045546	-0.168514814057
9.12912912913	0.688525639939	-0.938068826896	-0.249543186957
9.13913913914	0.641582311285	-0.966533577558	-0.324951266273
9.14914914915	0.592101880361	-0.986402136696	-0.394300256335
9.15915915916	0.540280014833	-0.997497796594	-0.457217781762
9.16916916917	0.486321641442	-0.99972187427	-0.513400232828
9.17917917918	0.430440135636	-0.99305458914	-0.562614453505
9.18918918919	0.37285647778	-0.977555238948	-0.604698761167
9.1991991992	0.313798379312	-0.953361672377	-0.639563293065
9.20920920921	0.253499382261	-0.920689063053	-0.667189680791
9.21921921922	0.192197935725	-0.879827995816	-0.687630060092
9.22922922923	0.13013645293	-0.831141882316	-0.701005429386
9.23923923924	0.0675603526269	-0.77506372888	-0.707503376253
9.24924924925	0.00471708859304	-0.712092285431	-0.707375196838
9.25925925926	-0.0581448289105	-0.642787609687	-0.700932438597
9.26926926927	-0.120776815858	-0.567766086095	-0.688542901953
9.27927927928	-0.182931197472	-0.487694943814	-0.670626141286
9.28928928929	-0.24436218764	-0.403286322484	-0.647648510124
9.2992992993	-0.304826860859	-0.315290938576	-0.620117799434
9.30930930931	-0.364086112876	-0.224491408638	-0.588577521514
9.31931931932	-0.421905606211	-0.131695288836	-0.553600895046
9.32932932933	-0.478056696828	-0.0377278926787	-0.515784589506
9.33933933934	-0.532317338301	0.0565750491838	-0.475742289117
9.34934934935	-0.584472959883	0.150374821814	-0.434098138069
9.35935935936	-0.634317315011	0.242837185379	-0.391480129632
9.36936936937	-0.6816532969	0.333139794742	-0.348513502157
9.37937937938	-0.72629371799	0.420479513269	-0.305814204721
9.38938938939	-0.768062050171	0.504079555791	-0.26398249438
9.3993993994	-0.80679312285	0.583196397206	-0.223596725644
9.40940940941	-0.842333776112	0.657126385269	-0.185207390843
9.41941941942	-0.874543466381	0.72521199876	-0.149331467621
9.42942942943	-0.903294822193	0.786847695372	-0.116447126821
9.43943943944	-0.928474147879	0.8414852973	-0.0869888505786
9.44944944945	-0.949981873168	0.888638866652	-0.0613430065155
9.45945945946	-0.967732946933	0.927889027297	-0.039843919637
9.46946946947	-0.981657173522	0.958886694725	-0.0227704787974
9.47947947948	-0.991699490339	0.981356180754	-0.0103433095851
9.48948948949	-0.997820185589	0.99509764545	-0.00272254013876
9.4994994995	-0.999995055317	0.999988874476	-6.18084173165e-06
9.50950950951	-0.99821549912	0.995986366039	-0.00222913308106
9.51951951952	-0.992488554155	0.983125717796	-0.00936283635943
9.52952952953	-0.982836867314	0.961521310247	-0.0213155570669
9.53953953954	-0.969298605666	0.93136528946	-0.0379333162063
9.54954954955	-0.951927305529	0.89292585815	-0.0590014473796
9.55955955956	-0.930791660762	0.84654489033	-0.0842467704322
9.56956956957	-0.90597525112	0.792634890742	-0.113340360379
9.57957957958	-0.877576211743	0.731675326102	-0.145900885641
9.58958958959	-0.845706845082	0.664208360806	-0.181498484276
9.5995995996	-0.81049317681	0.590834035006	-0.219659141804
9.60960960961	-0.77207445746	0.512204927953	-0.259869529507
9.61961961962	-0.730602611762	0.429020354062	-0.3015822577
9.62962962963	-0.686241637869	0.342020143326	-0.344221494543
9.63963963964	-0.639166958833	0.251978061385	-0.387188897448
9.64964964965	-0.589564728906	0.159694927788	-0.429869801119
9.65965965966	-0.537631097403	0.0659914936266	-0.471639603776
9.66966966967	-0.483571433037	-0.0282988580831	-0.51187029112
9.67967967968	-0.427599511804	-0.122337524378	-0.549937036182
9.68968968969	-0.369936671614	-0.215288140745	-0.585224812359
9.6996996997	-0.310810937026	-0.306324019607	-0.617134956633
9.70970970971	-0.250456117533	-0.394635502749	-0.645091620282
9.71971971972	-0.189110882978	-0.479437162289	-0.668548045267
9.72972972973	-0.127017819747	-0.559974786138	-0.686992605884
9.73973973974	-0.0644224714728	-0.635532085844	-0.699954557317
9.74974974975	-0.00157236804759	-0.705437067146	-0.707009435194
9.75975975976	0.0612839532213	-0.769068006574	-0.707784053353
9.76976976977	0.123897930438	-0.825858980964	-0.701961050525
9.77977977978	0.186021960045	-0.875304900678	-0.689282940633
9.78978978979	0.247410375952	-0.916966001796	-0.669555625844
9.7997997998	0.307820421017	-0.9504717573	-0.642651336283
9.80980980981	0.367013207009	-0.975524172482	-0.608510965473
9.81981981982	0.424754659284	-0.991900435259	-0.567145775975
9.82982982983	0.480816442417	-0.999454897829	-0.518638455412
9.83983983984	0.534976863143	-0.998120372038	-0.463143508895
9.84984984985	0.587021747031	-0.98790872694	-0.400886979909
9.85985985986	0.636745285425	-0.968910783236	-0.332165497811
9.86986986987	0.683950849304	-0.94129550553	-0.257344656226
9.87987987988	0.728451766839	-0.905308499583	-0.176856732744
9.88988988989	0.770072061578	-0.861269827939	-0.0911977663617
9.8998998999	0.808647148334	-0.809571163341	-0.000924015006994
9.90990990991	0.84402448403	-0.750672305253	0.0933521787772
9.91991991992	0.876064170921	-0.685097090484	0.190967080437
9.92992992993	0.904639509812	-0.613428734267	0.291210775545
9.93993993994	0.929637501083	-0.536304643237	0.393332857845
9.94994994995	0.95095929154	-0.454410746445	0.496548545095
9.95995995996	0.968520565327	-0.36847539481	0.600045170516
9.96996996997	0.982251877342	-0.279262883293	0.702988994049
9.97997997998	0.992098927861	-0.187566653376	0.804532274485
9.98998998999	0.99802277726	-0.0942022363276	0.903820540933
10.0	1.0	-1.0779367755e-14	1.0
