System params: f_X=1, f_Y=1, A_X=1, A_Y=1, phi=2.36, dt=0.01, N=1000

t	X	Y	Z
0.0	1.0	0.70441076577	1.70441076577
0.01001001001	0.99802277726	0.65840519137	1.65642796863
0.02002002002	0.992098927861	0.609795989537	1.6018949174
0.03003003003	0.982251877342	0.55877538271	1.54102726005
0.04004004004	0.968520565327	0.505545129096	1.47406569442
0.0500500500501	0.95095929154	0.450315724833	1.40127501637
0.0600600600601	0.929637501083	0.393305571587	1.32294307267
0.0700700700701	0.904639509812	0.334740112902	1.23937962271
0.0800800800801	0.876064170921	0.274850942691	1.15091511361
0.0900900900901	0.84402448403	0.213874889412	1.05789937344
0.1001001001	0.808647148334	0.152053079543	0.960700227877
0.11011011011	0.770072061578	0.0896299840617	0.859702045639
0.12012012012	0.728451766839	0.0268524516949	0.755304218534
0.13013013013	0.683950849304	-0.0360312672282	0.647919582076
0.14014014014	0.636745285425	-0.0987725024695	0.537972782956
0.15015015015	0.587021747031	-0.161123147235	0.425898599796
0.16016016016	0.534976863143	-0.222836639299	0.312140223844
0.17017017017	0.480816442417	-0.283668936023	0.197147506394
0.18018018018	0.424754659284	-0.343379479404	0.0813751798797
0.19019019019	0.367013207009	-0.401732147356	-0.0347189403472
0.2002002002	0.307820421017	-0.458496187434	-0.150675766417
0.21021021021	0.247410375952	-0.513447129336	-0.266036753384
0.22022022022	0.186021960045	-0.566367672559	-0.380345712514
0.23023023023	0.123897930438	-0.617048545699	-0.493150615261
0.24024024024	0.0612839532213	-0.665289334008	-0.604005380787
0.25025025025	-0.00157236804758	-0.710899271917	-0.712471639965
0.26026026026	-0.0644224714728	-0.753697997415	-0.818120468887
0.27027027027	-0.127017819747	-0.793516265273	-0.92053408502
0.28028028028	-0.189110882978	-0.830196616324	-1.0193074993
0.29029029029	-0.250456117533	-0.863594000119	-1.11405011765
0.3003003003	-0.310810937026	-0.893576348524	-1.20438728555
0.31031031031	-0.369936671614	-0.920025097977	-1.28996176959
0.32032032032	-0.427599511804	-0.942835658341	-1.37043517015
0.33033033033	-0.483571433037	-0.961917826499	-1.44548925954
0.34034034034	-0.537631097403	-0.977196143055	-1.51482724046
0.35035035035	-0.589564728906	-0.988610190742	-1.57817491965
0.36036036036	-0.639166958833	-0.996114833329	-1.63528179216
0.37037037037	-0.686241637869	-0.999680394117	-1.68592203199
0.38038038038	-0.730602611762	-0.99929277329	-1.72989538505
0.39039039039	-0.77207445746	-0.994953503673	-1.76702796113
0.4004004004	-0.81049317681	-0.986679744671	-1.79717292148
0.41041041041	-0.845706845082	-0.974504214414	-1.8202110595
0.42042042042	-0.877576211743	-0.958475060371	-1.83605127211
0.43043043043	-0.90597525112	-0.938655668959	-1.84463092008
0.44044044044	-0.930791660762	-0.915124414881	-1.84591607564
0.45045045045	-0.951927305529	-0.887974351197	-1.83990165673
0.46046046046	-0.969298605666	-0.857312841355	-1.82661144702
0.47047047047	-0.982836867314	-0.823261134622	-1.80609800194
0.48048048048	-0.992488554155	-0.785953886618	-1.77844244077
0.49049049049	-0.99821549912	-0.74553862682	-1.74375412594
0.500500500501	-0.999995055317	-0.70217517517	-1.70217023049
0.510510510511	-0.997820185589	-0.656035010072	-1.65385519566
0.520520520521	-0.991699490339	-0.607300590295	-1.59900008063
0.530530530531	-0.981657173522	-0.556164633444	-1.53782180697
0.540540540541	-0.967732946933	-0.502829353873	-1.47056230081
0.550550550551	-0.949981873168	-0.447505663036	-1.3974875362
0.560560560561	-0.928474147879	-0.390412335453	-1.31888648333
0.570570570571	-0.903294822193	-0.331775143576	-1.23506996577
0.580580580581	-0.874543466381	-0.271825964981	-1.14636943136
0.590590590591	-0.842333776112	-0.210801865429	-1.05313564154
0.600600600601	-0.80679312285	-0.148944161392	-0.955737284243
0.610610610611	-0.768062050171	-0.0864974657904	-0.854559515962
0.620620620621	-0.72629371799	-0.0237087206759	-0.750002438666
0.630630630631	-0.6816532969	0.039173779282	-0.642479517618
0.640640640641	-0.634317315011	0.101901368666	-0.532415946345
0.650650650651	-0.584472959883	0.164225994642	-0.42024696524
0.660660660661	-0.532317338301	0.225901197877	-0.306416140424
0.670670670671	-0.478056696828	0.286683087141	-0.191373609686
0.680680680681	-0.421905606211	0.346331303767	-0.075574302443
0.690690690691	-0.364086112876	0.404609972135	0.0405238592589
0.700700700701	-0.304826860859	0.461288632428	0.156461771569
0.710710710711	-0.24436218764	0.516143151973	0.271780964333
0.720720720721	-0.182931197472	0.568956611565	0.386025414092
0.730730730731	-0.120776815858	0.619520163256	0.498743347398
0.740740740741	-0.0581448289105	0.667633856238	0.609489027328
0.750750750751	0.00471708859303	0.713107427536	0.717824516129
0.760760760761	0.0675603526269	0.755761054391	0.823321407017
0.770770770771	0.13013645293	0.79542606536	0.92556251829
0.780780780781	0.192197935725	0.831945607322	1.02414354305
0.790790790791	0.253499382261	0.865175265738	1.118674648
0.800800800801	0.313798379312	0.894983635735	1.20878201505
0.810810810811	0.37285647778	0.921252841741	1.29410931952
0.820820820821	0.430440135636	0.943879003611	1.37431913925
0.830830830831	0.486321641442	0.962772647422	1.44909428886
0.840840840841	0.540280014833	0.977859059291	1.51813907412
0.850850850851	0.592101880361	0.989078580823	1.58118046118
0.860860860861	0.641582311285	0.996386845032	1.63796915632
0.870870870871	0.688525639939	0.999754951787	1.68828059173
0.880880880881	0.732746231489	0.999169582092	1.73191581358
0.890890890891	0.774069218016	0.99463305076	1.76870226878
0.900900900901	0.812331190024	0.986163297258	1.79849448728
0.910910910911	0.847380842629	0.973793814763	1.82117465739
0.920920920921	0.879079573893	0.957573517719	1.83665309161
0.930930930931	0.907302032909	0.937566548408	1.84486858132
0.940940940941	0.931936615503	0.913852023297	1.8457886388
0.950950950951	0.952885905561	0.886523720184	1.83940962575
0.960960960961	0.970067060258	0.855689707354	1.82575676761
0.970970970971	0.983412137654	0.821471916229	1.80488405388
0.980980980981	0.992868365367	0.784005659199	1.77687402457
0.990990990991	0.998398349262	0.743439094534	1.7418374438
1.001001001	0.999980221319	0.699932640503	1.69991286182
1.01101101101	0.99760772611	0.653658341005	1.65126606711
1.02102102102	0.991290245538	0.604799185236	1.59608943077
1.03103103103	0.981052761736	0.553548384064	1.5346011458
1.04104104104	0.966935758276	0.500108605986	1.46704436426
1.05105105105	0.948995060078	0.444691175692	1.39368623577
1.06106106106	0.927301612655	0.387515238389	1.31481685104
1.07107107107	0.901941201561	0.328806893204	1.23074809477
1.08108108108	0.873014113161	0.268798299086	1.14181241225
1.09109109109	0.840634738048	0.207726756749	1.0483614948
1.1011011011	0.804931118695	0.145833770278	0.950764888974
1.11111111111	0.766044443119	0.0833640921141	0.849408535233
1.12112112112	0.724128486558	0.0205647551926	0.744693241751
1.13113113113	0.679349003377	-0.042315903932	0.637033099445
1.14114114114	0.6318830716	-0.105029227122	0.526853844479
1.15115115115	0.581918392668	-0.167327217959	0.414591174709
1.16116116116	0.529652549179	-0.228963522436	0.300689026743
1.17117117117	0.475292223561	-0.289694403146	0.185597820415
1.18118118118	0.419052380758	-0.349279703134	0.0697726776245
1.19119119119	0.361155418163	-0.407483795578	-0.0463283774154
1.2012012012	0.301830286157	-0.46407651557	-0.162246229413
1.21121121121	0.241311582741	-0.518834070282	-0.277522487542
1.22122122122	0.179838625827	-0.571539923951	-0.391701298124
1.23123123123	0.117654506872	-0.621985654151	-0.504331147279
1.24124124124	0.0550051295842	-0.669971775993	-0.614966646409
1.25125125125	-0.00786176248947	-0.715308530975	-0.723170293464
1.26126126126	-0.070697565652	-0.757816637369	-0.828514203021
1.27127127127	-0.133253799146	-0.797327999189	-0.930581798334
1.28128128128	-0.195283087756	-0.833686370906	-1.02896945866
1.29129129129	-0.256540140042	-0.866747975323	-1.12328811536
1.3013013013	-0.316782718332	-0.896382072127	-1.21316479046
1.31131131131	-0.375772596633	-0.922471474898	-1.29824407153
1.32132132132	-0.433276502688	-0.944913014516	-1.3781895172
1.33133133133	-0.489067040436	-0.963617947136	-1.45268498757
1.34134134134	-0.542923589236	-0.97851230512	-1.52143589436
1.35135135135	-0.594633176304	-0.989537189544	-1.58417036585
1.36136136136	-0.643991318896	-0.996649003102	-1.640640322
1.37137137137	-0.690802832929	-0.999819622515	-1.69062245544
1.38138138138	-0.734882604821	-0.999036509742	-1.73391911456
1.39139139139	-0.77605632352	-0.994302761559	-1.77035908508
1.4014014014	-0.814161169798	-0.985637097316	-1.79979826711
1.41141141141	-0.849046460119	-0.973073784909	-1.82212024503
1.42142142142	-0.880574242504	-0.956662505273	-1.83723674778
1.43143143143	-0.908619842057	-0.936468155918	-1.84508799797
1.44144144144	-0.933072353983	-0.912570594297	-1.84564294828
1.45145145145	-0.953835082157	-0.885064322015	-1.83889940417
1.46146146146	-0.970825921502	-0.854058111126	-1.82488403263
1.47147147147	-0.983977682672	-0.819674574001	-1.80365225667
1.48148148148	-0.993238357742	-0.782049678462	-1.7752880362
1.49149149149	-0.998571325879	-0.741332210107	-1.73990353599
1.5015015015	-0.99995549815	-0.697683183946	-1.6976386821
1.51151151151	-0.997385400923	-0.651275207672	-1.6486606086
1.52152152152	-0.990871197506	-0.602291799098	-1.5931629966
1.53153153153	-0.980438647961	-0.550926660441	-1.5313653084
1.54154154154	-0.966129007238	-0.497382912343	-1.46351191958
1.55155155155	-0.947998862029	-0.441872290635	-1.38987115266
1.56156156156	-0.926119907006	-0.384614309045	-1.31073421605
1.57157157157	-0.900578661304	-0.32583539114	-1.22641405244
1.58158158158	-0.871476126386	-0.265767974945	-1.13724410133
1.59159159159	-0.83892738664	-0.204649593784	-1.04357698042
1.6016016016	-0.803061154282	-0.142721936961	-0.945783091243
1.61161161161	-0.764019260373	-0.0802298940199	-0.844249154393
1.62162162162	-0.721956093955	-0.0174205863371	-0.739376680292
1.63163163163	-0.677037991524	0.0454576101046	-0.631580381419
1.64164164164	-0.629442579268	0.108156046906	-0.521286532363
1.65165165165	-0.57935807065	0.170426786516	-0.408931284135
1.66166166166	-0.526982522129	0.23202358269	-0.294958939439
1.67167167167	-0.472523049956	0.292702854257	-0.179820195699
1.68168168168	-0.416195011144	0.352224648346	-0.0639703627985
1.69169169169	-0.358221151852	0.410353589266	0.0521324374136
1.7017017017	-0.298830726545	0.46685980929	0.168029082744
1.71171171171	-0.238258591423	0.521519857652	0.283261266228
1.72172172172	-0.176744275691	0.57411758417	0.397373308479
1.73173173173	-0.114531034357	0.624444994003	0.509913959646
1.74174174174	-0.0518648862921	0.672303070153	0.620438183861
1.75175175175	0.0110063586381	0.717502560466	0.728508919104
1.76176176176	0.0738340795231	0.759864726023	0.833698805546
1.77177177177	0.136369827566	0.799222047949	0.935591875515
1.78178178178	0.198366308561	0.835418889861	1.03378519842
1.79179179179	0.259578360804	0.86831211332	1.12789047412
1.8018018018	0.319763924571	0.897771643869	1.21753556844
1.81181181181	0.378684999333	0.923680985399	1.30236598473
1.82182182182	0.436108584911	0.945937680832	1.38204626574
1.83183183183	0.491807602866	0.964453717279	1.45626132015
1.84184184184	0.54556179447	0.979155874085	1.52471766856
1.85185185185	0.597158591703	0.989986012371	1.58714460407
1.86186186186	0.646393957842	0.996901304945	1.64329526279
1.87187187187	0.693073194316	0.999874405661	1.69294759998
1.88188188188	0.737011710631	0.998893557554	1.73590526819
1.89189189189	0.778035754318	0.993962639334	1.77199839365
1.9019019019	0.815983098035	0.985101150049	1.80108424808
1.91191191191	0.850703681078	0.972344131974	1.82304781305
1.92192192192	0.882060202795	0.955742032042	1.83780223484
1.93193193193	0.909928665531	0.935360502353	1.84528916788
1.94194194194	0.934198864969	0.911280140553	1.84547900552
1.95195195195	0.954774825929	0.883596171121	1.83837099705
1.96196196196	0.971575181895	0.852418068805	1.8239932507
1.97197197197	0.984533496775	0.817869125711	1.80240262249
1.98198198198	0.99359852762	0.78008596375	1.77368449137
1.99199199199	0.998734427259	0.739217994376	1.73795242163
2.002002002	0.999920886057	0.695426827746	1.6953477138
2.01201201201	0.997153212228	0.648885633641	1.64603884587
2.02202202202	0.990442350387	0.599778456675	1.59022080706
2.03203203203	0.979814838271	0.548299488503	1.52811432677
2.04204204204	0.965312701797	0.494652299898	1.45996500169
2.05205205205	0.946993288874	0.439049035741	1.38604232461
2.06206206206	0.92492904262	0.38170957611	1.30663861873
2.07207207207	0.899207214896	0.322860666771	1.22206788167
2.08208208208	0.869929521266	0.262735022529	1.13266454379
2.09209209209	0.837211738773	0.201570406964	1.03878214574
2.1021021021	0.801183248104	0.139608692214	0.940791940318
2.11211211211	0.761986521963	0.0770949025029	0.839081424465
2.12212212212	0.719776561664	0.0142762452029	0.734052806867
2.13213213213	0.674720284195	-0.0485988667303	0.626121417464
2.14214214214	0.626995862148	-0.111281797095	0.515714065053
2.15215215215	0.576792019149	-0.17352466966	0.403267349489
2.16216216216	0.524307283557	-0.235081348379	0.289225935178
2.17217217217	0.469749203398	-0.295708410723	0.174040792675
2.18218218218	0.413333525626	-0.35516611028	0.0581674153463
2.19219219219	0.355283342961	-0.413219324817	-0.0579359818552
2.2022022022	0.295828211688	-0.469638486063	-0.173810274375
2.21221221221	0.235203243879	-0.524200487521	-0.288997243641
2.22222222222	0.173648177667	-0.576689566731	-0.403041389064
2.23223223223	0.111406429203	-0.626898158491	-0.515491729288
2.24224224224	0.0487241300892	-0.674627715662	-0.625903585573
2.25225225225	-0.0141508459408	-0.719689494313	-0.733840340254
2.26226226226	-0.076969863222	-0.761905300097	-0.838875163319
2.27227227227	-0.139484507376	-0.801108192911	-0.940592700286
2.28228228228	-0.20144756765	-0.837143147053	-1.0385907147
2.29229229229	-0.2626140145	-0.869867664262	-1.13248167876
2.3023023023	-0.322741968549	-0.899152337219	-1.22189430577
2.31231231231	-0.381593657079	-0.924881361281	-1.30647501836
2.32232232232	-0.438936354296	-0.946952992424	-1.38588934672
2.33233233233	-0.494543301632	-0.965279949588	-1.45982325122
2.34234234234	-0.548194604445	-0.979789759819	-1.52798436426
2.35235235235	-0.599678101582	-0.990425044864	-1.59010314645
2.36236236236	-0.648790204361	-0.997143748068	-1.64593395243
2.37237237237	-0.69533670165	-0.999919300685	-1.69525600234
2.38238238238	-0.739133527863	-0.998740726944	-1.73787425481
2.39239239239	-0.780007490838	-0.99361268745	-1.77362017829
2.4024024024	-0.817796956717	-0.984555460757	-1.80235241747
2.41241241241	-0.852352489117	-0.971604863172	-1.82395735229
2.42242242242	-0.88353744007	-0.954812107129	-1.8383495472
2.43243243243	-0.911228490388	-0.934243598666	-1.84547208905
2.44244244244	-0.935316137322	-0.909980674827	-1.84529681215
2.45245245245	-0.955705127584	-0.882119282023	-1.83782440961
2.46246246246	-0.972314834025	-0.850769596611	-1.82308443064
2.47247247247	-0.985079574467	-0.816055589215	-1.80113516368
2.48248248248	-0.993948871439	-0.778114534483	-1.77206340592
2.49249249249	-0.998887651789	-0.737096468248	-1.73598412004
2.5025025025	-0.999876385381	-0.693163594216	-1.6930399796
2.51251251251	-0.996911162321	-0.646489642543	-1.64340080486
2.52252252252	-0.990003708422	-0.597259182825	-1.58726289125
2.53253253253	-0.979181338833	-0.545666894232	-1.52484823307
2.54254254254	-0.964486850027	-0.491916795656	-1.45640364568
2.55255255255	-0.945978350556	-0.436221438931	-1.38219978949
2.56256256256	-0.923729031273	-0.37880106831	-1.30253009958
2.57257257257	-0.897826875899	-0.319882749516	-1.21770962541
2.58258258258	-0.868374313094	-0.259699471829	-1.12807378492
2.59259259259	-0.835487811413	-0.19848922674	-1.03397703815
2.6026026026	-0.799297418733	-0.136494066826	-0.935791485559
2.61261261261	-0.759946247989	-0.0739591485663	-0.833905396555
2.62262262262	-0.71758991124	-0.0111317628858	-0.728721674126
2.63263263263	-0.67239590431	0.051739642744	-0.620656261566
2.64264264264	-0.624542944437	0.114406446778	-0.51013649766
2.65265265265	-0.574220263541	0.176620836755	-0.397599426786
2.66266266266	-0.521626859919	0.238136789263	-0.283490070656
2.67267267267	-0.466970711319	0.298711042821	-0.168259668498
2.68268268268	-0.410467952501	0.358104059846	-0.0523638926552
2.69269269269	-0.352342020544	0.416080973891	0.0637389533466
2.7027027027	-0.292822771277	0.472412518409	0.179589747133
2.71271271271	-0.232145570325	0.52687593338	0.294730363055
2.72272272272	-0.170550362372	0.579255846198	0.408705483825
2.73273273273	-0.10828072231	0.629345123354	0.521064401043
2.74274274274	-0.0455828920356	0.676945689531	0.631362797496
2.75275275275	0.0172951933006	0.721869310887	0.739164504188
2.76276276276	0.0801048857378	0.763938339411	0.844043225148
2.77277277277	0.142597807772	0.802986415421	0.945584223193
2.78278278278	0.204526834549	0.838859125431	1.04338595998
2.79279279279	0.265647071111	0.871414612765	1.13706168388
2.8028028028	0.325716820813	0.900524138523	1.22624095934
2.81281281281	0.384498541105	0.926072590673	1.31057113178
2.82282282282	0.44175978288	0.947958939253	1.38971872213
2.83283283283	0.497274109679	0.966096635891	1.46337074557
2.84284284284	0.550821993122	0.980413956055	1.53123594918
2.85285285285	0.602191681025	0.990854282683	1.59304596371
2.86286286286	0.651180034758	0.997376330072	1.64855636483
2.87287287287	0.697593332546	0.999954307141	1.69754763969
2.88288288288	0.741248035533	0.998578019422	1.73982605496
2.89289289289	0.781971513578	0.993252909368	1.77522442295
2.9029029029	0.819602727906	0.984000034836	1.80360276274
2.91291291291	0.853992867932	0.970855985816	1.82484885375
2.92292292292	0.885005939722	0.953872739731	1.83887867945
2.93293293293	0.912519303774	0.933117455903	1.84563675968
2.94294294294	0.936424159991	0.90867220997	1.84509636996
2.95295295295	0.956625977922	0.880633669324	1.83725964725
2.96296296296	0.97304487058	0.849112710846	1.82215758143
2.97297297297	0.985615910348	0.814233982447	1.79984989279
2.98298298298	0.994289385735	0.776135410157	1.77042479589
2.99299299299	0.999030997955	0.734967652703	1.73399865066
3.003003003	0.999821996562	0.690893505738	1.6907155023
3.01301301301	0.996659253595	0.644087258072	1.64074651167
3.02302302302	0.989555275949	0.59473400246	1.58428927841
3.03303303303	0.978538155914	0.543028903662	1.52156705958
3.04304304304	0.963651460093	0.489176426669	1.45282788676
3.05305305305	0.944954057113	0.433389528168	1.37834358528
3.06306306306	0.922519884832	0.375888814407	1.29840869924
3.07307307307	0.896437657964	0.316901668823	1.21333932679
3.08308308308	0.866810517252	0.256661352867	1.12347187012
3.09309309309	0.833755621609	0.195406083584	1.02916170519
3.1031031031	0.797403684817	0.133378091598	0.930781776415
3.11311311311	0.757898458629	0.0708226632206	0.82872112185
3.12312312312	0.715396164307	0.00798717048264	0.72338333479
3.13313313313	0.670064874858	-0.0548799070855	0.615184967772
3.14314314314	0.622083850393	-0.117529965053	0.50455388534
3.15315315315	0.571642829258	-0.179715257182	0.391927572077
3.16316316316	0.518941277722	-0.241189875124	0.277751402598
3.17317317317	0.464187601196	-0.301710720856	0.162476880341
3.18318318318	0.407598320109	-0.361038467991	0.0465598521185
3.19319319319	0.349397213688	-0.418938508188	-0.0695412945003
3.2032032032	0.289814435034	-0.475181878896	-0.185367443861
3.21321321321	0.229085600998	-0.529546168771	-0.300460567772
3.22322322322	0.167450860443	-0.581816397192	-0.414365536749
3.23323323323	0.10515394459	-0.631785864393	-0.526631919803
3.24324324324	0.0424412031961	-0.679256968838	-0.636815765641
3.25325325325	-0.0204393696219	-0.724041988633	-0.744481358255
3.26326326326	-0.0832391160672	-0.76596382386	-0.849202939927
3.27327327327	-0.145709697966	-0.804856696906	-0.950566394872
3.28328328328	-0.207604078809	-0.840566808025	-1.04817088683
3.29329329329	-0.268677500641	-0.872952943531	-1.14163044417
3.3033033033	-0.328688451945	-0.901887034216	-1.23057548616
3.31331331331	-0.387399622686	-0.927254661795	-1.31465428448
3.32332332332	-0.44457884274	-0.94895551137	-1.39353435411
3.33333333333	-0.5	-0.966903768112	-1.46690376811
3.34334334334	-0.55344393452	-0.981028456619	-1.53447239114
3.35335335335	-0.604699305175	-0.991273721582	-1.59597302676
3.36336336336	-0.653563425397	-0.997599048657	-1.65116247405
3.37337337337	-0.699843064686	-0.999979424685	-1.69982248937
3.38338338338	-0.743355212731	-0.998405436597	-1.74176064933
3.39339339339	-0.783927803117	-0.992883308644	-1.77681111176
3.4034034034	-0.821400393745	-0.98343487778	-1.80483527152
3.41341341341	-0.855624801299	-0.970097507309	-1.82572230861
3.42342342342	-0.886465687226	-0.952923939137	-1.83938962636
3.43343343343	-0.913801092924	-0.931982085201	-1.84578317812
3.44344344344	-0.937522922021	-0.907354758922	-1.84487768094
3.45345345345	-0.957537367837	-0.879139347718	-1.83667671555
3.46346346346	-0.973765284338	-0.847447427895	-1.82121271223
3.47347347347	-0.986142499113	-0.812404323422	-1.79854682253
3.48348348348	-0.99462006714	-0.774148610345	-1.76876867748
3.49349349349	-0.999164464339	-0.732831568795	-1.73199603313
3.5035035035	-0.999757720139	-0.688616584762	-1.6883743049
3.51351351351	-0.996397488543	-0.641678503988	-1.63807599253
3.52352352352	-0.989097057402	-0.592202940554	-1.58129999796
3.53353353353	-0.977885295874	-0.54038554288	-1.51827083875
3.54354354354	-0.962806540259	-0.486431220039	-1.4492377603
3.55355355355	-0.943920418674	-0.430553331458	-1.37447375013
3.56356356356	-0.921301615256	-0.372972843203	-1.29427445846
3.57357357357	-0.89503957483	-0.313917454173	-1.208957029
3.58358358358	-0.865238149205	-0.253620695687	-1.11885884489
3.59359359359	-0.832015186492	-0.192321007986	-1.02433619448
3.6036036036	-0.795502065086	-0.130260797346	-0.925762862431
3.61361361361	-0.755843174135	-0.0676854774838	-0.823528651618
3.62362362362	-0.713195342561	-0.00484249909141	-0.718037841652
3.63363363363	-0.667727218889	0.0580196286996	-0.609707590189
3.64364364364	-0.619618604335	0.120652321032	-0.498966283302
3.65365365365	-0.569059741792	0.182807900339	-0.386251841452
3.66366366366	-0.516250563526	0.244240575771	-0.272009987754
3.67367367367	-0.461399900552	0.304707415163	-0.156692485389
3.68368368368	-0.404724656828	0.363969305694	-0.0407553511344
3.69369369369	-0.346448951515	0.421791899449	0.0753429479348
3.7037037037	-0.286803232711	0.477946540135	0.191143307424
3.71371371371	-0.22602336616	0.532211167286	0.306187801125
3.72372372372	-0.164349702531	0.584371194392	0.420021491861
3.73373373373	-0.102026126964	0.634220357471	0.532194230507
3.74374374374	-0.0392990946401	0.681561530724	0.642262436084
3.75375375375	0.0235833438109	0.726207506063	0.749790849874
3.76376376376	0.0863725232145	0.767981733413	0.854354256627
3.77377377377	0.148820147184	0.806719018869	0.955539166053
3.78378378378	0.210679269996	0.842266177947	1.05294544794
3.79379379379	0.27170527312	0.874482641347	1.14618791447
3.8038038038	0.331656832556	0.903241010818	1.23489784337
3.81381381381	0.39029687313	0.928427562958	1.31872443609
3.82382382382	0.447393505998	0.949942698919	1.39733620492
3.83383383383	0.502720945639	0.967701338268	1.47042228391
3.84384384384	0.556060402709	0.981633255435	1.53769365814
3.85385385385	0.607200949233	0.991683357413	1.59888430665
3.86386386386	0.655940352709	0.997811901621	1.65375225433
3.87387387387	0.702085875823	0.999994653066	1.70208052889
3.88388388388	0.745455038618	0.998222980176	1.74367801879
3.89389389389	0.785876340107	0.992503888935	1.77838022904
3.9039039039	0.823189936455	0.982859995177	1.80604993163
3.91391391391	0.85724827308	0.969329435155	1.82657770824
3.92392392392	0.887916668148	0.95196571473	1.83988238288
3.93393393393	0.915073845161	0.930837497788	1.84591134295
3.94394394394	0.938612412544	0.906028334711	1.84464074725
3.95395395395	0.958439288315	0.877636331981	1.8360756203
3.96396396396	0.974476068176	0.845773764227	1.8202498324
3.97397397397	0.986659335554	0.810566630234	1.79722596579
3.98398398398	0.994940912384	0.772154154694	1.76709506708
3.99399399399	0.99928804962	0.730688237649	1.72997628727
4.004004004	0.999683556747	0.686332853805	1.68601641055
4.01401401401	0.996125869751	0.63926340411	1.63538927386
4.02402402402	0.988629057313	0.589666022137	1.57829507945
4.03403403403	0.977222765169	0.537736838028	1.5149596032
4.04404404404	0.96195209888	0.483681202912	1.44563330179
4.05405405405	0.942877445461	0.427712876849	1.37059032231
4.06406406406	0.920074234591	0.370053183534	1.29012741812
4.07407407407	0.893632640323	0.31093013508	1.2045627754
4.08408408408	0.863657224501	0.250577530359	1.11423475486
4.09409409409	0.830266523272	0.189234030456	1.01950055373
4.1041041041	0.793592578344	0.127142214897	0.92073479324
4.11411411411	0.753780414831	0.0645476223806	0.818328037212
4.12412412412	0.710987467765	0.00169777981093	0.712685247576
4.13413413413	0.665382959521	-0.0611587765364	0.604224182985
4.14414414414	0.617147230641	-0.123773483836	0.493373746805
4.15415415415	0.566471026685	-0.185898735643	0.380572291043
4.16416416416	0.513554743939	-0.247288861034	0.266265882904
4.17417417417	0.458607636956	-0.307701096107	0.150906540849
4.18418418418	0.401846991078	-0.366896543972	0.0349504471057
4.19419419419	0.343497263182	-0.424641119457	-0.0811438562753
4.2042042042	0.283789194086	-0.480706474787	-0.196917280701
4.21421421421	0.222958896095	-0.534870902571	-0.311912006476
4.22422422422	0.161246919305	-0.586920212532	-0.425673293227
4.23423423423	0.0988973003642	-0.636648578512	-0.537751278148
4.24424424424	0.036156597441	-0.683859352399	-0.647702754958
4.25425425425	-0.0267270847755	-0.728365841761	-0.755092926537
4.26426426426	-0.0895050761925	-0.769992048114	-0.859497124306
4.27427427427	-0.151929124666	-0.808573362892	-0.960502487558
4.28428428428	-0.213752377698	-0.843957218392	-1.05770959609
4.29429429429	-0.274730358608	-0.876003691084	-1.15073404969
4.3043043043	-0.334621933292	-0.90458605494	-1.23920798823
4.31431431431	-0.393190263785	-0.929591282561	-1.32278154635
4.32432432432	-0.450203744818	-0.950920492137	-1.40112423696
4.33433433433	-0.505436919686	-0.968489338472	-1.47392625816
4.34434434434	-0.558671371813	-0.982228346521	-1.54089971833
4.35435435435	-0.609696588459	-0.992083186125	-1.60177977458
4.36436436436	-0.658310793188	-0.998014886859	-1.65632568005
4.37437437437	-0.704321743776	-0.999999992136	-1.70432173591
4.38438438438	-0.747547492428	-0.998030651964	-1.74557814439
4.39439439439	-0.787817105279	-0.992114653993	-1.77993175927
4.4044044044	-0.824971338339	-0.982275392713	-1.80724673105
4.41441441441	-0.85886326722	-0.968551776948	-1.82741504417
4.42442442442	-0.889358868137	-0.950998075986	-1.84035694412
4.43443443443	-0.916337547898	-0.929683704983	-1.84602125288
4.44444444444	-0.939692620786	-0.904692950455	-1.84438557124
4.45445445445	-0.959331730437	-0.876124636979	-1.83545636742
4.46446446446	-0.975177215064	-0.844091736393	-1.81926895146
4.47447447447	-0.987166414562	-0.808720921057	-1.79588733562
4.48448448448	-0.995251918294	-0.77015206293	-1.76540398122
4.49449449449	-0.999401752577	-0.728537680459	-1.72793943304
4.5045045045	-0.999599507118	-0.684042335452	-1.68364184257
4.51451451451	-0.995844399907	-0.636841982323	-1.63268638223
4.52452452452	-0.988151280311	-0.587123272297	-1.57527455261
4.53453453453	-0.976550570352	-0.535082815301	-1.51163338565
4.54454454454	-0.961088144404	-0.480926402485	-1.44201454689
4.55455455455	-0.941825147789	-0.424868192431	-1.36669334022
4.56456456456	-0.918837754976	-0.367129864274	-1.28596761925
4.57457457457	-0.892216868357	-0.307939741084	-1.20015660944
4.58458458458	-0.862067758776	-0.247531886978	-1.10959964575
4.59459459459	-0.828509649244	-0.186145181521	-1.01465483076
4.6046046046	-0.791675243475	-0.124022375092	-0.915697618567
4.61461461461	-0.751710201118	-0.0614091289423	-0.81311933006
4.62462462462	-0.708772561755	0.00144695625951	-0.707325605495
4.63463463463	-0.663032119939	0.0642973195517	-0.598734800387
4.64464464464	-0.614669753754	0.126893422599	-0.487776331155
4.65465465465	-0.56387670954	0.188987732526	-0.374888977015
4.66466466466	-0.510853845621	0.250334700767	-0.260519144854
4.67467467467	-0.455810838022	0.310691734083	-0.145119103939
4.68468468468	-0.398965351315	0.369820153876	-0.0291451974393
4.69469469469	-0.340542177879	0.427486140033	0.0869439621546
4.7047047047	-0.280772348966	0.483461655557	0.20268930659
4.71471471471	-0.219892221108	0.537525348322	0.317633127214
4.72472472472	-0.158142541449	0.589463426403	0.431320884954
4.73473473473	-0.095767495733	0.639070503503	0.54330300777
4.74474474474	-0.0330137426761	0.686150411139	0.653136668463
4.75475475475	0.0298705614263	0.730516974384	0.760387535811
4.76476476476	0.092636744022	0.771994748082	0.864631492105
4.77477477477	0.155036599664	0.810419710639	0.965456310303
4.78478478478	0.216823371526	0.845639912635	1.06246328416
4.79479479479	0.277752727186	0.877516077701	1.15526880489
4.8048048048	0.33758372483	0.905922153281	1.24350587811
4.81481481481	0.396079766039	0.930745809097	1.32682557514
4.82482482482	0.453009531408	0.951888881356	1.40489841276
4.83483483483	0.508147895284	0.969267760932	1.47741565622
4.84484484484	0.561276816012	0.982813723992	1.54409054
4.85485485485	0.612186198173	0.992473203765	1.60465940194
4.86486486486	0.66067472339	0.998208002364	1.65888272575
4.87487487487	0.706550646434	0.99999544184	1.70654608827
4.88488488488	0.749632553468	0.997828453863	1.74746100733
4.89489489489	0.78975007944	0.991715607667	1.78146568711
4.9049049049	0.826744581781	0.981681076169	1.80842565795
4.91491491491	0.860469767748	0.967764540378	1.82823430813
4.92492492492	0.890792272932	0.950021032476	1.84081330541
4.93493493493	0.917592188639	0.928520718196	1.84611290684
4.94494494494	0.940763536065	0.90334861936	1.84411215542
4.95495495495	0.960214685378	0.87460427766	1.83481896304
4.96496496496	0.975868718069	0.842401361028	1.8182700791
4.97497497497	0.98766373112	0.806867214143	1.79453094526
4.98498498498	0.995553081795	0.76814235485	1.76369543664
4.99499499499	0.999505572086	0.726379918494	1.72588549058
5.00500500501	0.999505572086	0.681745052354	1.68125062444
5.01501501502	0.995553081795	0.634414262574	1.62996734437
5.02502502503	0.98766373112	0.584574716181	1.5722384473
5.03503503504	0.975868718069	0.532423500944	1.50829221901
5.04504504505	0.960214685378	0.478166846001	1.43838153138
5.05505505506	0.940763536065	0.422019306336	1.3627828424
5.06506506507	0.917592188639	0.364202914332	1.28179510297
5.07507507508	0.890792272932	0.304946301761	1.19573857469
5.08508508509	0.860469767748	0.244483795665	1.10495356341
5.0950950951	0.826744581781	0.183054491728	1.00979907351
5.10510510511	0.78975007944	0.120901308785	0.910651388225
5.11511511512	0.749632553468	0.0582700282068	0.807902581675
5.12512512513	0.706550646434	-0.00459167802046	0.701958968413
5.13513513514	0.66067472339	-0.0674352267074	0.593239496683
5.14514514515	0.612186198173	-0.130012106467	0.482174091706
5.15515515516	0.561276816012	-0.19207486044	0.369201955573
5.16516516517	0.508147895284	-0.253378064849	0.254769830435
5.17517517518	0.453009531408	-0.313679299515	0.139330231893
5.18518518519	0.396079766039	-0.372740106494	0.0233396595454
5.1951951952	0.33758372483	-0.430326933043	-0.0927432082133
5.20520520521	0.277752727186	-0.486212055197	-0.208459328012
5.21521521522	0.216823371526	-0.540174478288	-0.323351106763
5.22522522523	0.155036599664	-0.592000810855	-0.436964211191
5.23523523524	0.092636744022	-0.641486108492	-0.54884936447
5.24524524525	0.0298705614263	-0.688434684288	-0.658564122862
5.25525525526	-0.0330137426761	-0.732660882658	-0.765674625334
5.26526526527	-0.095767495733	-0.773989813513	-0.869757309246
5.27527527528	-0.158142541449	-0.812258043849	-0.970400585299
5.28528528529	-0.219892221108	-0.847314244036	-1.06720646514
5.2952952953	-0.280772348966	-0.879019786241	-1.15979213521
5.30530530531	-0.340542177879	-0.907249292626	-1.24779147051
5.31531531532	-0.398965351315	-0.931891131148	-1.33085648246
5.32532532533	-0.455810838022	-0.952847856999	-1.40865869502
5.33533533534	-0.510853845621	-0.970036597949	-1.48089044357
5.34534534535	-0.56387670954	-0.98338938206	-1.5472660916
5.35535535536	-0.614669753754	-0.992853406475	-1.60752316023
5.36536536537	-0.663032119939	-0.998391246225	-1.66142336616
5.37537537538	-0.708772561755	-0.999981002225	-1.70875356398
5.38538538539	-0.751710201118	-0.997616387871	-1.74932658899
5.3953953954	-0.791675243475	-0.991306753903	-1.78298199738
5.40540540541	-0.828509649244	-0.981077051423	-1.80958670067
5.41541541542	-0.862067758776	-0.966967733232	-1.82903549201
5.42542542543	-0.892216868357	-0.94903459386	-1.84125146222
5.43543543544	-0.918837754976	-0.927348548929	-1.84618630391
5.44544544545	-0.941825147789	-0.901995354721	-1.84382050251
5.45545545546	-0.961088144404	-0.87307526906	-1.83416341346
5.46546546547	-0.976550570352	-0.840702654849	-1.8172532252
5.47547547548	-0.988151280311	-0.805005527824	-1.79315680814
5.48548548549	-0.995844399907	-0.76612505033	-1.76196945024
5.4954954955	-0.999599507118	-0.724214973094	-1.72381448021
5.50550550551	-0.999401752577	-0.679441027231	-1.67884277981
5.51551551552	-0.995251918294	-0.63198026887	-1.62723218716
5.52552552553	-0.987166414562	-0.582020378992	-1.56918679355
5.53553553554	-0.975177215064	-0.529758921257	-1.50493613632
5.54554554555	-0.959331730437	-0.475402560751	-1.43473429119
5.55555555556	-0.939692620786	-0.419166246738	-1.35885886752
5.56556556557	-0.916337547898	-0.361272362655	-1.27760991055
5.57557557558	-0.889358868137	-0.301949846712	-1.19130871485
5.58558558559	-0.85886326722	-0.241433286561	-1.10029655378
5.5955955956	-0.824971338339	-0.179961991643	-1.00493332998
5.60560560561	-0.787817105279	-0.11777904684	-0.905596152119
5.61561561562	-0.747547492428	-0.0551303512177	-0.802677843646
5.62562562563	-0.704321743776	0.00773635437264	-0.696585389403
5.63563563564	-0.658310793188	0.0705724669714	-0.587738326216
5.64564564565	-0.609696588459	0.133129504597	-0.476567083862
5.65565565566	-0.558671371813	0.195160088855	-0.363511282958
5.66566566567	-0.505436919686	0.256418923183	-0.249017996504
5.67567567568	-0.450203744818	0.316663762858	-0.133539981959
5.68568568569	-0.393190263785	0.375656372948	-0.0175338908372
5.6956956957	-0.334621933292	0.433163470393	0.0985415371005
5.70570570571	-0.274730358608	0.48895764651	0.214227287902
5.71571571572	-0.213752377698	0.542818266272	0.329065888574
5.72572572573	-0.151929124666	0.594532340796	0.44260321613
5.73573573574	-0.0895050761925	0.643895369592	0.554390293399
5.74574574575	-0.0267270847755	0.690712149254	0.663985064479
5.75575575576	0.036156597441	0.734797545381	0.770954142822
5.76576576577	0.0988973003642	0.775977224676	0.87487452504
5.77577577578	0.161246919305	0.814088344343	0.975335263649
5.78578578579	0.222958896095	0.848980196038	1.07193909213
5.7957957958	0.283789194086	0.880514801834	1.16430399592
5.80580580581	0.343497263182	0.908567459852	1.25206472303
5.81581581582	0.401846991078	0.933027237387	1.33487422846
5.82582582583	0.458607636956	0.95379740958	1.41240504654
5.83583583584	0.513554743939	0.97079584192	1.48435058586
5.84584584585	0.566471026685	0.983955315031	1.55042634172
5.85585585586	0.617147230641	0.993223790495	1.61037102114
5.86586586587	0.665382959521	0.99856461663	1.66394757615
5.87587587588	0.710987467765	0.999956673432	1.7109441412
5.88588588589	0.753780414831	0.997394456087	1.75117487092
5.8958958959	0.793592578344	0.990888096744	1.78448067509
5.90590590591	0.830266523272	0.980463324447	1.81072984772
5.91591591592	0.863657224501	0.966161363389	1.82981858789
5.92592592593	0.893632640323	0.948038769895	1.84167141022
5.93593593594	0.920074234591	0.926167208774	1.84624144336
5.94594594595	0.942877445461	0.900633169921	1.84351061538
5.95595595596	0.96195209888	0.8715376263	1.83348972518
5.96596596597	0.977222765169	0.838995634654	1.81621839982
5.97597597598	0.988629057313	0.803135880513	1.79176493783
5.98598598599	0.996125869751	0.76410016932	1.76022603907
5.995995996	0.999683556747	0.722042865667	1.72172642241
6.00600600601	0.99928804962	0.677130282867	1.67641833249
6.01601601602	0.994940912384	0.629540025283	1.62448093767
6.02602602603	0.986659335554	0.579460285991	1.56611962155
6.03603603604	0.974476068176	0.52708910259	1.50156517077
6.04604604605	0.958439288315	0.472633574071	1.43107286239
6.05605605606	0.938612412544	0.416309041852	1.3549214544
6.06606606607	0.915073845161	0.358338238224	1.27341208338
6.07607607608	0.887916668148	0.29895040557	1.18686707372
6.08608608609	0.85724827308	0.238380389836	1.09562866292
6.0960960961	0.823189936455	0.176867711848	1.0000576483
6.10610610611	0.785876340107	0.114655620135	0.900531960242
6.11611611612	0.745455038618	0.0519901290244	0.797445167643
6.12612612613	0.702085875823	-0.0108809542172	0.691204921605
6.13613613614	0.655940352709	-0.0737090093186	0.582231343391
6.14614614615	0.607200949233	-0.136245586161	0.470955363072
6.15615615616	0.556060402709	-0.198243387262	0.357817015447
6.16616616617	0.502720945639	-0.259457245696	0.243263699943
6.17617617618	0.447393505998	-0.319645094598	0.1277484114
6.18618618619	0.39029687313	-0.3785689244	0.0117279487298
6.1961961962	0.331656832556	-0.435995724031	-0.104338891475
6.20620620621	0.27170527312	-0.491698402342	-0.219993129221
6.21621621622	0.210679269996	-0.545456686128	-0.334777416133
6.22622622623	0.148820147184	-0.597057991188	-0.448237844004
6.23623623624	0.0863725232145	-0.646298262974	-0.55992573976
6.24624624625	0.0235833438109	-0.692982783516	-0.669399439705
6.25625625626	-0.0392990946401	-0.736926941423	-0.776226036063
6.26626626627	-0.102026126964	-0.777956961917	-0.879983088881
6.27627627628	-0.164349702531	-0.81591059402	-0.980260296552
6.28628628629	-0.22602336616	-0.850637752164	-1.07666111832
6.2962962963	-0.286803232711	-0.882001109694	-1.1688043424
6.30630630631	-0.346448951515	-0.909876641923	-1.25632559344
6.31631631632	-0.404724656828	-0.934154116579	-1.33887877341
6.32632632633	-0.461399900552	-0.954737529712	-1.41613743026
6.33633633634	-0.516250563526	-0.971545485336	-1.48779604886
6.34634634635	-0.569059741792	-0.984511517308	-1.5535712591
6.35635635636	-0.619618604335	-0.993584352162	-1.6132029565
6.36636636637	-0.667727218889	-0.998728111866	-1.66645533075
6.37637637638	-0.713195342561	-0.999922455702	-1.71311779826
6.38638638639	-0.755843174135	-0.997162660705	-1.75300583484
6.3963963964	-0.795502065086	-0.990459640332	-1.78596170542
6.40640640641	-0.832015186492	-0.979839901311	-1.8118550878
6.41641641642	-0.865238149205	-0.965345438823	-1.83058358803
6.42642642643	-0.89503957483	-0.947033570429	-1.84207314526
6.43643643644	-0.921301615256	-0.924976709413	-1.84627832467
6.44644644645	-0.943920418674	-0.89926207843	-1.8431824971
6.45645645646	-0.962806540259	-0.869991364586	-1.83279790485
6.46646646647	-0.977885295874	-0.837280317324	-1.8151656132
6.47647647648	-0.989097057402	-0.801258290697	-1.7903553481
6.48648648649	-0.996397488543	-0.762067731844	-1.75846522039
6.4964964965	-0.999757720139	-0.719863617694	-1.71962133783
6.50650650651	-0.999164464339	-0.674812842115	-1.67397730645
6.51651651652	-0.99462006714	-0.627093555944	-1.62171362308
6.52652652653	-0.986142499113	-0.576894462495	-1.56303696161
6.53653653654	-0.973765284338	-0.524414071347	-1.49817935569
6.54654654655	-0.957537367837	-0.469859913346	-1.42739728118
6.55655655656	-0.937522922021	-0.413447719934	-1.35097064195
6.56656656657	-0.913801092924	-0.355400570055	-1.26920166298
6.57657657658	-0.886465687226	-0.295948007999	-1.18241369523
6.58658658659	-0.855624801299	-0.235325135681	-1.09094993698
6.5965965966	-0.821400393745	-0.173771682943	-0.995172076688
6.60660660661	-0.783927803117	-0.11153105956	-0.895458862676
6.61661661662	-0.743355212731	-0.0488493926818	-0.792204605413
6.62662662663	-0.699843064686	0.014025446456	-0.68581761823
6.63663663664	-0.653563425397	0.0768448227305	-0.576718602667
6.64664664665	-0.604699305175	0.139360320343	-0.465338984832
6.65665665666	-0.55344393452	0.201324725167	-0.352119209353
6.66666666667	-0.5	0.262493002342	-0.237506997658
6.67667667668	-0.44457884274	0.32262326525	-0.12195557749
6.68668668669	-0.387399622686	0.381477732045	-0.00592189064049
6.6966966967	-0.328688451945	0.438823665948	0.110135214003
6.70670670671	-0.268677500641	0.494434295588	0.225756794948
6.71671671672	-0.207604078809	0.548089711764	0.340485632955
6.72672672673	-0.145709697966	0.599577737057	0.45386803909
6.73673673674	-0.0832391160672	0.648694764878	0.565455648811
6.74674674675	-0.0204393696219	0.695246564618	0.674807194997
6.75675675676	0.0424412031962	0.739049049725	0.781490252921
6.76676676677	0.10515394459	0.779929005658	0.885082950248
6.77677677678	0.167450860443	0.81772477486	0.985175635303
6.78678678679	0.229085600998	0.852286896023	1.08137249702
6.7967967968	0.289814435034	0.883478695123	1.17329313016
6.80680680681	0.349397213688	0.911176825891	1.26057403958
6.81681681682	0.407598320109	0.93527175758	1.34287007769
6.82682682683	0.464187601196	0.955668208095	1.41985580929
6.83683683684	0.518941277722	0.972285520784	1.49122679851
6.84684684685	0.571642829258	0.985057983392	1.55670081265
6.85685685686	0.622083850393	0.99393508791	1.6160189383
6.86686686687	0.670064874858	0.998881730314	1.66894660517
6.87687687688	0.715396164307	0.999878349375	1.71527451368
6.88688688689	0.757898458629	0.996921004017	1.75481946265
6.8968968969	0.797403684817	0.990021388902	1.78742507372
6.90690690691	0.833755621609	0.979206788181	1.81296240979
6.91691691692	0.866810517252	0.964519967604	1.83133048486
6.92692692693	0.896437657964	0.946019005401	1.84245666337
6.93693693694	0.922519884832	0.923777062619	1.84629694745
6.94694694695	0.944954057113	0.897882093808	1.84283615092
6.95695695696	0.963651460093	0.86843649921	1.8320879593
6.96696696697	0.978538155914	0.835556719824	1.81409487574
6.97697697698	0.989555275949	0.799372776945	1.78892805289
6.98698698699	0.996659253595	0.760027758002	1.7566870116
6.996996997	0.999821996562	0.717677250727	1.71749924729
7.00700700701	0.999030997955	0.672488727893	1.67151972585
7.01701701702	0.994289385735	0.624640885048	1.61893027078
7.02702702703	0.985615910348	0.57432293388	1.55993884423
7.03703703704	0.97304487058	0.521733853982	1.49477872456
7.04704704705	0.956625977922	0.467081606004	1.42370758393
7.05705705706	0.936424159991	0.410582309281	1.34700646927
7.06706706707	0.912519303774	0.3524593872	1.26497869097
7.07707707708	0.885005939722	0.29294268369	1.17794862341
7.08708708709	0.853992867932	0.232267554309	1.08626042224
7.0970970971	0.819602727906	0.170673935547	0.990276663453
7.10710710711	0.781971513578	0.108405396012	0.89037690959
7.11711711712	0.741248035533	0.0457081732497	0.786956208783
7.12712712713	0.697593332546	-0.0171697999921	0.680423532554
7.13713713714	0.651180034758	-0.0799798761959	0.571200158562
7.14714714715	0.602191681025	-0.14247367634	0.459718004686
7.15715715716	0.550821993122	-0.204404072098	0.346417921024
7.16716716717	0.497274109679	-0.265526163098	0.23174794658
7.17717717718	0.44175978288	-0.325598245363	0.116161537517
7.18718718719	0.384498541105	-0.384382767118	0.000115773987439
7.1971971972	0.325716820813	-0.441647268177	-0.115930447364
7.20720720721	0.265647071111	-0.497165299194	-0.231518228083
7.21721721722	0.204526834549	-0.55071731714	-0.346190482591
7.22722722723	0.142597807772	-0.602091553482	-0.45949374571
7.23723723724	0.0801048857378	-0.651084851602	-0.570979965864
7.24724724725	0.0172951933006	-0.697503470173	-0.680208276873
7.25725725726	-0.0455828920356	-0.741163849301	-0.786746741337
7.26726726727	-0.10828072231	-0.781893336395	-0.890174058706
7.27727727728	-0.170550362372	-0.81953086892	-0.990081231293
7.28728728729	-0.232145570325	-0.853927611306	-1.08607318163
7.2972972973	-0.292822771277	-0.884947543509	-1.17777031479
7.30730730731	-0.352342020544	-0.912467998899	-1.26481001944
7.31731731732	-0.410467952501	-0.936380149337	-1.34684810184
7.32732732733	-0.466970711319	-0.956589435526	-1.42356014684
7.33733733734	-0.521626859919	-0.973015940946	-1.49464280087
7.34734734735	-0.574220263541	-0.985594707878	-1.55981497142
7.35735735736	-0.624542944437	-0.994275994272	-1.61881893871
7.36736736737	-0.67239590431	-0.999025470456	-1.67142137477
7.37737737738	-0.71758991124	-0.999824354885	-1.71741426612
7.38738738739	-0.759946247989	-0.996669488414	-1.7566157364
7.3973973974	-0.799297418733	-0.989573346789	-1.78887076552
7.40740740741	-0.835487811413	-0.978563991318	-1.81405180273
7.41741741742	-0.868374313094	-0.963684957895	-1.83205927099
7.42742742743	-0.897826875899	-0.944995084846	-1.84282196075
7.43743743744	-0.923729031273	-0.922568280257	-1.84629731153
7.44744744745	-0.945978350556	-0.896493229703	-1.84247158026
7.45745745746	-0.964486850027	-0.866873045549	-1.83135989558
7.46746746747	-0.979181338833	-0.833824859199	-1.81300619803
7.47747747748	-0.990003708422	-0.797479357904	-1.78748306633
7.48748748749	-0.996911162321	-0.757980267968	-1.75489143029
7.4974974975	-0.999876385381	-0.715483786388	-1.71536017177
7.50750750751	-0.998887651789	-0.670157963183	-1.66904561497
7.51751751752	-0.993948871439	-0.622182036851	-1.61613090829
7.52752752753	-0.985079574467	-0.571745725575	-1.55682530004
7.53753753754	-0.972314834025	-0.519048477	-1.49136331103
7.54754754755	-0.955705127584	-0.464298679521	-1.42000380711
7.55755755756	-0.935316137322	-0.407712838229	-1.34302897555
7.56756756757	-0.911228490388	-0.349514718746	-1.26074320913
7.57757757758	-0.88353744007	-0.289934462364	-1.17347190243
7.58758758759	-0.852352489117	-0.229207675958	-1.08156016507
7.5975975976	-0.817796956717	-0.167574500294	-0.98537145701
7.60760760761	-0.780007490838	-0.105278660405	-0.885286151242
7.61761761762	-0.739133527863	-0.0425665017927	-0.781700029656
7.62762762763	-0.69533670165	0.0203139837297	-0.675022717921
7.63763763764	-0.648790204361	0.083114138711	-0.56567606565
7.64764764765	-0.599678101582	0.145585623362	-0.45409247822
7.65765765766	-0.548194604445	0.207481397603	-0.340713206841
7.66766766767	-0.494543301632	0.26855669797	-0.225986603663
7.67767767768	-0.438936354296	0.328570005516	-0.11036634878
7.68768768769	-0.381593657079	0.387284000889	0.00569034381054
7.6976976977	-0.322741968549	0.444466502796	0.121724534247
7.70770770771	-0.2626140145	0.49989138615	0.23727737165
7.71771771772	-0.20144756765	0.553339476272	0.351891908623
7.72772772773	-0.139484507376	0.604599415604	0.465114908228
7.73773773774	-0.076969863222	0.65346849951	0.576498636288
7.74774774775	-0.0141508459408	0.699753477862	0.685602631921
7.75775775776	0.0487241300892	0.743271319237	0.791995449326
7.76776776777	0.111406429203	0.783849934704	0.895256363908
7.77777777778	0.173648177667	0.821328858341	0.994977036008
7.78778778779	0.235203243879	0.855559881786	1.09076312567
7.7977977978	0.295828211688	0.886407640325	1.18223585201
7.80780780781	0.355283342961	0.913750148178	1.26903349114
7.81781781782	0.413333525626	0.937479280889	1.35081280651
7.82782782783	0.469749203398	0.957501202895	1.42725040629
7.83783783784	0.524307283557	0.973736738598	1.49804402216
7.84784784785	0.576792019149	0.986121685457	1.56291370461
7.85785785786	0.626995862148	0.994607067876	1.62160293002
7.86786786787	0.674720284195	0.999159330871	1.67387961507
7.87787787788	0.719776561664	0.999760472767	1.71953703443
7.88788788789	0.761986521963	0.996408116382	1.75839463834
7.8978978979	0.801183248104	0.989115518425	1.79029876653
7.90790790791	0.837211738773	0.977911517078	1.81512325585
7.91791791792	0.869929521266	0.962840417953	1.83276993922
7.92792792793	0.899207214896	0.94396181889	1.84316903379
7.93793793794	0.92492904262	0.92135037428	1.8462794169
7.94794794795	0.946993288874	0.895095499848	1.84208878872
7.95795795796	0.965312701797	0.865301019063	1.83061372086
7.96796796797	0.979814838271	0.832084752575	1.81189959085
7.97797797798	0.990442350387	0.795578052299	1.78602040269
7.98798798799	0.997153212228	0.755925281991	1.75307849422
7.997997998	0.999920886057	0.713283246368	1.71320413243
8.00800800801	0.998734427259	0.667820571037	1.6665549983
8.01801801802	0.99359852762	0.619717035668	1.61331556329
8.02802802803	0.984533496775	0.569162863068	1.55369635984
8.03803803804	0.971575181895	0.516357966958	1.48793314885
8.04804804805	0.954774825929	0.46151116142	1.41628598735
8.05805805806	0.934198864969	0.404839335156	1.33903820012
8.06806806807	0.909928665531	0.346566593813	1.25649525934
8.07807807808	0.882060202795	0.28692337377	1.16898357656
8.08808808809	0.850703681078	0.226145530889	1.07684921197
8.0980980981	0.815983098035	0.164473407835	0.98045650587
8.10810810811	0.778035754318	0.102150883658	0.880186637976
8.11811811812	0.737011710631	0.0394244093801	0.776436120011
8.12812812813	0.693073194316	-0.0234579665749	0.669615227741
8.13813813814	0.646393957842	-0.0862475792801	0.560146378562
8.14814814815	0.597158591703	-0.148696130635	0.448462461067
8.15815815816	0.54556179447	-0.210556671249	0.335005123221
8.16816816817	0.491807602866	-0.271584576986	0.220223025881
8.17817817818	0.436108584911	-0.33153851632	0.10457006859
8.18818818819	0.378684999333	-0.390181404667	-0.0114964053346
8.1981981982	0.319763924571	-0.447281341923	-0.127517417352
8.20820820821	0.259578360804	-0.502612529498	-0.243034168694
8.21821821822	0.198366308561	-0.555956163228	-0.357589854667
8.22822822823	0.136369827566	-0.607101298621	-0.470731471055
8.23823823824	0.0738340795231	-0.655845685029	-0.582011605506
8.24824824825	0.0110063586381	-0.701996565433	-0.690990206795
8.25825825826	-0.0518648862921	-0.745371438692	-0.797236324984
8.26826826827	-0.114531034357	-0.785798781235	-0.900329815592
8.27827827828	-0.176744275691	-0.82311872534	-0.999863001031
8.28828828829	-0.238258591423	-0.857183691323	-1.09544228275
8.2982982983	-0.298830726545	-0.887858971133	-1.18668969768
8.30830830831	-0.358221151852	-0.915023261048	-1.2732444129
8.31831831832	-0.416195011144	-0.938569141366	-1.35476415251
8.32832832833	-0.472523049956	-0.958403501185	-1.43092655114
8.33833833834	-0.526982522129	-0.974447906612	-1.50143042874
8.34834834835	-0.57935807065	-0.98663891092	-1.56599698157
8.35835835836	-0.629442579268	-0.994928305447	-1.62437088471
8.36836836837	-0.677037991524	-0.999283310234	-1.67632130176
8.37837837838	-0.721956093955	-0.999686703653	-1.72164279761
8.38838838839	-0.764019260373	-0.996136890506	-1.76015615088
8.3983983984	-0.803061154282	-0.988647908336	-1.79170906262
8.40840840841	-0.83892738664	-0.977249371914	-1.81617675855
8.41841841842	-0.871476126386	-0.961986356131	-1.83346248252
8.42842842843	-0.900578661304	-0.942919217751	-1.84349787906
8.43843843844	-0.926119907006	-0.920123356733	-1.84624326374
8.44844844845	-0.947998862029	-0.893688918068	-1.8416877801
8.45845845846	-0.966129007238	-0.8637204353	-1.82984944254
8.46846846847	-0.980438647961	-0.830336417161	-1.81077506512
8.47847847848	-0.990871197506	-0.793668878932	-1.78454007644
8.48848848849	-0.997385400923	-0.753862820392	-1.75124822132
8.4984984985	-0.99995549815	-0.71107565243	-1.71103115058
8.50850850851	-0.998571325879	-0.665476574569	-1.66404790045
8.51851851852	-0.993238357742	-0.617245905877	-1.61048426362
8.52852852853	-0.983977682672	-0.566574371902	-1.55055205457
8.53853853854	-0.970825921502	-0.513662350464	-1.48448827197
8.54854854855	-0.953835082157	-0.458719079266	-1.41255416142
8.55855855856	-0.933072353983	-0.401961828479	-1.33503418246
8.56856856857	-0.908619842057	-0.343615041556	-1.25223488361
8.57857857858	-0.880574242504	-0.283909447686	-1.16448369019
8.58858858859	-0.849046460119	-0.223081149384	-1.0721276095
8.5985985986	-0.814161169798	-0.161370688839	-0.975531858637
8.60860860861	-0.77605632352	-0.0990220967035	-0.875078420223
8.61861861862	-0.734882604821	-0.0362819270851	-0.771164531906
8.62862862863	-0.690802832929	0.0266017174358	-0.664201115493
8.63863863864	-0.643991318896	0.0893801669154	-0.554611151981
8.64864864865	-0.594633176304	0.151805167398	-0.442828008906
8.65865865866	-0.542923589236	0.213629862623	-0.329293726614
8.66866866867	-0.489067040436	0.274609770203	-0.214457270233
8.67867867868	-0.433276502688	0.334503748419	-0.0987727542688
8.68868868869	-0.375772596633	0.393074949799	0.0173023531666
8.6986986987	-0.316782718332	0.450091757721	0.13330903939
8.70870870871	-0.256540140042	0.505328702327	0.248788562285
8.71871871872	-0.195283087756	0.55856735213	0.363284264374
8.72872872873	-0.133253799146	0.609597177793	0.476343378647
8.73873873874	-0.070697565652	0.658216384651	0.587518818999
8.74874874875	-0.00786176248947	0.704232710704	0.696370948214
8.75875875876	0.0550051295842	0.747464186897	0.802469316481
8.76876876877	0.117654506872	0.787739856715	0.905394363587
8.77877877878	0.179838625827	0.824900452218	1.00473907804
8.78878878879	0.241311582741	0.858799023857	1.1001106066
8.7987987988	0.301830286157	0.889301521579	1.19113180774
8.80880880881	0.361155418163	0.916287324919	1.27744274308
8.81881881882	0.419052380758	0.93964971999	1.35870210075
8.82882882883	0.475292223561	0.959296321473	1.43458854503
8.83883883884	0.529652549179	0.975149437954	1.50480198713
8.84884884885	0.581918392668	0.987146379149	1.56906477182
8.85885885886	0.6318830716	0.995239703808	1.62712277541
8.86886886887	0.679349003377	0.99939740732	1.6787464107
8.87887887888	0.724128486558	0.999603048272	1.72373153483
8.88888888889	0.766044443119	0.995855813469	1.76190025659
8.8988988989	0.804931118695	0.988170521146	1.79310163984
8.90890890891	0.840634738048	0.976577562374	1.81721230042
8.91891891892	0.873014113161	0.961122780874	1.83413689404
8.92892892893	0.901941201561	0.941867291739	1.8438084933
8.93893893894	0.927301612655	0.918887239751	1.84618885241
8.94894894895	0.948995060078	0.892273498271	1.84126855835
8.95895895896	0.966935758276	0.86213130989	1.82906706817
8.96896896897	0.981052761736	0.828579870247	1.80963263198
8.97897897898	0.991290245538	0.791751856683	1.78304210222
8.98898898899	0.99760772611	0.751792903569	1.74940062968
8.998998999	0.999980221319	0.708861026406	1.70884124772
9.00900900901	0.998398349262	0.663125996961	1.66152434622
9.01901901902	0.992868365367	0.614768671916	1.60763703728
9.02902902903	0.983412137654	0.563980277675	1.54739241533
9.03903903904	0.970067060258	0.510961654175	1.48102871443
9.04904904905	0.952885905561	0.455922460672	1.40880836623
9.05905905906	0.931936615503	0.399080346655	1.33101696216
9.06906906907	0.907302032909	0.340660091165	1.24796212407
9.07907907908	0.879079573893	0.280892713918	1.15997228781
9.08908908909	0.847380842629	0.220014561748	1.06739540438
9.0990990991	0.812331190024	0.15826637399	0.970597564013
9.10910910911	0.774069218016	0.0958923304836	0.8699615485
9.11911911912	0.732746231489	0.0331390859849	0.765885317474
9.12912912913	0.688525639939	-0.0297452052225	0.658780434717
9.13913913914	0.641582311285	-0.0925118706376	0.549070440648
9.14914914915	0.592101880361	-0.154912702904	0.437189177457
9.15915915916	0.540280014833	-0.216700941333	0.3235790735
9.16916916917	0.486321641442	-0.277632247704	0.208689393738
9.17917917918	0.430440135636	-0.337465672488	0.0929744631473
9.18918918919	0.37285647778	-0.39596460767	-0.0231081298892
9.1991991992	0.313798379312	-0.452897722398	-0.139099343086
9.20920920921	0.253499382261	-0.508039877776	-0.254540495514
9.21921921922	0.192197935725	-0.561173017156	-0.368975081431
9.22922922923	0.13013645293	-0.612087028435	-0.481950575505
9.23923923924	0.0675603526269	-0.660580574931	-0.593020222304
9.24924924925	0.00471708859304	-0.70646189156	-0.701744802967
9.25925925926	-0.0581448289105	-0.749549543155	-0.807694372065
9.26926926927	-0.120776815858	-0.789673141948	-0.910449957806
9.27927927928	-0.182931197472	-0.826674021354	-1.00960521883
9.28928928929	-0.24436218764	-0.860405863414	-1.10476805105
9.2992992993	-0.304826860859	-0.890735277398	-1.19556213826
9.30930930931	-0.364086112876	-0.91754232729	-1.28162844017
9.31931931932	-0.421905606211	-0.940721006074	-1.36262661228
9.32932932933	-0.478056696828	-0.960179654929	-1.43823635176
9.33933933934	-0.532317338301	-0.975841325688	-1.50815866399
9.34934934935	-0.584472959883	-0.987644085128	-1.57211704501
9.35935935936	-0.634317315011	-0.995541259881	-1.62985857489
9.36936936937	-0.6816532969	-0.999501621	-1.6811549179
9.37937937938	-0.72629371799	-0.999509507451	-1.72580322544
9.38938938939	-0.768062050171	-0.99556488805	-1.76362693822
9.3993993994	-0.80679312285	-0.987683361578	-1.79447648443
9.40940940941	-0.842333776112	-0.975896095102	-1.81822987121
9.41941941942	-0.874543466381	-0.960249700724	-1.8347931671
9.42942942943	-0.903294822193	-0.940806051258	-1.84410087345
9.43943943944	-0.928474147879	-0.917642035557	-1.84611618344
9.44944944945	-0.949981873168	-0.890849254456	-1.84083112762
9.45945945946	-0.967732946933	-0.860533658548	-1.82826660548
9.46946946947	-0.981657173522	-0.826815129205	-1.80847230273
9.47947947948	-0.991699490339	-0.789827004512	-1.78152649485
9.48948948949	-0.997820185589	-0.749715551991	-1.74753573758
9.4994994995	-0.999995055317	-0.706639390195	-1.70663444551
9.50950950951	-0.99821549912	-0.660768861458	-1.65898436058
9.51951951952	-0.992488554155	-0.612285358283	-1.60477391244
9.52952952953	-0.982836867314	-0.561380606041	-1.54421747336
9.53953953954	-0.969298605666	-0.5082559048	-1.47755451047
9.54954954955	-0.951927305529	-0.453121333293	-1.40504863882
9.55955955956	-0.930791660762	-0.396194918179	-1.32698657894
9.56956956957	-0.90597525112	-0.337701771862	-1.24367702298
9.57957957958	-0.877576211743	-0.277873202299	-1.15544941404
9.58958958959	-0.845706845082	-0.216945798308	-1.06265264339
9.5995995996	-0.81049317681	-0.155160493986	-0.965653670796
9.60960960961	-0.77207445746	-0.0927616159494	-0.86483607341
9.61961961962	-0.730602611762	-0.0299959171602	-0.760598528922
9.62962962963	-0.686241637869	0.0328883988481	-0.653353239021
9.63963963964	-0.639166958833	0.0956426594762	-0.543524299357
9.64964964965	-0.589564728906	0.158018706422	-0.431546022485
9.65965965966	-0.537631097403	0.219769877008	-0.317861220395
9.66966966967	-0.483571433037	0.280651979598	-0.202919453439
9.67967967968	-0.427599511804	0.340424259236	-0.0871752525675
9.68968968969	-0.369936671614	0.398850349701	0.0289136780872
9.6996996997	-0.310810937026	0.455699208204	0.144888271178
9.70970970971	-0.250456117533	0.510746029033	0.2602899115
9.71971971972	-0.189110882978	0.563773132536	0.374662249559
9.72972972973	-0.127017819747	0.614570825925	0.487553006178
9.73973973974	-0.0644224714728	0.662938232489	0.598515761016
9.74974974975	-0.00157236804759	0.708684085956	0.707111717909
9.75975975976	0.0612839532213	0.751627486844	0.812911440065
9.76976976977	0.123897930438	0.791598617814	0.915496548253
9.77977977978	0.186021960045	0.828439415209	1.01446137525
9.78978978979	0.247410375952	0.862004194104	1.10941457006
9.7997997998	0.307820421017	0.89216022441	1.19998064543
9.80980980981	0.367013207009	0.91878825575	1.28580146276
9.81981981982	0.424754659284	0.941782989026	1.36653764831
9.82982982983	0.480816442417	0.961053492818	1.44186993524
9.83983983984	0.534976863143	0.976523562971	1.51150042611
9.84984984985	0.587021747031	0.988132023934	1.57515377097
9.85985985986	0.636745285425	0.995832970683	1.63257825611
9.86986986987	0.683950849304	0.999595950243	1.68354679955
9.87987987988	0.728451766839	0.999406082116	1.72785784896
9.88988988989	0.770072061578	0.995264117126	1.7653361787
9.8998998999	0.808647148334	0.987186434448	1.79583358278
9.90990990991	0.84402448403	0.975204976837	1.81922946087
9.91991991992	0.876064170921	0.959367124313	1.83543129523
9.92992992993	0.904639509812	0.939735506803	1.84437501661
9.93993993994	0.929637501083	0.916387756465	1.84602525755
9.94994994995	0.95095929154	0.889416200707	1.84037549225
9.95995995996	0.968520565327	0.858927497075	1.8274480624
9.96996996997	0.982251877342	0.825042211485	1.80729408883
9.97997997998	0.992098927861	0.787894341452	1.77999326931
9.98998998999	0.99802277726	0.747630786203	1.74565356346
10.0	1.0	0.70441076577	1.70441076577
