System params: f_X=1, f_Y=1, A_X=1, A_Y=1, phi=0.785, dt=0.01, N=1000

t	X	Y	Z
0.0	1.0	0.706825181105	1.70682518111
0.01001001001	0.99802277726	0.74988931034	1.7479120876
0.02002002002	0.992098927861	0.789988043182	1.78208697104
0.03003003003	0.982251877342	0.826962811378	1.80921468872
0.04004004004	0.968520565327	0.860667400223	1.82918796555
0.0500500500501	0.95095929154	0.890968526758	1.8419278183
0.0600600600601	0.929637501083	0.917746366831	1.84738386791
0.0700700700701	0.904639509812	0.940895028932	1.84553453874
0.0800800800801	0.876064170921	0.960322972939	1.83638714386
0.0900900900901	0.84402448403	0.975953372108	1.81997785614
0.1001001001	0.808647148334	0.987724416876	1.79637156521
0.11011011011	0.770072061578	0.99558955929	1.76566162087
0.12012012012	0.728451766839	0.999517697071	1.72796946391
0.13013013013	0.683950849304	0.999493296614	1.68344414592
0.14014014014	0.636745285425	0.995516454409	1.63226173983
0.15015015015	0.587021747031	0.987602896661	1.57462464369
0.16016016016	0.534976863143	0.975783917103	1.51076078025
0.17017017017	0.480816442417	0.960106253246	1.44092269566
0.18018018018	0.424754659284	0.940631901556	1.36538656084
0.19019019019	0.367013207009	0.917437872295	1.2844510793
0.2002002002	0.307820421017	0.890615884988	1.198436306
0.21021021021	0.247410375952	0.86027200572	1.10768238167
0.22022022022	0.186021960045	0.826526227709	1.01254818775
0.23023023023	0.123897930438	0.789511996793	0.913409927232
0.24024024024	0.0612839532213	0.749375683731	0.810659636952
0.25025025025	-0.00157236804758	0.706276005384	0.704703637336
0.26026026026	-0.0644224714728	0.66038339708	0.595960925608
0.27027027027	-0.127017819747	0.611879338638	0.484861518891
0.28028028028	-0.189110882978	0.560955636711	0.371844753733
0.29029029029	-0.250456117533	0.507813666302	0.257357548769
0.3003003003	-0.310810937026	0.452663574436	0.14185263741
0.31031031031	-0.369936671614	0.395723449145	0.0257867775307
0.32032032032	-0.427599511804	0.337218457049	-0.0903810547546
0.33033033033	-0.483571433037	0.27737995295	-0.206191480087
0.34034034034	-0.537631097403	0.216444564951	-0.321186532452
0.35035035035	-0.589564728906	0.15465325872	-0.434911470187
0.36036036036	-0.639166958833	0.0922503846088	-0.546916574224
0.37037037037	-0.686241637869	0.0294827113816	-0.656758926487
0.38038038038	-0.730602611762	-0.0334015496203	-0.764004161382
0.39039039039	-0.77207445746	-0.0961537260154	-0.868228183475
0.4004004004	-0.81049317681	-0.158525667743	-0.969018844554
0.41041041041	-0.845706845082	-0.220270728361	-1.06597757344
0.42042042042	-0.877576211743	-0.281144740393	-1.15872095214
0.43043043043	-0.90597525112	-0.340906980877	-1.246882232
0.44044044044	-0.930791660762	-0.399321123292	-1.33011278405
0.45045045045	-0.951927305529	-0.456156172096	-1.40808347762
0.46046046046	-0.969298605666	-0.511187376187	-1.48048598185
0.47047047047	-0.982836867314	-0.56419711767	-1.54703398498
0.48048048048	-0.992488554155	-0.614975772411	-1.60746432657
0.49049049049	-0.99821549912	-0.66332253899	-1.66153803811
0.500500500501	-0.999995055317	-0.709046232753	-1.70904128807
0.510510510511	-0.997820185589	-0.751966041846	-1.74978622743
0.520520520521	-0.991699490339	-0.791912242224	-1.78361173256
0.530530530531	-0.981657173522	-0.828726868817	-1.81038404234
0.540540540541	-0.967732946933	-0.862264340189	-1.82999728712
0.550550550551	-0.949981873168	-0.89239203424	-1.84237390741
0.560560560561	-0.928474147879	-0.918990812645	-1.84746496052
0.570570570571	-0.903294822193	-0.941955491986	-1.84525031418
0.580580580581	-0.874543466381	-0.961195259689	-1.83573872607
0.590590590591	-0.842333776112	-0.976634033144	-1.81896780926
0.600600600601	-0.80679312285	-0.988210760561	-1.79500388341
0.610610610611	-0.768062050171	-0.995879662404	-1.76394171258
0.620620620621	-0.72629371799	-0.999610412418	-1.72590413041
0.630630630631	-0.6816532969	-0.999388257555	-1.68104155446
0.640640640641	-0.634317315011	-0.995214076316	-1.62953139133
0.650650650651	-0.584472959883	-0.987104375272	-1.57157733515
0.660660660661	-0.532317338301	-0.975091223793	-1.50740856209
0.670670670671	-0.478056696828	-0.959222127233	-1.43727882406
0.680680680681	-0.421905606211	-0.939559839068	-1.36146544528
0.690690690691	-0.364086112876	-0.916182112745	-1.28026822562
0.700700700701	-0.304826860859	-0.889181394208	-1.19400825507
0.710710710711	-0.24436218764	-0.858664456327	-1.10302664397
0.720720720721	-0.182931197472	-0.824751976669	-1.00768317414
0.730730730731	-0.120776815858	-0.787578060284	-0.908354876142
0.740740740741	-0.0581448289105	-0.7472897094	-0.80543453831
0.750750750751	0.00471708859303	-0.704046242103	-0.69932915351
0.760760760761	0.0675603526269	-0.658018662326	-0.590458309699
0.770770770771	0.13013645293	-0.609388983625	-0.479252530696
0.780780780781	0.192197935725	-0.558349509413	-0.366151573689
0.790790790791	0.253499382261	-0.505102072508	-0.251602690246
0.800800800801	0.313798379312	-0.449857236995	-0.136058857683
0.810810810811	0.37285647778	-0.392833465565	-0.0199769877848
0.820820820821	0.430440135636	-0.334256255613	0.0961838800222
0.830830830831	0.486321641442	-0.274357247523	0.21196439392
0.840840840841	0.540280014833	-0.213373308655	0.326906706178
0.850850850851	0.592101880361	-0.151545596671	0.44055628369
0.860860860861	0.641582311285	-0.089118605888	0.552463705398
0.870870870871	0.688525639939	-0.0263392004366	0.662186439503
0.880880880881	0.732746231489	0.036544361947	0.769290593436
0.890890890891	0.774069218016	0.0992834116436	0.87335262966
0.900900900901	0.812331190024	0.161629850502	0.973961040526
0.910910910911	0.847380842629	0.223337132929	1.07071797556
0.920920920921	0.879079573893	0.28416124084	1.16324081473
0.930930930931	0.907302032909	0.343861648616	1.25116368153
0.940940940941	0.931936615503	0.402202274251	1.33413888975
0.950950950951	0.952885905561	0.458952412921	1.41183831848
0.960960960961	0.970067060258	0.513887649297	1.48395470955
0.970970970971	0.983412137654	0.566790744981	1.55020288263
0.980980980981	0.992868365367	0.617452497565	1.61032086293
0.990990990991	0.998398349262	0.665672567913	1.66407091717
1.001001001	0.999980221319	0.711260272383	1.7112404937
1.01101101101	0.99760772611	0.754035336885	1.75164306299
1.02102102102	0.991290245538	0.793828609757	1.7851188553
1.03103103103	0.981052761736	0.830482730673	1.81153549241
1.04104104104	0.966935758276	0.863852752908	1.83078851118
1.05105105105	0.948995060078	0.893806716531	1.84280177661
1.06106106106	0.927301612655	0.920226170223	1.84752778288
1.07107107107	0.901941201561	0.943006639698	1.84494784126
1.08108108108	0.873014113161	0.962058040829	1.83507215399
1.09109109109	0.840634738048	0.977305035889	1.81793977394
1.1011011011	0.804931118695	0.988687331469	1.79361845016
1.11111111111	0.766044443119	0.996159916901	1.76220436002
1.12112112112	0.724128486558	0.999693242252	1.72382172881
1.13113113113	0.679349003377	0.999273335181	1.67862233856
1.14114114114	0.6318830716	0.994901856188	1.62678492779
1.15115115115	0.581918392668	0.986596092047	1.56851448472
1.16116116116	0.529652549179	0.97438888745	1.50404143663
1.17117117117	0.475292223561	0.958328515122	1.43362073868
1.18118118118	0.419052380758	0.93847848493	1.35753086569
1.19119119119	0.361155418163	0.914917292736	1.2760727109
1.2012012012	0.301830286157	0.88773810999	1.18956839615
1.21121121121	0.241311582741	0.857048415288	1.09835999803
1.22122122122	0.179838625827	0.822969569354	1.00280819518
1.23123123123	0.117654506872	0.785636335128	0.903290842
1.24124124124	0.0550051295842	0.745196344848	0.800201474432
1.25125125125	-0.00786176248947	0.701809516251	0.693947753762
1.26126126126	-0.070697565652	0.655647420185	0.584949854533
1.27127127127	-0.133253799146	0.606892602143	0.473638802997
1.28128128128	-0.195283087756	0.555737860394	0.360454772638
1.29129129129	-0.256540140042	0.502385483575	0.245845343533
1.3013013013	-0.316782718332	0.447046450751	0.13026373242
1.31131131131	-0.375772596633	0.389939597112	0.0141670004792
1.32132132132	-0.433276502688	0.331290748596	-0.101985754092
1.33133133133	-0.489067040436	0.271331828876	-0.21773521156
1.34134134134	-0.542923589236	0.210299942232	-0.332623647004
1.35135135135	-0.594633176304	0.148436435933	-0.446196740371
1.36136136136	-0.643991318896	0.0859859458407	-0.558005373056
1.37137137137	-0.690802832929	0.0231954290135	-0.667607403915
1.38138138138	-0.734882604821	-0.039686812873	-0.774569417694
1.39139139139	-0.77605632352	-0.102412115422	-0.878468438941
1.4014014014	-0.814161169798	-0.164732434844	-0.978893604642
1.41141141141	-0.849046460119	-0.226401328834	-1.07544778895
1.42142142142	-0.880574242504	-0.287174931112	-1.16774917362
1.43143143143	-0.908619842057	-0.346812915783	-1.25543275784
1.44144144144	-0.933072353983	-0.405079447686	-1.33815180167
1.45145145145	-0.953835082157	-0.461744114999	-1.41557919716
1.46146146146	-0.970825921502	-0.516582840384	-1.48740876189
1.47147147147	-0.983977682672	-0.569378767091	-1.55335644976
1.48148148148	-0.993238357742	-0.619923116506	-1.61316147425
1.49149149149	-0.998571325879	-0.668016013756	-1.66658733963
1.5015015015	-0.99995549815	-0.713467278101	-1.71342277625
1.51151151151	-0.997385400923	-0.756097174993	-1.75348257592
1.52152152152	-0.990871197506	-0.795737126829	-1.78660832433
1.53153153153	-0.980438647961	-0.832230379582	-1.81266902754
1.54154154154	-0.966129007238	-0.865432622672	-1.83156162991
1.55155155155	-0.947998862029	-0.895212559641	-1.84321142167
1.56156156156	-0.926119907006	-0.921452427349	-1.84757233436
1.57157157157	-0.900578661304	-0.944048461673	-1.84462712298
1.58158158158	-0.871476126386	-0.962911307825	-1.83438743421
1.59159159159	-0.83892738664	-0.977966373708	-1.81689376035
1.6016016016	-0.803061154282	-0.989154124887	-1.79221527917
1.61161161161	-0.764019260373	-0.996430320008	-1.76044958038
1.62162162162	-0.721956093955	-0.999766185755	-1.72172227971
1.63163163163	-0.677037991524	-0.999148530628	-1.67618652215
1.64164164164	-0.629442579268	-0.994579797112	-1.62402237638
1.65165165165	-0.57935807065	-0.986078052013	-1.56543612266
1.66166166166	-0.526982522129	-0.973676915019	-1.50065943715
1.67167167167	-0.472523049956	-0.95742542575	-1.42994847571
1.68168168168	-0.416195011144	-0.937387849835	-1.35358286098
1.69169169169	-0.358221151852	-0.913643424775	-1.27186457663
1.7017017017	-0.298830726545	-0.886286046604	-1.18511677315
1.71171171171	-0.238258591423	-0.855423898583	-1.09368249001
1.72172172172	-0.176744275691	-0.821179023394	-0.997923299085
1.73173173173	-0.114531034357	-0.783686840527	-0.898217874885
1.74174174174	-0.0518648862921	-0.743095610778	-0.79496049707
1.75175175175	0.0110063586381	-0.699565849949	-0.688559491311
1.76176176176	0.0738340795231	-0.653269694108	-0.579435614585
1.77177177177	0.136369827566	-0.604390218878	-0.468020391312
1.78178178178	0.198366308561	-0.553120715479	-0.354754406918
1.79179179179	0.259578360804	-0.499663926368	-0.240085565564
1.8018018018	0.319763924571	-0.444231243502	-0.124467318931
1.81181181181	0.378684999333	-0.387041872404	-0.0083568730709
1.82182182182	0.436108584911	-0.328321965323	0.107786619588
1.83183183183	0.491807602866	-0.26830372693	0.223503875937
1.84184184184	0.54556179447	-0.207224496077	0.338337298393
1.85185185185	0.597158591703	-0.145325807253	0.45183278445
1.86186186186	0.646393957842	-0.0828524354471	0.563541522395
1.87187187187	0.693073194316	-0.0200514282025	0.673021766114
1.88188188188	0.737011710631	0.0428288713217	0.779840581953
1.89189189189	0.778035754318	0.105539806409	0.883575560728
1.9019019019	0.815983098035	0.167833390087	0.983816488121
1.91191191191	0.850703681078	0.229463285773	1.08016696685
1.92192192192	0.882060202795	0.290185781407	1.1722459842
1.93193193193	0.909928665531	0.349760753189	1.25968941872
1.94194194194	0.934198864969	0.407952615142	1.34215148011
1.95195195195	0.954774825929	0.46453125072	1.41930607665
1.96196196196	0.971575181895	0.519272922794	1.49084810469
1.97197197197	0.984533496775	0.571961158406	1.55649465518
1.98198198198	0.99359852762	0.622387604801	1.61598613242
1.99199199199	0.998734427259	0.670352853346	1.6690872806
2.002002002	0.999920886057	0.71566722808	1.71558811414
2.01201201201	0.997153212228	0.758151535779	1.75530474801
2.02202202202	0.990442350387	0.797637774566	1.78808012495
2.03203203203	0.979814838271	0.833969798261	1.81378463653
2.04204204204	0.965312701797	0.867003933857	1.83231663565
2.05205205205	0.946993288874	0.896609549667	1.84360283854
2.06206206206	0.92492904262	0.922669571896	1.84759861452
2.07207207207	0.899207214896	0.945080947608	1.8442881625
2.08208208208	0.869929521266	0.963755052239	1.8336845735
2.09209209209	0.837211738773	0.978618040061	1.81582977883
2.1021021021	0.801183248104	0.989611136199	1.7907943843
2.11211211211	0.761986521963	0.996690869052	1.75867739102
2.12212212212	0.719776561664	0.999829242205	1.71960580387
2.13213213213	0.674720284195	0.999013845131	1.67373412933
2.14214214214	0.626995862148	0.994247902273	1.62124376442
2.15215215215	0.576792019149	0.985550260293	1.56234227944
2.16216216216	0.524307283557	0.972955313542	1.4972625971
2.17217217217	0.469749203398	0.956512868049	1.42626207145
2.18218218218	0.413333525626	0.93628794457	1.3496214702
2.19219219219	0.355283342961	0.912360521461	1.26764386442
2.2022022022	0.295828211688	0.884825218413	1.1806534301
2.21221221221	0.235203243879	0.85379092228	1.08899416616
2.22222222222	0.173648177667	0.819380356494	0.993028534161
2.23223223223	0.111406429203	0.781729595761	0.893136024965
2.24224224224	0.0487241300892	0.740987527963	0.789711658052
2.25225225225	-0.0141508459408	0.697315265385	0.683164419444
2.26226226226	-0.076969863222	0.650885507608	0.573915644386
2.27227227227	-0.139484507376	0.601881858577	0.462397351202
2.28228228228	-0.20144756765	0.550498100553	0.349050532903
2.29229229229	-0.2626140145	0.496937427803	0.234323413302
2.3023023023	-0.322741968549	0.441411643088	0.118669674539
2.31231231231	-0.381593657079	0.384140320097	0.00254666301845
2.32232232232	-0.438936354296	0.325349935154	-0.113586419143
2.33233233233	-0.494543301632	0.26527297163	-0.229270330002
2.34234234234	-0.548194604445	0.204147000603	-0.344047603841
2.35235235235	-0.599678101582	0.142213741393	-0.457464360189
2.36236236236	-0.648790204361	0.0797181056955	-0.569072098666
2.37237237237	-0.69533670165	0.0169072290955	-0.678429472555
2.38238238238	-0.739133527863	-0.0459705062201	-0.785104034083
2.39239239239	-0.780007490838	-0.108666453675	-0.888673944513
2.4024024024	-0.817796956717	-0.170932685564	-0.98872964228
2.41241241241	-0.852352489117	-0.232522973467	-1.08487546258
2.42242242242	-0.88353744007	-0.293193761949	-1.17673120202
2.43243243243	-0.911228490388	-0.352705131684	-1.26393362207
2.44244244244	-0.935316137322	-0.410821748206	-1.34613788553
2.45245245245	-0.955705127584	-0.467313792523	-1.42301892011
2.46246246246	-0.972314834025	-0.521957869925	-1.49427270395
2.47247247247	-0.985079574467	-0.574537893389	-1.55961746786
2.48248248248	-0.993948871439	-0.624845938077	-1.61879480952
2.49249249249	-0.998887651789	-0.672683063571	-1.67157071536
2.5025025025	-0.999876385381	-0.717860100565	-1.71773648595
2.51251251251	-0.996911162321	-0.760198398929	-1.75710956125
2.52252252252	-0.990003708422	-0.799530534172	-1.78953424259
2.53253253253	-0.979181338833	-0.835700969508	-1.81488230834
2.54254254254	-0.964486850027	-0.868566670923	-1.83305352095
2.55255255255	-0.945978350556	-0.897997672793	-1.84397602335
2.56256256256	-0.923729031273	-0.923877591826	-1.8476066231
2.57257257257	-0.897826875899	-0.946104087293	-1.84393096319
2.58258258258	-0.868374313094	-0.964589265728	-1.83296357882
2.59259259259	-0.835487811413	-0.979260028503	-1.81474783992
2.6026026026	-0.799297418733	-0.990058360884	-1.78935577962
2.61261261261	-0.759946247989	-0.996941561457	-1.75688780945
2.62262262262	-0.71758991124	-0.999882410979	-1.71747232222
2.63263263263	-0.67239590431	-0.998869280021	-1.67126518433
2.64264264264	-0.624542944437	-0.993906174954	-1.61844911939
2.65265265265	-0.574220263541	-0.985012722107	-1.55923298565
2.66266266266	-0.521626859919	-0.972224090154	-1.49385095007
2.67267267267	-0.466970711319	-0.955590851043	-1.42256156236
2.68268268268	-0.410467952501	-0.935178780012	-1.34564673251
2.69269269269	-0.352342020544	-0.911068595481	-1.26341061602
2.7027027027	-0.292822771277	-0.883355639862	-1.17617841114
2.71271271271	-0.232145570325	-0.852149502526	-1.08429507285
2.72272272272	-0.170550362372	-0.817573586442	-0.988123948815
2.73273273273	-0.10828072231	-0.779764620186	-0.888045342496
2.74274274274	-0.0455828920356	-0.738872117252	-0.784455009288
2.75275275275	0.0172951933006	-0.695057784815	-0.677762591515
2.76276276276	0.0801048857378	-0.648494884263	-0.568389998525
2.77277277277	0.142597807772	-0.599367546047	-0.456769738276
2.78278278278	0.204526834549	-0.547870041549	-0.343343207
2.79279279279	0.265647071111	-0.494206014842	-0.228558943731
2.8028028028	0.325716820813	-0.438587677393	-0.11287085658
2.81281281281	0.384498541105	-0.381234968886	0.00326357221888
2.82282282282	0.44175978288	-0.322374687481	0.1193850954
2.83283283283	0.497274109679	-0.262239592949	0.235034516729
2.84284284284	0.550821993122	-0.201067486245	0.349754506877
2.85285285285	0.602191681025	-0.139100269129	0.463091411896
2.86286286286	0.651180034758	-0.0765829875824	0.574597047175
2.87287287287	0.697593332546	-0.0137628627868	0.683830469759
2.88288288288	0.741248035533	0.0491116864993	0.790359722033
2.89289289289	0.781971513578	0.111792026299	0.893763539877
2.9029029029	0.819602727906	0.174030290625	0.993633018531
2.91291291291	0.853992867932	0.235580361656	1.08957322959
2.92292292292	0.885005939722	0.29619884299	1.18120478271
2.93293293293	0.912519303774	0.355646022149	1.26816532592
2.94294294294	0.936424159991	0.413686818503	1.35011097849
2.95295295295	0.956625977922	0.470091712888	1.42671769081
2.96296296296	0.97304487058	0.524637655224	1.4976825258
2.97297297297	0.985615910348	0.577108946557	1.5627248569
2.98298298298	0.994289385735	0.627298092024	1.62158747776
2.99299299299	0.999030997955	0.675006621388	1.67403761934
3.003003003	0.999821996562	0.720045873869	1.71986787043
3.01301301301	0.996659253595	0.762237744199	1.75889699779
3.02302302302	0.989555275949	0.801415386928	1.79097066288
3.03303303303	0.978538155914	0.837423876203	1.81596203212
3.04304304304	0.963651460093	0.870120818417	1.83377227851
3.05305305305	0.944954057113	0.899376915293	1.84433097241
3.06306306306	0.922519884832	0.925076475194	1.84759636003
3.07307307307	0.896437657964	0.947117870608	1.84355552857
3.08308308308	0.866810517252	0.965413940042	1.83222445729
3.09309309309	0.833755621609	0.979892332684	1.81364795429
3.1031031031	0.797403684817	0.990495794522	1.78789947934
3.11311311311	0.757898458629	0.997182394742	1.75508085337
3.12312312312	0.715396164307	0.99992569155	1.71532185586
3.13313313313	0.670064874858	0.998714836727	1.66877971159
3.14314314314	0.622083850393	0.993554618534	1.61563846893
3.15315315315	0.571642829258	0.98446544277	1.55610827203
3.16316316316	0.518941277722	0.971483252088	1.49042452981
3.17317317317	0.464187601196	0.95465938385	1.41884698505
3.18318318318	0.407598320109	0.934060367129	1.34165868724
3.19319319319	0.349397213688	0.909767659611	1.2591648733
3.2032032032	0.289814435034	0.881877325484	1.17169176052
3.21321321321	0.229085600998	0.850499655555	1.07958525655
3.22322322322	0.167450860443	0.815758731107	0.983209591551
3.23323323323	0.10515394459	0.777791933234	0.882945877824
3.24324324324	0.0424412031961	0.736749399566	0.779190602762
3.25325325325	-0.0204393696219	0.692793430565	0.672354060944
3.26326326326	-0.0832391160672	0.646097847716	0.562858731649
3.27327327327	-0.145709697966	0.596847306153	0.451137608187
3.28328328328	-0.207604078809	0.545236564459	0.33763248565
3.29329329329	-0.268677500641	0.491469714497	0.222792213856
3.3033033033	-0.328688451945	0.435759374344	0.1070709224
3.31331331331	-0.387399622686	0.378325847504	-0.00907377518156
3.32332332332	-0.44457884274	0.319396251727	-0.125182591014
3.33333333333	-0.5	0.259203620885	-0.240796379115
3.34334334334	-0.55344393452	0.197985983457	-0.355457951063
3.35335335335	-0.604699305175	0.135985421252	-0.468713883924
3.36336336336	-0.653563425397	0.0734471121122	-0.580116313285
3.37337337337	-0.699843064686	0.0106183603721	-0.689224704314
3.38338338338	-0.743355212731	-0.0522523810952	-0.795607593827
3.39339339339	-0.783927803117	-0.11491649337	-0.898844296487
3.4034034034	-0.821400393745	-0.177126174638	-0.998526568382
3.41341341341	-0.855624801299	-0.238635420104	-1.0942602214
3.42342342342	-0.886465687226	-0.299200994813	-1.18566668204
3.43343343343	-0.913801092924	-0.3585833955	-1.27238448842
3.44344344344	-0.937522922021	-0.4165477977	-1.35407071972
3.45345345345	-0.957537367837	-0.472864984345	-1.43040235218
3.46346346346	-0.973765284338	-0.52731225219	-1.50107753653
3.47347347347	-0.986142499113	-0.579674292483	-1.5658167916
3.48348348348	-0.99462006714	-0.629744042391	-1.62436410953
3.49349349349	-0.999164464339	-0.677323503818	-1.67648796816
3.5035035035	-0.999757720139	-0.722224526376	-1.72198224652
3.51351351351	-0.996397488543	-0.764269551422	-1.76066703996
3.52352352352	-0.989097057402	-0.803292314195	-1.7923893716
3.53353353353	-0.977885295874	-0.839138501308	-1.81702379718
3.54354354354	-0.962806540259	-0.871666360967	-1.83447290123
3.55355355355	-0.943920418674	-0.900747263527	-1.8446676822
3.56356356356	-0.921301615256	-0.926266210142	-1.8475678254
3.57357357357	-0.89503957483	-0.94812228753	-1.84316186236
3.58358358358	-0.865238149205	-0.966229067024	-1.83146721623
3.59359359359	-0.832015186492	-0.980514946353	-1.81253013284
3.6036036036	-0.795502065086	-0.990923432784	-1.78642549787
3.61361361361	-0.755843174135	-0.997413366527	-1.75325654066
3.62362362362	-0.713195342561	-0.999959083491	-1.71315442605
3.63363363363	-0.667727218889	-0.998550516779	-1.66627773567
3.64364364364	-0.619618604335	-0.993193236489	-1.61281184082
3.65365365365	-0.569059741792	-0.983908427696	-1.55296816949
3.66366366366	-0.516250563526	-0.970732806668	-1.48698337019
3.67367367367	-0.461399900552	-0.953718475682	-1.41511837623
3.68368368368	-0.404724656828	-0.932932716982	-1.33765737381
3.69369369369	-0.346448951515	-0.908457726716	-1.25490667823
3.7037037037	-0.286803232711	-0.8803902899	-1.16719352261
3.71371371371	-0.22602336616	-0.848841397682	-1.07486476384
3.72372372372	-0.164349702531	-0.813935808436	-0.978285510968
3.73373373373	-0.102026126964	-0.775811554413	-0.877837681377
3.74374374374	-0.0392990946401	-0.734619395895	-0.773918490535
3.75375375375	0.0235833438109	-0.690522225029	-0.666938881218
3.76376376376	0.0863725232145	-0.643694421671	-0.557321898456
3.77377377377	0.148820147184	-0.594321163817	-0.445501016633
3.78378378378	0.210679269996	-0.542597695325	-0.331918425329
3.79379379379	0.27170527312	-0.488728553829	-0.217023280708
3.8038038038	0.331656832556	-0.432926761912	-0.101269929356
3.81381381381	0.39029687313	-0.375412984719	0.0148838884104
3.82382382382	0.447393505998	-0.316414657346	0.130978848652
3.83383383383	0.502720945639	-0.256165085462	0.246555860177
3.84384384384	0.556060402709	-0.194902522713	0.361157879995
3.85385385385	0.607200949233	-0.132869228565	0.474331720668
3.86386386386	0.655940352709	-0.0703105102966	0.585629842413
3.87387387387	0.702085875823	-0.00747375294853	0.694612122874
3.88388388388	0.745455038618	0.0553925589481	0.800847597567
3.89389389389	0.785876340107	0.11803982399	0.903916164097
3.9039039039	0.823189936455	0.180220306985	1.00341024344
3.91391391391	0.85724827308	0.2416881186	1.09893639168
3.92392392392	0.887916668148	0.302200187728	1.19011685588
3.93393393393	0.915073845161	0.36151722269	1.27659106785
3.94394394394	0.938612412544	0.419404657505	1.35801707005
3.95395395395	0.958439288315	0.475633579467	1.43407286778
3.96396396396	0.974476068176	0.529981634372	1.50445770255
3.97397397397	0.986659335554	0.582233905799	1.56889324135
3.98398398398	0.994940912384	0.632183764989	1.62712467737
3.99399399399	0.99928804962	0.679633687948	1.67892173757
4.004004004	0.999683556747	0.724396036542	1.72407959329
4.01401401401	0.996125869751	0.766293800504	1.76241967026
4.02402402402	0.988629057313	0.805161297411	1.79379035472
4.03403403403	0.977222765169	0.840844827865	1.81806759303
4.04404404404	0.96195209888	0.873203283291	1.83515538217
4.05405405405	0.942877445461	0.902108703941	1.8449861494
4.06406406406	0.920074234591	0.927446784906	1.8475210195
4.07407407407	0.893632640323	0.949117328124	1.84274996845
4.08408408408	0.863657224501	0.967034638615	1.83069186312
4.09409409409	0.830266523272	0.981127863351	1.81139438662
4.1041041041	0.793592578344	0.991341271443	1.78493384979
4.11411411411	0.753780414831	0.997634474526	1.75141488936
4.12412412412	0.710987467765	0.999982586472	1.71097005424
4.13413413413	0.665382959521	0.998376321799	1.66375928132
4.14414414414	0.617147230641	0.992822032394	1.60996926304
4.15415415415	0.566471026685	0.983341682391	1.54981270908
4.16416416416	0.513554743939	0.969972761318	1.48352750526
4.17417417417	0.458607636956	0.952768135844	1.4113757728
4.18418418418	0.401846991078	0.931795840722	1.3336428318
4.19419419419	0.343497263182	0.907138809751	1.25063607293
4.2042042042	0.283789194086	0.878894547814	1.1626837419
4.21421421421	0.222958896095	0.847174745306	1.0701336414
4.22422422422	0.161246919305	0.812104836457	0.973351755762
4.23423423423	0.0988973003642	0.773823503308	0.872720803672
4.24424424424	0.036156597441	0.732482127305	0.768638724746
4.25425425425	-0.0267270847755	0.688244190665	0.66151710589
4.26426426426	-0.0895050761925	0.641284629897	0.551779553704
4.27427427427	-0.151929124666	0.591789144023	0.439860019358
4.28428428428	-0.213752377698	0.539953460244	0.326201082546
4.29429429429	-0.274730358608	0.485982559945	0.211252201338
4.3043043043	-0.334621933292	0.430089868109	0.0954679348169
4.31431431431	-0.393190263785	0.372496409339	-0.020693854447
4.32432432432	-0.450203744818	0.313429933826	-0.136773810992
4.33433433433	-0.505436919686	0.253124016729	-0.252312902958
4.34434434434	-0.558671371813	0.191817134508	-0.366854237306
4.35435435435	-0.609696588459	0.129751721886	-0.479944866573
4.36436436436	-0.658310793188	0.0671732131548	-0.591137580033
4.37437437437	-0.704321743776	0.00432907161431	-0.699992672161
4.38438438438	-0.747547492428	-0.0585321890039	-0.806079681432
4.39439439439	-0.787817105279	-0.121161987272	-0.908979092551
4.4044044044	-0.824971338339	-0.183312657067	-1.00828399541
4.41441441441	-0.85886326722	-0.244738426954	-1.10360169417
4.42442442442	-0.889358868137	-0.305196392075	-1.19455526021
4.43443443443	-0.916337547898	-0.364447474703	-1.2807850226
4.44444444444	-0.939692620786	-0.422257369663	-1.36194999045
4.45445445445	-0.959331730437	-0.478397470876	-1.43772920131
4.46446446446	-0.975177215064	-0.532645775373	-1.50782299044
4.47447447447	-0.987166414562	-0.584787761191	-1.57195417575
4.48448448448	-0.995251918294	-0.634617235691	-1.62986915399
4.49449449449	-0.999401752577	-0.681937150933	-1.68133890351
4.5045045045	-0.999599507118	-0.726560382891	-1.72615989001
4.51451451451	-0.995844399907	-0.768310471427	-1.76415487133
4.52452452452	-0.988151280311	-0.807022318093	-1.7951735984
4.53453453453	-0.976550570352	-0.842542839001	-1.81909340935
4.54454454454	-0.961088144404	-0.874731570189	-1.83581971459
4.55455455455	-0.941825147789	-0.903461223074	-1.84528637086
4.56456456456	-0.918837754976	-0.928618187809	-1.84745594279
4.57457457457	-0.892216868357	-0.95010298255	-1.84231985091
4.58458458458	-0.862067758776	-0.967830646847	-1.82989840562
4.59459459459	-0.828509649244	-0.981731077617	-1.81024072686
4.6046046046	-0.791675243475	-0.991749306366	-1.78342454984
4.61461461461	-0.751710201118	-0.997845716554	-1.74955591767
4.62462462462	-0.708772561755	-0.99999620026	-1.70876876201
4.63463463463	-0.663032119939	-0.998192253512	-1.66122437345
4.64464464464	-0.614669753754	-0.992441009919	-1.60711076367
4.65465465465	-0.56387670954	-0.982765212462	-1.546641922
4.66466466466	-0.510853845621	-0.969203123553	-1.48005696917
4.67467467467	-0.455810838022	-0.951808373734	-1.40761921176
4.68468468468	-0.398965351315	-0.930649749594	-1.32961510091
4.69469469469	-0.340542177879	-0.905810921759	-1.24635309964
4.7047047047	-0.280772348966	-0.87739011402	-1.15816246299
4.71471471471	-0.219892221108	-0.845499714911	-1.06539193602
4.72472472472	-0.158142541449	-0.810265833276	-0.968408374726
4.73473473473	-0.095767495733	-0.771827799581	-0.867595295314
4.74474474474	-0.0330137426761	-0.730337614932	-0.763351357608
4.75475475475	0.0298705614263	-0.685959350004	-0.656088788578
4.76476476476	0.092636744022	-0.638868496225	-0.546231752203
4.77477477477	0.155036599664	-0.58925127181	-0.434214672146
4.78478478478	0.216823371526	-0.537303885366	-0.320480513841
4.79479479479	0.277752727186	-0.483231760003	-0.205479032817
4.8048048048	0.33758372483	-0.42724872099	-0.0896649961605
4.81481481481	0.396079766039	-0.369576150205	0.0265036158345
4.82482482482	0.453009531408	-0.310442110683	0.142567420726
4.83483483483	0.508147895284	-0.250080444759	0.258067450525
4.84484484484	0.561276816012	-0.188729849352	0.37254696666
4.85485485485	0.612186198173	-0.126632932045	0.485553266128
4.86486486486	0.66067472339	-0.0640352517125	0.596639471678
4.87487487487	0.706550646434	-0.00118434746832	0.705366298966
4.88488488488	0.749632553468	0.0616712402134	0.811303793682
4.89489489489	0.78975007944	0.124282952338	0.914033031778
4.9049049049	0.826744581781	0.186403194304	1.01314777608
4.91491491491	0.860469767748	0.247786315	1.10825608275
4.92492492492	0.890792272932	0.308189578224	1.19898185116
4.93493493493	0.917592188639	0.367374122563	1.2849663112
4.94494494494	0.940763536065	0.425105905964	1.36586944203
4.95495495495	0.960214685378	0.481156631237	1.44137131661
4.96496496496	0.975868718069	0.535304648845	1.51117336691
4.97497497497	0.98766373112	0.587335833404	1.57499956452
4.98498498498	0.995553081795	0.637044430432	1.63259751223
4.99499499499	0.999505572086	0.684233869992	1.68373944208
5.00500500501	0.999505572086	0.728717544018	1.7282231161
5.01501501502	0.995553081795	0.770319544247	1.76587262604
5.02502502503	0.98766373112	0.808875357836	1.79653908896
5.03503503504	0.975868718069	0.844232517924	1.82010123599
5.04504504505	0.960214685378	0.876251206547	1.83646589192
5.05505505506	0.940763536065	0.904804807548	1.84556834361
5.06506506507	0.917592188639	0.929780407269	1.84737259591
5.07507507508	0.890792272932	0.951079241061	1.84187151399
5.08508508509	0.860469767748	0.968617083848	1.8290868516
5.0950950951	0.826744581781	0.982324583187	1.80906916497
5.10510510511	0.78975007944	0.992147533519	1.78189761296
5.11511511512	0.749632553468	0.998047090522	1.74767964399
5.12512512513	0.706550646434	0.99999992472	1.70655057115
5.13513513514	0.66067472339	0.997998313736	1.65867303713
5.14514514515	0.612186198173	0.992050172833	1.60423637101
5.15515515516	0.561276816012	0.982179023608	1.54345583962
5.16516516517	0.508147895284	0.968423900984	1.47657179627
5.17517517518	0.453009531408	0.950839198843	1.40384873025
5.18518518519	0.396079766039	0.92949445493	1.32557422097
5.1951951952	0.33758372483	0.904474075872	1.2420578007
5.20520520521	0.277752727186	0.875877003394	1.15362973058
5.21521521522	0.216823371526	0.84381632306	1.06063969459
5.22522522523	0.155036599664	0.808418817081	0.963455416745
5.23523523524	0.092636744022	0.769824462966	0.862461206988
5.24524524525	0.0298705614263	0.728185879983	0.75805644141
5.25525525526	-0.0330137426761	0.68366772564	0.650653982964
5.26526526527	-0.095767495733	0.63644604455	0.540678548817
5.27527527528	-0.158142541449	0.586707572275	0.428565030826
5.28528528529	-0.219892221108	0.534648996895	0.314756775787
5.2952952953	-0.280772348966	0.480476181205	0.199703832239
5.30530530531	-0.340542177879	0.424403348653	0.0838611707743
5.31531531532	-0.398965351315	0.366652236197	-0.032313115118
5.32532532533	-0.455810838022	0.307451217464	-0.148359620558
5.33533533534	-0.510853845621	0.247034399653	-0.263819445968
5.34534534535	-0.56387670954	0.185640697778	-0.378236011762
5.35535535536	-0.614669753754	0.123512889885	-0.491156863869
5.36536536537	-0.663032119939	0.0608966570023	-0.602135462937
5.37537537538	-0.708772561755	-0.00196038839011	-0.710732950145
5.38538538539	-0.751710201118	-0.0648096815335	-0.816519882652
5.3953953954	-0.791675243475	-0.127402688325	-0.919077931799
5.40540540541	-0.828509649244	-0.189491888131	-1.01800153738
5.41541541542	-0.862067758776	-0.250831752597	-1.11289951137
5.42542542543	-0.892216868357	-0.311179716573	-1.20339658493
5.43543543544	-0.918837754976	-0.370297137326	-1.2891348923
5.44544544545	-0.941825147789	-0.427950238238	-1.36977538603
5.45545545546	-0.961088144404	-0.483911033264	-1.44499917767
5.46546546547	-0.976550570352	-0.537958228494	-1.51450879885
5.47547547548	-0.988151280311	-0.589878097238	-1.57802937755
5.48548548549	-0.995844399907	-0.639465325208	-1.63530972512
5.4954954955	-0.999599507118	-0.686523822413	-1.68612332953
5.50550550551	-0.999401752577	-0.730867498592	-1.73026925117
5.51551551552	-0.995251918294	-0.772320999096	-1.76757291739
5.52552552553	-0.987166414562	-0.810720398316	-1.79788681288
5.53553553554	-0.975177215064	-0.845913847923	-1.82109106299
5.54554554555	-0.959331730437	-0.877762177337	-1.83709390777
5.55555555556	-0.939692620786	-0.906139444078	-1.84583206486
5.56556556557	-0.916337547898	-0.93093343179	-1.84727097969
5.57557557558	-0.889358868137	-0.952046094002	-1.84140496214
5.58558558559	-0.85886326722	-0.969393941841	-1.82825720906
5.5955955956	-0.824971338339	-0.98290837419	-1.80787971253
5.60560560561	-0.787817105279	-0.992535948962	-1.78035305424
5.61561561562	-0.747547492428	-0.998238594437	-1.74578608687
5.62562562563	-0.704321743776	-0.999993759816	-1.70431550359
5.63563563564	-0.658310793188	-0.997794504392	-1.65610529758
5.64564564565	-0.609696588459	-0.991649525	-1.60134611346
5.65565565566	-0.558671371813	-0.981583121628	-1.54025449344
5.66566566567	-0.505436919686	-0.967635101318	-1.473072021
5.67567567568	-0.450203744818	-0.949860620756	-1.40006436557
5.68568568569	-0.393190263785	-0.928329968157	-1.32152023194
5.6956956957	-0.334621933292	-0.903128285311	-1.2377502186
5.70570570571	-0.274730358608	-0.874355230901	-1.14908558951
5.71571571572	-0.213752377698	-0.842124586401	-1.0558769641
5.72572572573	-0.151929124666	-0.806563806137	-0.958492930802
5.73573573574	-0.0895050761925	-0.767813513276	-0.857318589469
5.74574574575	-0.0267270847755	-0.726026943739	-0.752754028514
5.75575575576	0.036156597441	-0.681369340236	-0.645212742795
5.76576576577	0.0988973003642	-0.634017298827	-0.535119998462
5.77577577578	0.161246919305	-0.584158070576	-0.422911151271
5.78578578579	0.222958896095	-0.531988821084	-0.309029924989
5.7957957958	0.283789194086	-0.477715850803	-0.193926656717
5.80580580581	0.343497263182	-0.421553779236	-0.0780565160543
5.81581581582	0.401846991078	-0.363724696232	0.0381222948454
5.82582582583	0.458607636956	-0.304457283748	0.154150353209
5.83583583584	0.513554743939	-0.243985911534	0.269568832404
5.84584584585	0.566471026685	-0.182549710336	0.38392131635
5.85585585586	0.617147230641	-0.12039162626	0.496755604381
5.86586586587	0.665382959521	-0.0577574600628	0.607625499459
5.87587587588	0.710987467765	0.00510510486155	0.716092572627
5.88588588589	0.753780414831	0.067947481927	0.821727896758
5.8958958959	0.793592578344	0.13052116438	0.924113742723
5.90590590591	0.830266523272	0.192578708004	1.02284523128
5.91591591592	0.863657224501	0.253874709627	1.11753193413
5.92592592593	0.893632640323	0.314166777553	1.20779941788
5.93593593594	0.920074234591	0.373216490085	1.29329072468
5.94594594595	0.942877445461	0.430790338355	1.37366778382
5.95595595596	0.96195209888	0.486660649719	1.4486127486
5.96596596597	0.977222765169	0.540606488077	1.51782925325
5.97597597598	0.988629057313	0.592414527552	1.58104358487
5.98598598599	0.996125869751	0.641879896077	1.63800576583
5.995995996	0.999683556747	0.688806985549	1.6884905423
6.00600600601	0.99928804962	0.733010225351	1.73229827497
6.01601601602	0.994940912384	0.774314816181	1.76925572856
6.02602602603	0.986659335554	0.812557421286	1.79921675684
6.03603603604	0.974476068176	0.84758681237	1.82206288055
6.04604604605	0.958439288315	0.879264467616	1.83770375593
6.05605605606	0.938612412544	0.907465119463	1.84607753201
6.06606606607	0.915073845161	0.932077249971	1.84715109513
6.07607607608	0.887916668148	0.953003531812	1.84092019996
6.08608608609	0.85724827308	0.970161213144	1.82740948622
6.0960960961	0.823189936455	0.983482444853	1.80667238131
6.10610610611	0.785876340107	0.992914548854	1.77879088896
6.11611611612	0.745455038618	0.998420226407	1.74387526503
6.12612612613	0.702085875823	0.999977705608	1.70206358143
6.13613613614	0.655940352709	0.997580827493	1.6535211802
6.14614614615	0.607200949233	0.991239070384	1.59844001962
6.15615615616	0.556060402709	0.980977512414	1.53703791512
6.16616616617	0.502720945639	0.966836732355	1.46955767799
6.17617617618	0.447393505998	0.948872649151	1.39626615515
6.18618618619	0.39029687313	0.927156300789	1.31745317392
6.1961961962	0.331656832556	0.901773563385	1.23343039594
6.20620620621	0.27170527312	0.87282481159	1.14453008471
6.21621621622	0.210679269996	0.840424521664	1.05110379166
6.22622622623	0.148820147184	0.804700818789	0.953520965973
6.23623623624	0.0863725232145	0.765794970398	0.852167493613
6.24624624625	0.0235833438109	0.723860827549	0.74744417136
6.25625625626	-0.0392990946401	0.679064216523	0.639765121882
6.26626626627	-0.102026126964	0.631582283075	0.529556156111
6.27627627628	-0.164349702531	0.581602791924	0.417253089392
6.28628628629	-0.22602336616	0.529323384241	0.303300018081
6.2962962963	-0.286803232711	0.474950796095	0.188147563383
6.30630630631	-0.346448951515	0.41870004092	0.0722510894049
6.31631631632	-0.404724656828	0.360793559261	-0.0439310975675
6.32632632633	-0.461399900552	0.301460339143	-0.15993956141
6.33633633634	-0.516250563526	0.240935010549	-0.275315552976
6.34634634635	-0.569059741792	0.179456917592	-0.389602824199
6.35635635636	-0.619618604335	0.117269172039	-0.502349432295
6.36636636637	-0.667727218889	0.0546176919387	-0.61310952695
6.37637637638	-0.713195342561	-0.00824977084674	-0.721445113407
6.38638638639	-0.755843174135	-0.0710846103631	-0.826927784498
6.3963963964	-0.795502065086	-0.133638349663	-0.929140414749
6.40640640641	-0.832015186492	-0.195663623396	-1.02767880989
6.41641641642	-0.865238149205	-0.256915155998	-1.1221533052
6.42642642643	-0.89503957483	-0.317150731622	-1.21219030645
6.43643643644	-0.921301615256	-0.37613215197	-1.29743376723
6.44644644645	-0.943920418674	-0.433626178229	-1.3775465969
6.45645645646	-0.962806540259	-0.489405453409	-1.45221199367
6.46646646647	-0.977885295874	-0.543249401406	-1.52113469728
6.47647647648	-0.989097057402	-0.594945099263	-1.58404215666
6.48648648649	-0.996397488543	-0.644288119162	-1.6406856077
6.4964964965	-0.999757720139	-0.691083336821	-1.69084105696
6.50650650651	-0.999164464339	-0.735145703103	-1.73431016744
6.51651651652	-0.99462006714	-0.776300975783	-1.77092104292
6.52652652653	-0.986142499113	-0.814386408579	-1.80052890769
6.53653653654	-0.973765284338	-0.849251394723	-1.82301667906
6.54654654655	-0.957537367837	-0.880758062528	-1.83829543037
6.55655655656	-0.937522922021	-0.908781820595	-1.84630474262
6.56656656657	-0.913801092924	-0.9332118505	-1.84701294342
6.57657657658	-0.886465687226	-0.953951545022	-1.84041723225
6.58658658659	-0.855624801299	-0.970918890168	-1.82654369147
6.5965965966	-0.821400393745	-0.9840467895	-1.80544718324
6.60660660661	-0.783927803117	-0.993283329453	-1.77721113257
6.61661661662	-0.743355212731	-0.998591984634	-1.74194719737
6.62662662663	-0.699843064686	-0.999951762256	-1.69979482694
6.63663663664	-0.653563425397	-0.997357285153	-1.65092071055
6.64664664665	-0.604699305175	-0.990818813042	-1.59551811822
6.65665665666	-0.55344393452	-0.980362201955	-1.53380613648
6.66666666667	-0.5	-0.966028801991	-1.46602880199
6.67667667668	-0.44457884274	-0.947875293798	-1.39245413654
6.68668668669	-0.387399622686	-0.925973464434	-1.31337308712
6.6966966967	-0.328688451945	-0.90040992349	-1.22909837543
6.70670670671	-0.268677500641	-0.871285760595	-1.13996326124
6.71671671672	-0.207604078809	-0.838716145663	-1.04632022447
6.72672672673	-0.145709697966	-0.80282987346	-0.948539571427
6.73673673674	-0.0832391160672	-0.763768854294	-0.847007970361
6.74674674675	-0.0204393696219	-0.721687552835	-0.742126922457
6.75675675676	0.0424412031962	-0.676752377295	-0.634311174099
6.76676676677	0.10515394459	-0.629141021376	-0.523987076786
6.77677677678	0.167450860443	-0.579041761589	-0.411590901146
6.78678678679	0.229085600998	-0.526652712726	-0.297567111728
6.7967967968	0.289814435034	-0.472181044424	-0.18236660939
6.80680680681	0.349397213688	-0.415842161926	-0.0664449482381
6.81681681682	0.407598320109	-0.35785885427	0.049739465839
6.82682682683	0.464187601196	-0.298460413286	0.16572718791
6.83683683684	0.518941277722	-0.23788172687	0.281059550852
6.84684684685	0.571642829258	-0.176362350134	0.395280479124
6.85685685686	0.622083850393	-0.1141455581	0.507938292293
6.86686686687	0.670064874858	-0.0514773836802	0.618587491177
6.87687687688	0.715396164307	0.0113943552469	0.726790519554
6.88688688689	0.757898458629	0.0742210358175	0.832119494446
6.8968968969	0.797403684817	0.136754213349	0.934157898166
6.90690690691	0.833755621609	0.198746603799	1.03250222541
6.91691691692	0.866810517252	0.25995306164	1.12676357889
6.92692692693	0.896437657964	0.320131549272	1.21656920724
6.93693693694	0.922519884832	0.379044094146	1.30156397898
6.94694694695	0.944954057113	0.436457729816	1.38141178693
6.95695695696	0.963651460093	0.492145417189	1.45579687728
6.96696696697	0.978538155914	0.545886942342	1.52442509826
6.97697697698	0.989555275949	0.597469787344	1.58702506329
6.98698698699	0.996659253595	0.646689970647	1.64334922424
6.996996997	0.999821996562	0.693352853718	1.69317485028
7.00700700701	0.999030997955	0.737273910732	1.73630490869
7.01701701702	0.994289385735	0.778279458262	1.772568844
7.02702702703	0.985615910348	0.816207342107	1.80182325245
7.03703703704	0.97304487058	0.850907578518	1.8239524491
7.04704704705	0.956625977922	0.882242947302	1.83886892522
7.05705705706	0.936424159991	0.910089534452	1.84651369444
7.06706706707	0.912519303774	0.934337222156	1.84685652593
7.07707707708	0.885005939722	0.954890124256	1.83989606398
7.08708708709	0.853992867932	0.971666965421	1.82565983335
7.0970970971	0.819602727906	0.984601402548	1.80420413045
7.10710710711	0.781971513578	0.993642287109	1.77561380069
7.11711711712	0.741248035533	0.99875386742	1.74000190295
7.12712712713	0.697593332546	0.999915930016	1.69750926256
7.13713713714	0.651180034758	0.997123879582	1.64830391434
7.14714714715	0.602191681025	0.990388757131	1.59258043816
7.15715715716	0.550821993122	0.979737196336	1.53055918946
7.16716716717	0.497274109679	0.965211318215	1.46248542789
7.17717717718	0.44175978288	0.946868564559	1.38862834744
7.18718718719	0.384498541105	0.92478147079	1.30928001189
7.1971971972	0.325716820813	0.899037379113	1.22475419993
7.20720720721	0.265647071111	0.869738093138	1.13538516425
7.21721721722	0.204526834549	0.836999475292	1.04152630984
7.22722722723	0.142597807772	0.800950988654	0.943548796426
7.23723723724	0.0801048857378	0.761735185001	0.841840070739
7.24724724725	0.0172951933006	0.719507141089	0.73680233439
7.25725725726	-0.0455828920356	0.674433845416	0.62885095338
7.26726726727	-0.10828072231	0.626693537871	0.518412815561
7.27727727728	-0.170550362372	0.576475004899	0.405924642527
7.28728728729	-0.232145570325	0.52397683295	0.291831262625
7.2972972973	-0.292822771277	0.469406623183	0.176583851907
7.30730730731	-0.352342020544	0.412980170517	0.060638149973
7.31731731732	-0.410467952501	0.354920610282	-0.0555473422186
7.32732732733	-0.466970711319	0.295457535845	-0.171513175474
7.33733733734	-0.521626859919	0.234826090691	-0.286800769228
7.34734734735	-0.574220263541	0.173266038564	-0.400954224977
7.35735735736	-0.624542944437	0.111020815334	-0.513522129103
7.36736736737	-0.67239590431	0.0483365663432	-0.624059337967
7.37737737738	-0.71758991124	-0.0145388269642	-0.732128738204
7.38738738739	-0.759946247989	-0.077356727273	-0.837302975262
7.3973973974	-0.799297418733	-0.139868724621	-0.939166143354
7.40740740741	-0.835487811413	-0.201827618724	-1.03731543014
7.41741741742	-0.868374313094	-0.262988396512	-1.13136270961
7.42742742743	-0.897826875899	-0.323109201025	-1.22093607692
7.43743743744	-0.923729031273	-0.381952287818	-1.30568131909
7.44744744745	-0.945978350556	-0.439284965113	-1.38526331567
7.45745745746	-0.964486850027	-0.494880513964	-1.45936736399
7.46746746747	-0.979181338833	-0.548519084804	-1.52770042364
7.47747747748	-0.990003708422	-0.599988566829	-1.58999227525
7.48748748749	-0.996911162321	-0.649085426778	-1.6459965891
7.4974974975	-0.999876385381	-0.695615513795	-1.69549189918
7.50750750751	-0.998887651789	-0.739394827189	-1.73828247898
7.51751751752	-0.993948871439	-0.780250244051	-1.77419911549
7.52752752753	-0.985079574467	-0.818020203863	-1.80309977833
7.53753753754	-0.972314834025	-0.852555347378	-1.8248701814
7.54754754755	-0.955705127584	-0.883719107253	-1.83942423484
7.55755755756	-0.935316137322	-0.9113882481	-1.84670438542
7.56756756757	-0.911228490388	-0.93545335381	-1.8466818442
7.57757757758	-0.88353744007	-0.955819260234	-1.8393567003
7.58758758759	-0.852352489117	-0.972405431505	-1.82475792062
7.5975975976	-0.817796956717	-0.985146278513	-1.80294323523
7.60760760761	-0.780007490838	-0.993991418275	-1.77399890911
7.61761761762	-0.739133527863	-0.998905873165	-1.73803940103
7.62762762763	-0.69533670165	-0.999870209242	-1.69520691089
7.63763763764	-0.648790204361	-0.99688061309	-1.64567081745
7.64764764765	-0.599678101582	-0.989948906904	-1.58962700849
7.65765765766	-0.548194604445	-0.979102501739	-1.52729710618
7.66766766767	-0.494543301632	-0.964384289111	-1.45892759074
7.67767767768	-0.438936354296	-0.945852471392	-1.38478882569
7.68768768769	-0.381593657079	-0.923580331643	-1.30517398872
7.6976976977	-0.322741968549	-0.897655943828	-1.22039791238
7.70770770771	-0.2626140145	-0.868181824523	-1.13079583902
7.71771771772	-0.20144756765	-0.835274527527	-1.03672209518
7.72772772773	-0.139484507376	-0.799064182952	-0.938548690327
7.73773773774	-0.076969863222	-0.759693982631	-0.836663845853
7.74774774775	-0.0141508459408	-0.717319613874	-0.731470459815
7.75775775776	0.0487241300892	-0.672108643814	-0.623384513725
7.76776776777	0.111406429203	-0.624239856766	-0.512833427562
7.77777777778	0.173648177667	-0.573902547238	-0.400254369571
7.78778778779	0.235203243879	-0.521295771376	-0.286092527497
7.7977977978	0.295828211688	-0.466627559809	-0.170799348121
7.80780780781	0.355283342961	-0.410114094996	-0.054830752035
7.81781781782	0.413333525626	-0.351978856355	0.0613546692704
7.82782782783	0.469749203398	-0.292451736517	0.177297466881
7.83783783784	0.524307283557	-0.231768132231	0.292539151326
7.84784784785	0.576792019149	-0.170168013503	0.406624005646
7.85785785786	0.626995862148	-0.107894974643	0.519100887505
7.86786786787	0.674720284195	-0.0451952709882	0.629525013207
7.87787787788	0.719776561664	0.0176831549017	0.737459716565
7.88788788789	0.761986521963	0.0804916537195	0.842478175682
7.8978978979	0.801183248104	0.142981852681	0.944165100786
7.90790790791	0.837211738773	0.204906637702	1.04211837647
7.91791791792	0.869929521266	0.266021130596	1.13595065186
7.92792792793	0.899207214896	0.326083657432	1.22529087233
7.93793793794	0.92492904262	0.384856704223	1.30978574684
7.94794794795	0.946993288874	0.442107856161	1.38910114503
7.95795795796	0.965312701797	0.497610716685	1.46292341848
7.96796796797	0.979814838271	0.55114580276	1.53096064103
7.97797797798	0.990442350387	0.602501412807	1.59294376319
7.98798798799	0.997153212228	0.651474463866	1.64862767609
7.997997998	0.999920886057	0.697871294677	1.69779218073
8.00800800801	0.998734427259	0.741508431501	1.74024285876
8.01801801802	0.99359852762	0.782213313661	1.77581184128
8.02802802803	0.984533496775	0.819824975918	1.80435847269
8.03803803804	0.971575181895	0.854194685006	1.8257698669
8.04804804805	0.954774825929	0.885186527784	1.83996135371
8.05805805806	0.934198864969	0.912677948698	1.84687681367
8.06806806807	0.909928665531	0.936560234424	1.84648889996
8.07807807808	0.882060202795	0.956738943766	1.83879914656
8.08808808809	0.850703681078	0.973134281116	1.82383796219
8.0980980981	0.815983098035	0.985681412008	1.80166451004
8.10810810811	0.778035754318	0.994330719496	1.77236647381
8.11811811812	0.737011710631	0.999048000365	1.736059711
8.12812812813	0.693073194316	0.999814600386	1.6928877947
8.13813813814	0.646393957842	0.996627488081	1.64302144592
8.14814814815	0.597158591703	0.989499266711	1.58665785841
8.15815815816	0.54556179447	0.978458124439	1.52401991891
8.16816816817	0.491807602866	0.96354772286	1.45535532573
8.17817817818	0.436108584911	0.944827024345	1.38093560926
8.18818818819	0.378684999333	0.922370058874	1.30105505821
8.1981981982	0.319763924571	0.896265631294	1.21602955587
8.20820820821	0.259578360804	0.866616970141	1.12619533094
8.21821821822	0.198366308561	0.833541319427	1.03190762799
8.22822822823	0.136369827566	0.797169475011	0.933539302577
8.23823823824	0.0738340795231	0.757645267369	0.831479346892
8.24824824825	0.0110063586381	0.715124992824	0.726131351462
8.25825825826	-0.0518648862921	0.669776795485	0.617911909193
8.26826826827	-0.114531034357	0.621780002324	0.507248967967
8.27827827828	-0.176744275691	0.571324414044	0.394580138353
8.28828828829	-0.238258591423	0.518609554518	0.280350963095
8.2982982983	-0.298830726545	0.463843881784	0.165013155238
8.30830830831	-0.358221151852	0.407243963708	0.0490228118558
8.31831831832	-0.416195011144	0.349033621581	-0.0671613895634
8.32832832833	-0.472523049956	0.289443045027	-0.183080004929
8.33833833834	-0.526982522129	0.228707881732	-0.298274640397
8.34834834835	-0.57935807065	0.167068305588	-0.412289765062
8.35835835836	-0.629442579268	0.104768066939	-0.524674512329
8.36836836837	-0.677037991524	0.0420535286806	-0.634984462843
8.37837837838	-0.721956093955	-0.020827307964	-0.742783401919
8.38838838839	-0.764019260373	-0.0836257841548	-0.847645044528
8.3983983984	-0.803061154282	-0.146093566741	-0.949154721024
8.40840840841	-0.83892738664	-0.207983630284	-1.04691101692
8.41841841842	-0.871476126386	-0.269051233899	-1.14052736029
8.42842842843	-0.900578661304	-0.329054889079	-1.22963355038
8.43843843844	-0.926119907006	-0.387757314641	-1.31387722165
8.44844844845	-0.947998862029	-0.444926375042	-1.39292523707
8.45845845846	-0.966129007238	-0.500335998352	-1.46646500559
8.46846846847	-0.980438647961	-0.553767070234	-1.5342057182
8.47847847848	-0.990871197506	-0.605008300429	-1.59587949794
8.48848848849	-0.997385400923	-0.653857058286	-1.65124245921
8.4984984985	-0.99995549815	-0.700120174054	-1.7000756722
8.50850850851	-0.998571325879	-0.743614702766	-1.74218602864
8.51851851852	-0.993238357742	-0.784168647677	-1.77740700542
8.52852852853	-0.983977682672	-0.821621640425	-1.8055993231
8.53853853854	-0.970825921502	-0.855825575192	-1.82665149669
8.54854854855	-0.953835082157	-0.886645194381	-1.84048027654
8.55855855856	-0.933072353983	-0.91395862349	-1.84703097747
8.56856856857	-0.908619842057	-0.937657853053	-1.84627769511
8.57857857858	-0.880574242504	-0.957649165757	-1.83822340826
8.58858858859	-0.849046460119	-0.973853507047	-1.82289996717
8.5985985986	-0.814161169798	-0.986206797739	-1.80036796754
8.60860860861	-0.77605632352	-0.994660187417	-1.77071651094
8.61861861862	-0.734882604821	-0.999180247615	-1.73406285244
8.62862862863	-0.690802832929	-0.999749103999	-1.69055193693
8.63863863864	-0.643991318896	-0.996364507059	-1.64035582596
8.64864864865	-0.594633176304	-0.989039840998	-1.5836730173
8.65865865866	-0.542923589236	-0.977804070809	-1.52072766005
8.66866866867	-0.489067040436	-0.962701627733	-1.45176866817
8.67867867868	-0.433276502688	-0.943792233558	-1.37706873625
8.68868868869	-0.375772596633	-0.921150664451	-1.29692326108
8.6986986987	-0.316782718332	-0.894866455263	-1.21164917359
8.70870870871	-0.256540140042	-0.865043545467	-1.12158368551
8.71871871872	-0.195283087756	-0.831799868133	-1.02708295589
8.72872872873	-0.133253799146	-0.795266883571	-0.928520682717
8.73873873874	-0.070697565652	-0.755589059477	-0.826286625129
8.74874874875	-0.00786176248947	-0.712923299642	-0.720785062131
8.75875875876	0.0550051295842	-0.667438323488	-0.612433193904
8.76876876877	0.117654506872	-0.619313998873	-0.501659492001
8.77877877878	0.179838625827	-0.568740630815	-0.388902004988
8.78878878879	0.241311582741	-0.515918208941	-0.2746066262
8.7987987988	0.301830286157	-0.461055616637	-0.15922533048
8.80880880881	0.361155418163	-0.404369805035	-0.043214386872
8.81881881882	0.419052380758	-0.346084935085	0.0729674456729
8.82882882883	0.475292223561	-0.286431491129	0.188860732432
8.83883883884	0.529652549179	-0.225645369457	0.304007179722
8.84884884885	0.581918392668	-0.163966945474	0.417951447194
8.85885885886	0.6318830716	-0.101640123145	0.530242948455
8.86886886887	0.679349003377	-0.0389113704903	0.640437632886
8.87887887888	0.724128486558	0.0239712550575	0.748099741615
8.88888888889	0.766044443119	0.086759087584	0.852803530703
8.8988988989	0.804931118695	0.149203836029	0.954134954724
8.90890890891	0.840634738048	0.211058566039	1.05169330409
8.91891891892	0.873014113161	0.272078676457	1.14509278962
8.92892892893	0.901941201561	0.332022866582	1.23396406814
8.93893893894	0.927301612655	0.390654090384	1.31795570304
8.94894894895	0.948995060078	0.447740493885	1.39673555396
8.95895895896	0.966935758276	0.503056332013	1.46999209029
8.96896896897	0.981052761736	0.556382861303	1.53743562304
8.97897897898	0.991290245538	0.607509204903	1.59879945044
8.98898898899	0.99760772611	0.656233186474	1.65384091258
8.998998999	0.999980221319	0.702362129688	1.70234235101
9.00900900901	0.998398349262	0.745713620153	1.74411196942
9.01901901902	0.992868365367	0.786116226764	1.77898459213
9.02902902903	0.983412137654	0.823410179616	1.80682231727
9.03903903904	0.970067060258	0.857448001806	1.82751506206
9.04904904905	0.952885905561	0.888095092621	1.84098099818
9.05905905906	0.931936615503	0.915230259812	1.84716687532
9.06906906907	0.907302032909	0.93874619884	1.84604823175
9.07907907908	0.879079573893	0.958549917206	1.8376294911
9.08908908909	0.847380842629	0.974563102185	1.82194394481
9.0990990991	0.812331190024	0.98672243051	1.79905362053
9.10910910911	0.774069218016	0.994979818781	1.7690490368
9.11911911912	0.732746231489	0.999302613606	1.7320488451
9.12912912913	0.688525639939	0.999673720728	1.68819936067
9.13913913914	0.641582311285	0.996091672625	1.63767398391
9.14914914915	0.592101880361	0.98857063431	1.58067251467
9.15915915916	0.540280014833	0.977140347319	1.51742036215
9.16916916917	0.486321641442	0.961846012099	1.44816765354
9.17917917918	0.430440135636	0.942748109265	1.3731882449
9.18918918919	0.37285647778	0.919922160432	1.29277863821
9.1991991992	0.313798379312	0.893458429571	1.20725680888
9.20920920921	0.253499382261	0.863461566062	1.11696094832
9.21921921922	0.192197935725	0.830050190866	1.02224812659
9.22922922923	0.13013645293	0.793356427446	0.923492880376
9.23923923924	0.0675603526269	0.753525379288	0.821085731915
9.24924924925	0.00471708859304	0.710714556101	0.715431644694
9.25925925926	-0.0581448289105	0.66509325095	0.60694842204
9.26926926927	-0.120776815858	0.6168418708	0.496065054942
9.27927927928	-0.182931197472	0.566151223102	0.38322002563
9.28928928929	-0.24436218764	0.51322176126	0.26885957362
9.2992992993	-0.304826860859	0.458262791944	0.153435931085
9.30930930931	-0.364086112876	0.401491647402	0.0374055345254
9.31931931932	-0.421905606211	0.34313282603	-0.0787727801807
9.32932932933	-0.478056696828	0.283417104605	-0.194639592222
9.33933933934	-0.532317338301	0.222580625693	-0.309736712609
9.34934934935	-0.584472959883	0.160863963831	-0.423608996052
9.35935935936	-0.634317315011	0.0985111741949	-0.535806140816
9.36936936937	-0.6816532969	0.0357688274913	-0.645884469408
9.37937937938	-0.72629371799	-0.0271149650904	-0.753408683081
9.38938938939	-0.768062050171	-0.089891533021	-0.857953583192
9.3993993994	-0.80679312285	-0.152312629785	-0.959105752636
9.40940940941	-0.842333776112	-0.214131414559	-1.05646519067
9.41941941942	-0.874543466381	-0.275103428329	-1.14964689471
9.42942942943	-0.903294822193	-0.33498756059	-1.23828238278
9.43943943944	-0.928474147879	-0.393547002807	-1.32202115069
9.44944944945	-0.949981873168	-0.450550184858	-1.40053205803
9.45945945946	-0.967732946933	-0.505771690767	-1.4735046377
9.46946946947	-0.981657173522	-0.558993150099	-1.54065032362
9.47947947948	-0.991699490339	-0.610004101497	-1.60170359184
9.48948948949	-0.997820185589	-0.658602824933	-1.65642301052
9.4994994995	-0.999995055317	-0.704597139406	-1.70459219472
9.50950950951	-0.99821549912	-0.747805162906	-1.74602066203
9.51951951952	-0.992488554155	-0.78805603166	-1.78054458582
9.52952952953	-0.982836867314	-0.825190575802	-1.80802744312
9.53953953954	-0.969298605666	-0.859061948803	-1.82836055447
9.54954954955	-0.951927305529	-0.889536208164	-1.84146351369
9.55955955956	-0.930791660762	-0.916492845088	-1.84728450585
9.56956956957	-0.90597525112	-0.939825261023	-1.84580051214
9.57957957958	-0.877576211743	-0.959441189205	-1.83701740095
9.58958958959	-0.845706845082	-0.975263059513	-1.82096990459
9.5995995996	-0.81049317681	-0.987228305224	-1.79772148203
9.60960960961	-0.77207445746	-0.995289610427	-1.76736406789
9.61961961962	-0.730602611762	-0.999415097129	-1.73001770889
9.62962962963	-0.686241637869	-0.999588451319	-1.68583008919
9.63963963964	-0.639166958833	-0.995808987476	-1.63497594631
9.64964964965	-0.589564728906	-0.988091651285	-1.57765638019
9.65965965966	-0.537631097403	-0.97646696053	-1.51409805793
9.66966966967	-0.483571433037	-0.960980884418	-1.44455231745
9.67967967968	-0.427599511804	-0.941694661791	-1.3692941736
9.68968968969	-0.369936671614	-0.918684558967	-1.28862123058
9.6996996997	-0.310810937026	-0.892041568142	-1.20285250517
9.70970970971	-0.250456117533	-0.86187104757	-1.1123271651
9.71971971972	-0.189110882978	-0.82829230493	-1.01740318791
9.72972972973	-0.127017819747	-0.79143812553	-0.918455945277
9.73973973974	-0.0644224714728	-0.751454247212	-0.815876718685
9.74974974975	-0.00157236804759	-0.708498784044	-0.710071152092
9.75975975976	0.0612839532213	-0.662741601062	-0.601457647841
9.76976976977	0.123897930438	-0.614363642552	-0.490465712113
9.77977977978	0.186021960045	-0.563556216513	-0.377534256468
9.78978978979	0.247410375952	-0.510520238141	-0.263109862189
9.7997997998	0.307820421017	-0.455465435322	-0.147645014305
9.80980980981	0.367013207009	-0.398609519271	-0.0315963122618
9.81981981982	0.424754659284	-0.340177323608	0.0845773356757
9.82982982983	0.480816442417	-0.280399915266	0.200416527151
9.83983983984	0.534976863143	-0.219513680747	0.315463182396
9.84984984985	0.587021747031	-0.157759391345	0.429262355685
9.85985985986	0.636745285425	-0.0953812510319	0.541364034393
9.86986986987	0.683950849304	-0.0326259307613	0.651324918543
9.87987987988	0.728451766839	0.0302584069736	0.758710173812
9.88988988989	0.770072061578	0.0930230894879	0.863095151065
9.8998998999	0.808647148334	0.155419917266	0.9640670656
9.90990990991	0.84402448403	0.217202145456	1.06122662949
9.91991991992	0.876064170921	0.278125459603	1.15418963052
9.92992992993	0.904639509812	0.337948941784	1.2425884516
9.93993993994	0.929637501083	0.3964360233	1.32607352438
9.94994994995	0.95095929154	0.453355420175	1.40431471172
9.95995995996	0.968520565327	0.508482047759	1.47700261309
9.96996996997	0.982251877342	0.561597910808	1.54384978815
9.97997997998	0.992098927861	0.612492965538	1.6045918934
9.98998998999	0.99802277726	0.660965950228	1.65898872749
10.0	1.0	0.706825181105	1.70682518111
