System params: f_X=1, f_Y=1, A_X=1, A_Y=1, phi=4.71, dt=0.01, N=1000

t	X	Y	Z
0.0	1.0	-0.999997146388	2.85361228203e-06
0.01001001001	0.99802277726	-0.998170084425	-0.000147307164146
0.02002002002	0.992098927861	-0.992395813284	-0.000296885422425
0.03003003003	0.982251877342	-0.982697167005	-0.000445289663488
0.04004004004	0.968520565327	-0.969112498357	-0.000591933030853
0.0500500500501	0.95095929154	-0.951695527172	-0.000736235631321
0.0600600600601	0.929637501083	-0.930515127911	-0.000877626828125
0.0700700700701	0.904639509812	-0.905655057309	-0.00101554749749
0.0800800800801	0.876064170921	-0.877213623161	-0.00114945223964
0.0900900900901	0.84402448403	-0.845303295566	-0.00127881153557
0.1001001001	0.808647148334	-0.810050262175	-0.00140311384102
0.11011011011	0.770072061578	-0.771593929187	-0.00152186760928
0.12012012012	0.728451766839	-0.730086370074	-0.00163460323504
0.13013013013	0.683950849304	-0.685691724215	-0.00174087491144
0.14014014014	0.636745285425	-0.638585547818	-0.00184026239291
0.15015015015	0.587021747031	-0.588954119688	-0.00193237265709
0.16016016016	0.534976863143	-0.536993704602	-0.00201684145894
0.17017017017	0.480816442417	-0.482909777188	-0.00209333477121
0.18018018018	0.424754659284	-0.426916209389	-0.00216155010525
0.19019019019	0.367013207009	-0.369234424716	-0.00222121770725
0.2002002002	0.307820421017	-0.310092522642	-0.00227210162494
0.21021021021	0.247410375952	-0.249724376593	-0.00231400064062
0.22022022022	0.186021960045	-0.188368709112	-0.00234674906693
0.23023023023	0.123897930438	-0.12626814784	-0.002370217402
0.24024024024	0.0612839532213	-0.0636682660629	-0.00238431284158
0.25025025025	-0.00157236804758	-0.000816611598439	-0.00238897964602
0.26026026026	-0.0644224714728	0.0620382721121	-0.00238419936071
0.27027027027	-0.127017819747	0.124647828858	-0.00236999088901
0.28028028028	-0.189110882978	0.18676447256	-0.00234641041755
0.29029029029	-0.250456117533	0.248142566339	-0.00231355119402
0.3003003003	-0.310810937026	0.308539393867	-0.00227154315844
0.31031031031	-0.369936671614	0.367716119185	-0.00222055242928
0.32032032032	-0.427599511804	0.425438731157	-0.00216078064661
0.33033033033	-0.483571433037	0.481478968862	-0.00209246417467
0.34034034034	-0.537631097403	0.535615224236	-0.00201587316724
0.35035035035	-0.589564728906	0.587633418407	-0.00193131049928
0.36036036036	-0.639166958833	0.637327848264	-0.00183911056925
0.37037037037	-0.686241637869	0.684501999892	-0.00173963797674
0.38038038038	-0.730602611762	0.728969325681	-0.00163328608069
0.39039039039	-0.77207445746	0.770553982016	-0.00152047544389
0.4004004004	-0.81049317681	0.80909152464	-0.00140165216984
0.41041041041	-0.845706845082	0.844429558943	-0.00127728613871
0.42042042042	-0.877576211743	0.876428342593	-0.00114786914918
0.43043043043	-0.90597525112	0.904961338147	-0.00101391297368
0.44044044044	-0.930791660762	0.929915713428	-0.000875947334608
0.45045045045	-0.951927305529	0.95119278772	-0.000734517809557
0.46046046046	-0.969298605666	0.968708421992	-0.000590183673876
0.47047047047	-0.982836867314	0.982393351625	-0.000443515689033
0.48048048048	-0.992488554155	0.99219346031	-0.000295093845579
0.49049049049	-0.99821549912	0.998069994051	-0.000145505069601
0.500500500501	-0.999995055317	0.999999714416	4.65909824143e-06
0.510510510511	-0.997820185589	0.997974990431	0.000154804841934
0.520520520521	-0.991699490339	0.992003828757	0.000304338418319
0.530530530531	-0.981657173522	0.982109842027	0.000452668505021
0.540540540541	-0.967732946933	0.968332155472	0.000599208538801
0.550550550551	-0.949981873168	0.950725252203	0.000743379035083
0.560560560561	-0.928474147879	0.929358757758	0.000884609879501
0.570570570571	-0.903294822193	0.904317164775	0.00102234258238
0.580580580581	-0.874543466381	0.875699498868	0.00115603248725
0.590590590591	-0.842333776112	0.843618927037	0.00128515092469
0.600600600601	-0.80679312285	0.808202310153	0.00140918730286
0.610610610611	-0.768062050171	0.769589701298	0.00152765112667
0.620620620621	-0.72629371799	0.727933791928	0.00164007393738
0.630630630631	-0.6816532969	0.683399308065	0.00174601116513
0.640640640641	-0.634317315011	0.636162358897	0.00184504388693
0.650650650651	-0.584472959883	0.586409740366	0.00193678048326
0.660660660661	-0.532317338301	0.534338196488	0.00202085818677
0.670670670671	-0.478056696828	0.480153641344	0.00209694451676
0.680680680681	-0.421905606211	0.424070344804	0.00216473859398
0.690690690691	-0.364086112876	0.366310085207	0.00222397233046
0.700700700701	-0.304826860859	0.307101272349	0.0022744114896
0.710710710711	-0.24436218764	0.246678044252	0.00231585661252
0.720720720721	-0.182931197472	0.185279341279	0.00234814380672
0.730730730731	-0.120776815858	0.123147961252	0.00237114539427
0.740740740741	-0.0581448289105	0.0605295993271	0.00238477041662
0.750750750751	0.00471708859303	-0.00232812359864	0.00238896499439
0.760760760761	0.0675603526269	-0.0651766400865	0.00238371254033
0.770770770771	0.13013645293	-0.127767419105	0.002369033825
0.780780780781	0.192197935725	-0.18985294883	0.00234498689456
0.790790790791	0.253499382261	-0.25118771542	0.0023116668413
0.800800800801	0.313798379312	-0.311529173885	0.00226920542756
0.810810810811	0.37285647778	-0.370638707216	0.00221777056466
0.820820820821	0.430440135636	-0.428282569987	0.00215756564899
0.830830830831	0.486321641442	-0.484232812685	0.00208882875758
0.840840840841	0.540280014833	-0.538268183126	0.00201183170674
0.850850850851	0.592101880361	-0.590175001384	0.0019268789771
0.860860860861	0.641582311285	-0.639748004776	0.00183430650961
0.870870870871	0.688525639939	-0.686791159562	0.00173448037702
0.880880880881	0.732746231489	-0.731118436153	0.00162779533636
0.890890890891	0.774069218016	-0.772554544749	0.00151467326778
0.900900900901	0.812331190024	-0.810935628518	0.00139556150635
0.910910910911	0.847380842629	-0.846109911556	0.00127093107303
0.920920920921	0.879079573893	-0.877938299081	0.00114127481207
0.930930930931	0.907302032909	-0.906294927467	0.00100710544209
0.940940940941	0.931936615503	-0.931067661975	0.000868953528545
0.950950950951	0.952885905561	-0.952158540176	0.000727365385651
0.960960960961	0.970067060258	-0.969484159342	0.000582900915995
0.970970970971	0.983412137654	-0.982976006257	0.000436131396447
0.980980980981	0.992868365367	-0.992580728148	0.00028763721907
0.990990990991	0.998398349262	-0.998260343666	0.000138005595993
1.001001001	0.999980221319	-0.999992393081	-1.21717626894e-05
1.01101101101	0.99760772611	-0.997770027098	-0.0001623009888
1.02102102102	0.991290245538	-0.991602033942	-0.000311788404499
1.03103103103	0.981052761736	-0.981512804606	-0.000460042869952
1.04104104104	0.966935758276	-0.967542236397	-0.000606478120957
1.05105105105	0.948995060078	-0.949745575165	-0.000750515087299
1.06106106106	0.927301612655	-0.928193196837	-0.000891584182646
1.07107107107	0.901941201561	-0.902970329118	-0.00102912755695
1.08108108108	0.873014113161	-0.874176714464	-0.00116260130245
1.09109109109	0.840634738048	-0.841926215652	-0.00129147760447
1.1011011011	0.804931118695	-0.806346365524	-0.00141524682873
1.11111111111	0.766044443119	-0.767577862656	-0.00153341953656
1.12112112112	0.724128486558	-0.725774014978	-0.00164552842043
1.13113113113	0.679349003377	-0.681100133529	-0.00175113015188
1.14114114114	0.6318830716	-0.633732878735	-0.00184980713462
1.15115115115	0.581918392668	-0.583859561824	-0.0019411691559
1.16116116116	0.529652549179	-0.531677404109	-0.00202485492959
1.17117117117	0.475292223561	-0.477392757086	-0.00210053352485
1.18118118118	0.419052380758	-0.421220286433	-0.00216790567481
1.19119119119	0.361155418163	-0.363382123123	-0.00222670495998
1.2012012012	0.301830286157	-0.304106985019	-0.00227669886179
1.21121121121	0.241311582741	-0.243629272423	-0.00231768968207
1.22122122122	0.179838625827	-0.182188141152	-0.00234951532487
1.23123123123	0.117654506872	-0.120026556809	-0.00237204993741
1.24124124124	0.0550051295842	-0.057390333992	-0.0023852044078
1.25125125125	-0.00786176248947	0.00547283577206	-0.00238892671741
1.26126126126	-0.070697565652	0.0683143635054	-0.00238320214655
1.27127127127	-0.133253799146	0.130885745813	-0.00236805333275
1.28128128128	-0.195283087756	0.192939547575	-0.00234354018114
1.29129129129	-0.256540140042	0.254230380414	-0.00230975962767
1.3013013013	-0.316782718332	0.314515873076	-0.00226684525567
1.31131131131	-0.375772596633	0.373557629865	-0.0022149667677
1.32132132132	-0.433276502688	0.431122173373	-0.00215432931441
1.33133133133	-0.489067040436	0.486981867752	-0.0020851726833
1.34134134134	-0.542923589236	0.540915818886	-0.0020077703505
1.35135135135	-0.594633176304	0.592710747905	-0.00192242839932
1.36136136136	-0.643991318896	0.642161834586	-0.00182948430984
1.37137137137	-0.690802832929	0.689073527304	-0.00172930562441
1.38138138138	-0.734882604821	0.733260316327	-0.00162228849416
1.39139139139	-0.77605632352	0.774547467407	-0.00150885611251
1.4014014014	-0.814161169798	0.812771712756	-0.00138945704164
1.41141141141	-0.849046460119	0.84778189668	-0.00126456343864
1.42142142142	-0.880574242504	0.879439573315	-0.00113466918847
1.43143143143	-0.908619842057	0.907619554106	-0.00100028795086
1.44144144144	-0.933072353983	0.932210402854	-0.000861951129084
1.45145145145	-0.953835082157	0.953114876388	-0.000720205768562
1.46146146146	-0.970825921502	0.970250309109	-0.000575612393594
1.47147147147	-0.983977682672	0.983548939881	-0.000428742790799
1.48148148148	-0.993238357742	0.992958179994	-0.000280177748013
1.49149149149	-0.998571325879	0.998440821121	-0.000130504757598
1.5015015015	-0.99995549815	0.999975182457	1.96843067664e-05
1.51151151151	-0.997385400923	0.997555196454	0.000169795530612
1.52152152152	-0.990871197506	0.991190432813	0.00031923530729
1.53153153153	-0.980438647961	0.980906060647	0.00046741268535
1.54154154154	-0.966129007238	0.966742748943	0.000613741705429
1.55155155155	-0.947998862029	0.948756505747	0.000757643717397
1.56156156156	-0.926119907006	0.927018456675	0.00089854966859
1.57157157157	-0.900578661304	0.901614563658	0.00103590235411
1.58158158158	-0.871476126386	0.872645285006	0.00116915862025
1.59159159159	-0.83892738664	0.840225178152	0.00129779151236
1.6016016016	-0.803061154282	0.804482446641	0.0014212923587
1.61161161161	-0.764019260373	0.765558433155	0.0015391727819
1.62162162162	-0.721956093955	0.723607060585	0.00165096663025
1.63163163163	-0.677037991524	0.678794223345	0.00175623182107
1.64164164164	-0.629442579268	0.631297131357	0.0018545520889
1.65165165165	-0.57935807065	0.581303609282	0.00194553863161
1.66166166166	-0.526982522129	0.529011353777	0.00202883164788
1.67167167167	-0.472523049956	0.474627151716	0.00210410176
1.68168168168	-0.416195011144	0.418366062461	0.00217105131644
1.69169169169	-0.358221151852	0.360450567421	0.00222941556881
1.7017017017	-0.298830726545	0.301109690264	0.00227896371886
1.71171171171	-0.238258591423	0.240578091254	0.00231949983114
1.72172172172	-0.176744275691	0.179095139299	0.0023508636078
1.73173173173	-0.114531034357	0.11690396538	0.00237293102249
1.74174174174	-0.0518648862921	0.0542505011029	0.00238561481082
1.75175175175	0.0110063586381	-0.00861749382261	0.00238886481546
1.76176176176	0.0738340795231	-0.0714514113386	0.00238266818442
1.77177177177	0.136369827566	-0.134002778144	0.00236704942195
1.78178178178	0.198366308561	-0.196024238269	0.0023420702916
1.79179179179	0.259578360804	-0.257270531232	0.00230782957197
1.8018018018	0.319763924571	-0.317499461905	0.00226446266612
1.81181181181	0.378684999333	-0.376472858267	0.00221214106613
1.82182182182	0.436108584911	-0.433957513236	0.00215107167489
1.83183183183	0.491807602866	-0.489726106878	0.00208149598799
1.84184184184	0.54556179447	-0.543558105332	0.00200368913869
1.85185185185	0.597158591703	-0.595240632893	0.00191795880994
1.86186186186	0.646393957842	-0.644569313824	0.00182464401764
1.87187187187	0.693073194316	-0.691349080546	0.00172411377005
1.88188188188	0.737011710631	-0.735394945022	0.00161676560856
1.89189189189	0.778035754318	-0.776532730283	0.00150302403562
1.9019019019	0.815983098035	-0.814599759198	0.00138333883608
1.91191191191	0.850703681078	-0.849445497779	0.00125818329853
1.92192192192	0.882060202795	-0.880932150451	0.00112805234372
1.93193193193	0.909928665531	-0.908935204963	0.000993460567421
1.94194194194	0.934198864969	-0.933343924763	0.000854940205474
1.95195195195	0.954774825929	-0.9540617869	0.000713039029096
1.96196196196	0.971575181895	-0.971006863716	0.000568318178753
1.97197197197	0.984533496775	-0.98411214683	0.000421349945157
1.98198198198	0.99359852762	-0.993325812114	0.000272715506175
1.99199199199	0.998734427259	-0.99861142463	0.000123002628593
2.002002002	0.999920886057	-0.999948082713	-2.7196656178e-05
2.01201201201	0.997153212228	-0.997330500621	-0.000177288393255
2.02202202202	0.990442350387	-0.99076902944	-0.000326679053046
2.03203203203	0.979814838271	-0.980289616149	-0.000474777878333
2.04204204204	0.965312701797	-0.965933701017	-0.000620999220386
2.05205205205	0.946993288874	-0.947758053729	-0.000764764854879
2.06206206206	0.92492904262	-0.925834548889	-0.000905506268448
2.07207207207	0.899207214896	-0.900249881803	-0.00104266690685
2.08208208208	0.869929521266	-0.871105225641	-0.00117570437581
2.09209209209	0.837211738773	-0.838515831359	-0.00130409258592
2.1021021021	0.801183248104	-0.802610571937	-0.001427323833
2.11211211211	0.761986521963	-0.763531432768	-0.0015449108058
2.12212212212	0.719776561664	-0.721432950177	-0.00165638851305
2.13213213213	0.674720284195	-0.676481600317	-0.00176131612223
2.14214214214	0.626995862148	-0.628855140851	-0.00185927870284
2.15215215215	0.576792019149	-0.578741908016	-0.00194988886718
2.16216216216	0.524307283557	-0.52634007186	-0.00203278830231
2.17217217217	0.469749203398	-0.471856852585	-0.00210764918693
2.18218218218	0.413333525626	-0.415507701114	-0.00217417548774
2.19219219219	0.355283342961	-0.357515447092	-0.00223210413013
2.2022022022	0.295828211688	-0.298109417726	-0.00228120603843
2.21221221221	0.235203243879	-0.237524530921	-0.00232128704183
2.22222222222	0.173648177667	-0.176000366309	-0.00235218864218
2.23223223223	0.111406429203	-0.113780217844	-0.00237378864079
2.24224224224	0.0487241300892	-0.0511101317108	-0.00238600162163
2.25225225225	-0.0141508459408	0.0117620666516	-0.00238877928915
2.26226226226	-0.076969863222	0.0745877525628	-0.00238211065921
2.27227227227	-0.139484507376	0.137118485273	-0.00236602210254
2.28228228228	-0.20144756765	0.199106990409	-0.00234057724047
2.29229229229	-0.2626140145	0.260308137807	-0.00230587669331
2.3023023023	-0.322741968549	0.320479910866	-0.00226205768248
2.31231231231	-0.381593657079	0.379384363591	-0.00220929348788
2.32232232232	-0.438936354296	0.436788561534	-0.00214779276263
2.33233233233	-0.494543301632	0.492465502924	-0.002077798708
2.34234234234	-0.548194604445	0.546195016333	-0.00199958811167
2.35235235235	-0.599678101582	0.597764631329	-0.00191347025316
2.36236236236	-0.648790204361	0.646970418681	-0.00181978568086
2.37237237237	-0.69533670165	0.693617796785	-0.00171890486531
2.38238238238	-0.739133527863	0.737522301129	-0.00161122673418
2.39239239239	-0.780007490838	0.778510313743	-0.00149717709477
2.4024024024	-0.817796956717	0.816419749766	-0.00137720695017
2.41241241241	-0.852352489117	0.851100698401	-0.00125179071578
2.42242242242	-0.88353744007	0.882416015727	-0.00112142434325
2.43243243243	-0.911228490388	0.910241867029	-0.000986623359289
2.44244244244	-0.935316137322	0.934468216494	-0.000847920827048
2.45245245245	-0.955705127584	0.954999262346	-0.000705865238126
2.46246246246	-0.972314834025	0.971753815682	-0.000561018343605
2.47247247247	-0.985079574467	0.984665621534	-0.000413952932631
2.48248248248	-0.993948871439	0.993683620871	-0.000265250567354
2.49249249249	-0.998887651789	0.998772152506	-0.00011549928317
2.5025025025	-0.999876385381	0.999911094118	3.47087366319e-05
2.51251251251	-0.996911162321	0.997095941824	0.000184779502627
2.52252252252	-0.990003708422	0.99033782799	0.000334119568154
2.53253253253	-0.979181338833	0.97966347721	0.000482138376065
2.54254254254	-0.964486850027	0.965115100621	0.000628250594054
2.55255255255	-0.945978350556	0.946750228985	0.000771878429322
2.56256256256	-0.923729031273	0.924641485187	0.000912453913424
2.57257257257	-0.897826875899	0.898876297047	0.00104942114827
2.58258258258	-0.868374313094	0.869556551599	0.00118223850441
2.59259259259	-0.835487811413	0.836798192176	0.00131038076283
2.6026026026	-0.799297418733	0.800730759925	0.00143334119197
2.61261261261	-0.759946247989	0.76149688154	0.00155063355152
2.62262262262	-0.71758991124	0.719251705255	0.00166179401523
2.63263263263	-0.67239590431	0.674162287316	0.0017663830051
2.64264264264	-0.624542944437	0.626406931367	0.00186398692969
2.65265265265	-0.574220263541	0.57617448336	0.00195421981959
2.66266266266	-0.521626859919	0.523663584773	0.00203672485376
2.67267267267	-0.466970711319	0.46908188709	0.00211117577054
2.68268268268	-0.410467952501	0.412645230659	0.00217727815783
2.69269269269	-0.352342020544	0.354576791161	0.00223477061736
2.7027027027	-0.292822771277	0.295106197075	0.00228342579833
2.71271271271	-0.232145570325	0.234468621622	0.00232305129647
2.72272272272	-0.170550362372	0.172903852787	0.00235349041491
2.73273273273	-0.10828072231	0.110655345094	0.00237462278382
2.74274274274	-0.0455828920356	0.047969256872	0.00238636483639
2.75275275275	0.0172951933006	-0.0149065231612	0.00238867013933
2.76276276276	0.0801048857378	-0.0777233561614	0.00238152957644
2.77277277277	0.142597807772	-0.140232836387	0.00236497138468
2.78278278278	0.204526834549	-0.202187773507	0.00233906104251
2.79279279279	0.265647071111	-0.2633431701	0.00230390101099
2.8028028028	0.325716820813	-0.323457190484	0.00225963032852
2.81281281281	0.384498541105	-0.382292117044	0.00220642406112
2.82282282282	0.44175978288	-0.43961529027	0.00214449261006
2.83283283283	0.497274109679	-0.495200028799	0.0020740808799
2.84284284284	0.550821993122	-0.548826525812	0.00199546730998
2.85285285285	0.602191681025	-0.600282718252	0.00190896277338
2.86286286286	0.651180034758	-0.64936512541	0.00181490934756
2.87287287287	0.697593332546	-0.695879653584	0.00171367896168
2.88288288288	0.741248035533	-0.739642363608	0.00160567192578
2.89289289289	0.781971513578	-0.78048019823	0.00149131534779
2.9029029029	0.819602727906	-0.818231666461	0.00137106144457
2.91291291291	0.853992867932	-0.852747482178	0.00124538575361
2.92292292292	0.885005939722	-0.883891154469	0.0011147852526
2.93293293293	0.912519303774	-0.91153952738	0.000979776394076
2.94294294294	0.936424159991	-0.935583266928	0.000840893063223
2.95295295295	0.956625977922	-0.955927293456	0.000698684466597
2.96296296296	0.97304487058	-0.972491157619	0.000553712960342
2.97297297297	0.985615910348	-0.985209358521	0.000406551826374
2.98298298298	0.994289385735	-0.994031602729	0.000257783005373
2.99299299299	0.999030997955	-0.99892300316	0.000107994795533
3.003003003	0.999821996562	-0.999864217036	-4.22204738386e-05
3.01301301301	0.996659253595	-0.99685152238	-0.000192268784648
3.02302302302	0.989555275949	-0.989896832728	-0.000341556779031
3.03303303303	0.978538155914	-0.97902765002	-0.000489494105754
3.04304304304	0.963651460093	-0.964286955848	-0.000635495754723
3.05305305305	0.944954057113	-0.945733041483	-0.000778984370378
3.06306306306	0.922519884832	-0.923439277367	-0.00091939253481
3.07307307307	0.896437657964	-0.897493822976	-0.00105616501159
3.08308308308	0.866810517252	-0.867999278194	-0.00118876094141
3.09309309309	0.833755621609	-0.83507227759	-0.00131665598091
3.1031031031	0.797403684817	-0.798843029193	-0.00143934437611
3.11311311311	0.757898458629	-0.759454799591	-0.00155634096245
3.12312312312	0.715396164307	-0.71706334739	-0.00166718308331
3.13313313313	0.670064874858	-0.671836307277	-0.00177143241956
3.14314314314	0.622083850393	-0.623952527116	-0.00186867672289
3.15315315315	0.571642829258	-0.573601360704	-0.001958531446
3.16316316316	0.518941277722	-0.520981918985	-0.00204064126329
3.17317317317	0.464187601196	-0.466302282672	-0.00211468147596
3.18318318318	0.407598320109	-0.409778679405	-0.00218035929603
3.19319319319	0.349397213688	-0.351634628692	-0.00223741500413
3.2032032032	0.289814435034	-0.292100058011	-0.00228562297659
3.21321321321	0.229085600998	-0.231410393576	-0.0023247925776
3.22322322322	0.167450860443	-0.169805629356	-0.00235476891311
3.23323323323	0.10515394459	-0.107529378033	-0.00237543344334
3.24324324324	0.0424412031961	-0.0448279076477	-0.00238670445153
3.25325325325	-0.0204393696219	0.0180508322548	-0.00238853736709
3.26326326326	-0.0832391160672	0.0808581911253	-0.00238092494185
3.27327327327	-0.145709697966	0.143345800687	-0.00236389727875
3.28328328328	-0.207604078809	0.205266557096	-0.00233752171273
3.29329329329	-0.268677500641	0.266375598096	-0.00230190254455
3.3033033033	-0.328688451945	0.326431271316	-0.00225718062826
3.31331331331	-0.387399622686	0.385196089871	-0.00220353281423
3.32332332332	-0.44457884274	0.44243767149	-0.00214117124983
3.33333333333	-0.5	0.49792965746	-0.00207034254046
3.34334334334	-0.55344393452	0.551452607746	-0.00199132677439
3.35335335335	-0.604699305175	0.60279486876	-0.00190443641516
3.36336336336	-0.653563425397	0.651753410331	-0.00181001506596
3.37337337337	-0.699843064686	0.698134628575	-0.00170843611086
3.38338338338	-0.743355212731	0.741755111493	-0.00160010123831
3.39339339339	-0.783927803117	0.782442364264	-0.00148543885265
3.4034034034	-0.821400393745	0.820035491365	-0.00136490238004
3.41341341341	-0.855624801299	0.854385832824	-0.00123896847538
3.42342342342	-0.886465687226	0.885357552089	-0.00110813513743
3.43343343343	-0.913801092924	0.912828173184	-0.000972919739497
3.44344344344	-0.937522922021	0.936689065037	-0.000833856983499
3.45345345345	-0.957537367837	0.956845871052	-0.000691496785523
3.46346346346	-0.973765284338	0.973218882237	-0.000546402101209
3.47347347347	-0.986142499113	0.985743352413	-0.000399146699577
3.48348348348	-0.99462006714	0.994369754246	-0.000250312894082
3.49349349349	-0.999164464339	0.999063975099	-0.000100489239896
3.5035035035	-0.999757720139	0.999807451933	4.97317935115e-05
3.51351351351	-0.996397488543	0.996597244708	0.000199756165253
3.52352352352	-0.989097057402	0.989446048014	0.000348990612129
3.53353353353	-0.977885295874	0.978382140869	0.000496844994657
3.54354354354	-0.962806540259	0.96344927489	0.000642734630742
3.55355355355	-0.943920418674	0.944706501281	0.000786082607773
3.56356356356	-0.921301615256	0.92222793732	0.000926322063988
3.57357357357	-0.89503957483	0.896102473261	0.00106289843011
3.58358358358	-0.865238149205	0.866433420827	0.00119527162233
3.59359359359	-0.832015186492	0.83333810467	0.00132291817809
3.6036036036	-0.795502065086	0.796947398412	0.00144533332605
3.61361361361	-0.755843174135	0.757405207117	0.00156203298216
3.62362362362	-0.713195342561	0.714867898225	0.00167255566402
3.63363363363	-0.667727218889	0.669503683204	0.00177646431568
3.64364364364	-0.619618604335	0.621491952371	0.00187334803607
3.65365365365	-0.569059741792	0.571022565495	0.00196282370378
3.66366366366	-0.516250563526	0.518295101018	0.00204453749217
3.67367367367	-0.461399900552	0.463518066821	0.00211816626852
3.68368368368	-0.404724656828	0.4069080757	0.00218341887185
3.69369369369	-0.346448951515	0.348688988779	0.00224003726428
3.7037037037	-0.286803232711	0.289091030263	0.00228779755149
3.71371371371	-0.22602336616	0.228349877028	0.00232651086801
3.72372372372	-0.164349702531	0.166705726655	0.00235602412414
3.73373373373	-0.102026126964	0.104402347575	0.00237622061133
3.74374374374	-0.0392990946401	0.0416861151038	0.00238702046367
3.75375375375	0.0235833438109	-0.0211949628371	0.00238838097372
3.76376376376	0.0863725232145	-0.0839922264531	0.00238029676143
3.77377377377	0.148820147184	-0.146457347389	0.00236279979537
3.78378378378	0.210679269996	-0.208343310729	0.00233595926634
3.79379379379	0.27170527312	-0.269405391807	0.00229988131376
3.8038038038	0.331656832556	-0.32940212395	0.0022547086059
3.81381381381	0.39029687313	-0.388096253354	0.0022006197758
3.82382382382	0.447393505998	-0.445255677283	0.00213782871477
3.83383383383	0.502720945639	-0.500654361912	0.00206658372665
3.84384384384	0.556060402709	-0.554073236163	0.00198716654585
3.85385385385	0.607200949233	-0.60530105801	0.00189989122328
3.86386386386	0.655940352709	-0.654135249825	0.00180510288446
3.87387387387	0.702085875823	-0.700382699458	0.0017031763647
3.88388388388	0.745455038618	-0.743860523892	0.00159451472686
3.89389389389	0.785876340107	-0.784396792439	0.00147954766747
3.9039039039	0.823189936455	-0.821831206637	0.00135872981749
3.91391391391	0.85724827308	-0.856015734136	0.00123253894453
3.92392392392	0.887916668148	-0.886815194084	0.00110147406351
3.93393393393	0.915073845161	-0.914107791697	0.00096605346336
3.94394394394	0.938612412544	-0.937785599886	0.00082681265746
3.95395395395	0.958439288315	-0.957754986049	0.000684302265984
3.96396396396	0.974476068176	-0.973936982338	0.000539085838507
3.97397397397	0.986659335554	-0.986267597929	0.000391737625472
3.98398398398	0.994940912384	-0.994698072077	0.000242840307356
3.99399399399	0.99928804962	-0.99919506693	9.29826904835e-05
4.004004004	0.999683556747	-0.999740799368	-5.72426213686e-05
4.01401401401	0.996125869751	-0.996333111322	-0.000207241570396
4.02402402402	0.988629057313	-0.988985478307	-0.000356420993931
4.03403403403	0.977222765169	-0.97772695614	-0.000504190970079
4.04404404404	0.96195209888	-0.96260206603	-0.000649967150524
4.05405405405	0.942877445461	-0.943670618532	-0.00079317307131
4.06406406406	0.920074234591	-0.921007477023	-0.000933242432429
4.07407407407	0.893632640323	-0.894702261661	-0.00106962133723
4.08408408408	0.863657224501	-0.864858994984	-0.00120177048277
4.09409409409	0.830266523272	-0.831595690565	-0.00132916729246
4.1041041041	0.793592578344	-0.795043886326	-0.00145130798255
4.11411411411	0.753780414831	-0.755348124386	-0.00156770955436
4.12412412412	0.710987467765	-0.712665379469	-0.00167791170421
4.13413413413	0.665382959521	-0.667164438165	-0.0017814786437
4.14414414414	0.617147230641	-0.619025231464	-0.00187800082302
4.15415415415	0.566471026685	-0.568438123236	-0.00196709655048
4.16416416416	0.513554743939	-0.515603157441	-0.00204841350188
4.17417417417	0.458607636956	-0.46072926707	-0.00212163011377
4.18418418418	0.401846991078	-0.404033447933	-0.00218645685504
4.19419419419	0.343497263182	-0.345739900554	-0.00224263737189
4.2042042042	0.283789194086	-0.286079143588	-0.00228994950152
4.21421421421	0.222958896095	-0.225287102246	-0.0023282061507
4.22422422422	0.161246919305	-0.163604175341	-0.00235725603559
4.23423423423	0.0988973003642	-0.101274284644	-0.00237698428001
4.24424424424	0.036156597441	-0.0385439103107	-0.00238731286969
4.25425425425	-0.0267270847755	0.0243388838147	-0.00238820096078
4.26426426426	-0.0895050761925	0.0871254311511	-0.00237964504138
4.27427427427	-0.151929124666	0.14956744572	-0.00236167894541
4.28428428428	-0.213752377698	0.21141800398	-0.0023343737188
4.29429429429	-0.274730358608	0.272432521269	-0.0022978373386
4.3043043043	-0.334621933292	0.332369719006	-0.00225221428592
4.31431431431	-0.393190263785	0.390992578811	-0.00219768497464
4.32432432432	-0.450203744818	0.44806927978	-0.00213446503794
4.33433433433	-0.505436919686	0.503374115211	-0.00206280447563
4.34434434434	-0.558671371813	0.556688385148	-0.00198298666549
4.35435435435	-0.609696588459	0.607801261217	-0.00189532724268
4.36436436436	-0.658310793188	0.656510620336	-0.00180017285164
4.37437437437	-0.704321743776	0.702623844001	-0.0016978997752
4.38438438438	-0.747547492428	0.745958579982	-0.00158891244666
4.39439439439	-0.787817105279	0.786343463429	-0.00147364185049
4.4044044044	-0.824971338339	0.823618794521	-0.00135254381796
4.41441441441	-0.85886326722	0.857637169996	-0.00122609722465
4.42442442442	-0.889358868137	0.88826406604	-0.00109480209671
4.43443443443	-0.916337547898	0.915378370265	-0.000959177633567
4.44444444444	-0.939692620786	0.938872860631	-0.000819760154769
4.45445445445	-0.959331730437	0.958654629458	-0.000677100979131
4.46446446446	-0.975177215064	0.97464545082	-0.000531764244589
4.47447447447	-0.987166414562	0.986782089885	-0.000384324677332
4.48448448448	-0.995251918294	0.995016552975	-0.000235365319093
4.49449449449	-0.999401752577	0.999316277356	-8.5475221532e-05
4.5045045045	-0.999599507118	0.999664260001	6.47528831325e-05
4.51451451451	-0.995844399907	0.996059124833	0.000214724926051
4.52452452452	-0.988151280311	0.988515128162	0.000363847850956
4.53453453453	-0.976550570352	0.977062102311	0.000511531959373
4.54454454454	-0.961088144404	0.961745337647	0.000657193242544
4.55455455455	-0.941825147789	0.94262540348	0.00080025569087
4.56456456456	-0.918837754976	0.919777908548	0.000940153571696
4.57457457457	-0.892216868357	0.893293202023	0.00107633366648
4.58458458458	-0.862067758776	0.863276016235	0.00120825745846
4.59459459459	-0.828509649244	0.829845052506	0.0013354032622
4.6046046046	-0.791675243475	0.793132511761	0.00145726828655
4.61461461461	-0.751710201118	0.753283571741	0.0015733706229
4.62462462462	-0.708772561755	0.710455812906	0.00168325115092
4.63463463463	-0.663032119939	0.664818595293	0.00178647535403
4.64464464464	-0.614669753754	0.616552388792	0.00188263503774
4.65465465465	-0.56387670954	0.565848059484	0.00197134994385
4.66466466466	-0.510853845621	0.512906114875	0.00205226925408
4.67467467467	-0.455810838022	0.457935911	0.00212507297744
4.68468468468	-0.398965351315	0.401154824531	0.00218947321557
4.69469469469	-0.340542177879	0.34278739318	0.00224521530124
4.7047047047	-0.280772348966	0.283064427772	0.00229207880542
4.71471471471	-0.219892221108	0.222222099516	0.00232987840892
4.72472472472	-0.158142541449	0.160501006085	0.00235846463528
4.73473473473	-0.095767495733	0.0981452201748	0.00237772444183
4.74474474474	-0.0330137426761	0.0354013243428	0.00238758166671
4.75475475475	0.0298705614263	-0.0274825640962	0.00238799733006
4.76476476476	0.092636744022	-0.0902577742339	0.00237896978816
4.77477477477	0.155036599664	-0.152676064924	0.00236053473994
4.78478478478	0.216823371526	-0.21449060644	0.00233276508578
4.79479479479	0.277752727186	-0.275456956547	0.00229577063929
4.8048048048	0.33758372483	-0.335334027137	0.00224969769296
4.81481481481	0.396079766039	-0.393885037599	0.00219472843977
4.82482482482	0.453009531408	-0.450878451156	0.00213108025262
4.83483483483	0.508147895284	-0.506088890459	0.00205900482479
4.84484484484	0.561276816012	-0.559298028838	0.00197878717465
4.85485485485	0.612186198173	-0.610295453655	0.0018907445185
4.86486486486	0.66067472339	-0.658879498374	0.00179522501625
4.87487487487	0.706550646434	-0.704858040039	0.00169260639455
4.88488488488	0.749632553468	-0.748049259015	0.00158329445314
4.89489489489	0.78975007944	-0.78828235798	0.00146772146014
4.9049049049	0.826744581781	-0.825398237339	0.00134634444264
4.91491491491	0.860469767748	-0.859250124369	0.00121964337945
4.92492492492	0.890792272932	-0.889704153629	0.00108811930301
4.93493493493	0.917592188639	-0.916639896321	0.000952292318118
4.94494494494	0.940763536065	-0.939950836519	0.00081269954517
4.95495495495	0.960214685378	-0.959544792382	0.000669892996178
4.96496496496	0.975868718069	-0.975344280677	0.000524437391859
4.97497497497	0.98766373112	-0.987286823192	0.000376907928464
4.98498498498	0.995553081795	-0.995325193791	0.000227888003217
4.99499499499	0.999505572086	-0.999427605178	7.79669072843e-05
5.00500500501	0.999505572086	-0.99957783459	-7.22625045314e-05
5.01501501502	0.995553081795	-0.995775287953	-0.000222206158213
5.02502502503	0.98766373112	-0.98803500223	-0.000371271109757
5.03503503504	0.975868718069	-0.976387585959	-0.00051886788994
5.04504504505	0.960214685378	-0.960879098213	-0.000664412835339
5.05505505506	0.940763536065	-0.941570866461	-0.000807330396408
5.06506506507	0.917592188639	-0.918539244053	-0.00094705541344
5.07507507508	0.890792272932	-0.891875308284	-0.00108303535147
5.08508508509	0.860469767748	-0.861684500233	-0.00121473248526
5.0950950951	0.826744581781	-0.828086207807	-0.00134162602565
5.10510510511	0.78975007944	-0.791213293619	-0.00146321417908
5.11511511512	0.749632553468	-0.7512115696	-0.00157901613181
5.12512512513	0.706550646434	-0.708239220385	-0.00168857395134
5.13513513514	0.66067472339	-0.662466177787	-0.00179145439724
5.14514514515	0.612186198173	-0.614073448808	-0.0018872506344
5.15515515516	0.561276816012	-0.563252399854	-0.00197558384181
5.16516516517	0.508147895284	-0.510203999995	-0.00205610471064
5.17517517518	0.453009531408	-0.455138026234	-0.00212849482549
5.18518518519	0.396079766039	-0.398272233963	-0.0021924679236
5.1951951952	0.33758372483	-0.339831495857	-0.00224777102683
5.20520520521	0.277752727186	-0.280046912628	-0.0022941854421
5.21521521522	0.216823371526	-0.219154899152	-0.00233152762611
5.22522522523	0.155036599664	-0.157396249575	-0.00235964991125
5.23523523524	0.092636744022	-0.0950151851115	-0.00237844108946
5.24524524525	0.0298705614263	-0.0322583882783	-0.00238782685205
5.25525525526	-0.0330137426761	0.0306259725926	-0.00238777008355
5.26526526527	-0.095767495733	0.0933892247246	-0.00237827100843
5.27527527528	-0.158142541449	0.155783174259	-0.00235936719028
5.28528528529	-0.219892221108	0.217561087724	-0.0023311333832
5.2952952953	-0.280772348966	0.27847866773	-0.00229368123626
5.30530530531	-0.340542177879	0.338295019027	-0.00224715885192
5.31531531532	-0.398965351315	0.396773601115	-0.00219175020042
5.32532532533	-0.455810838022	0.45368316363	-0.00212767439225
5.33533533534	-0.510853845621	0.50879866081	-0.0020551848117
5.34534534535	-0.56387670954	0.561902141425	-0.00197456811486
5.35535535536	-0.614669753754	0.612783610658	-0.00188614309606
5.36536536537	-0.663032119939	0.661241860512	-0.00179025942722
5.37537537538	-0.708772561755	0.70708526548	-0.00168729627509
5.38538538539	-0.751710201118	0.750132540316	-0.00157766080183
5.3953953954	-0.791675243475	0.79021345692	-0.00146178655494
5.40540540541	-0.828509649244	0.827169517491	-0.00134013175282
5.41541541542	-0.862067758776	0.860854581303	-0.00121317747275
5.42542542543	-0.892216868357	0.891135442608	-0.00108142574851
5.43543543544	-0.918837754976	0.917892357391	-0.0009453975851
5.44544544545	-0.941825147789	0.941019516891	-0.000805630898487
5.45545545546	-0.961088144404	0.960425466016	-0.00066267838841
5.46546546547	-0.976550570352	0.976033464999	-0.000517105352775
5.47547547548	-0.988151280311	0.987781792859	-0.000369487452216
5.48548548549	-0.995844399907	0.995623991474	-0.000220408433672
5.4954954955	-0.999599507118	0.999529049296	-7.04578219937e-05
5.50550550551	-0.999401752577	0.999481523989	7.97714113001e-05
5.51551551552	-0.995251918294	0.995481603487	0.000229685192897
5.52552552553	-0.987166414562	0.987545105259	0.000378690696922
5.53553553554	-0.975177215064	0.975703413754	0.000526198689232
5.54554554555	-0.959331730437	0.960003356295	0.000671625857514
5.55555555556	-0.939692620786	0.940507017904	0.00081439711796
5.56556556557	-0.916337547898	0.917291495788	0.000953947889405
5.57557557558	-0.889358868137	0.890448594463	0.00108972632593
5.58558558559	-0.85886326722	0.86008446272	0.00122119549911
5.5955955956	-0.824971338339	0.826319173861	0.00134783552128
5.60560560561	-0.787817105279	0.78928625088	0.00146914560136
5.61561561562	-0.747547492428	0.749132138454	0.00158464602525
5.62562562563	-0.704321743776	0.706015623829	0.00169388005284
5.63563563564	-0.658310793188	0.660107208912	0.00179641572411
5.64564564565	-0.609696588459	0.611588436027	0.00189184756734
5.65565565566	-0.558671371813	0.560651170016	0.00197979820251
5.66566566567	-0.505436919686	0.50749683952	0.00205991983363
5.67567567568	-0.450203744818	0.452335640442	0.00213189562407
5.68568568569	-0.393190263785	0.395385704735	0.00219544094951
5.6956956957	-0.334621933292	0.336872237816	0.0022503045234
5.70570570571	-0.274730358608	0.277026627998	0.00229626939075
5.71571571572	-0.213752377698	0.216085531484	0.00233315378598
5.72572572573	-0.151929124666	0.154289936517	0.00236081185177
5.73573573574	-0.0895050761925	0.0918842104083	0.00237913421581
5.74574574575	-0.0267270847755	0.0291151331988	0.00238804842331
5.75575575576	0.036156597441	-0.0337690782175	0.00238751922351
5.76576576577	0.0988973003642	-0.0965197516551	0.00237754870911
5.77577577578	0.161246919305	-0.158888742997	0.00235817630797
5.78578578579	0.222958896095	-0.220629417468	0.00232947862719
5.7957957958	0.283789194086	-0.281497624936	0.00229156915018
5.80580580581	0.343497263182	-0.341252665394	0.00224459778791
5.81581581582	0.401846991078	-0.399658240792	0.00218875028606
5.82582582583	0.458607636956	-0.456483389466	0.00212424749054
5.83583583584	0.513554743939	-0.511503399465	0.00205134447413
5.84584584585	0.566471026685	-0.564500697157	0.00197032952784
5.85585585586	0.617147230641	-0.615265707621	0.00188152302086
5.86586586587	0.665382959521	-0.663597683388	0.00178527613367
5.87587587588	0.710987467765	-0.709305498296	0.00168196946935
5.88588588589	0.753780414831	-0.752208403283	0.00157201154846
5.8958958959	0.793592578344	-0.79213674115	0.00145583719361
5.90590590591	0.830266523272	-0.828932617462	0.00133390580995
5.91591591592	0.863657224501	-0.862450524933	0.0012066995685
5.92592592593	0.893632640323	-0.892557918824	0.00107472149939
5.93593593594	0.920074234591	-0.919135741088	0.000938493502701
5.94594594595	0.942877445461	-0.942078891176	0.000798554284627
5.95595595596	0.96195209888	-0.961296641652	0.000655457227172
5.96596596597	0.977222765169	-0.97671299697	0.000509768199849
5.97597597598	0.988629057313	-0.988266993991	0.000362063321972
5.98598598599	0.996125869751	-0.995912943067	0.000212926684428
5.995995996	0.999683556747	-0.999620608707	6.294803992e-05
6.00600600601	0.99928804962	-0.99937532915	-8.72795291803e-05
6.01601601602	0.994940912384	-0.99517807434	-0.000237161956141
6.02602602603	0.986659335554	-0.987045442094	-0.000386106539076
6.03603603604	0.974476068176	-0.975009592461	-0.000533524284754
6.04604604605	0.958439288315	-0.959118120553	-0.000678832237735
6.05605605606	0.938612412544	-0.939433868329	-0.000821455785643
6.06606606607	0.915073845161	-0.916034676092	-0.000960830931433
6.07607607608	0.887916668148	-0.889013074671	-0.00109640652369
6.08608608609	0.85724827308	-0.858475919516	-0.00122764643613
6.0960960961	0.823189936455	-0.824543968143	-0.00135403168766
6.10610610611	0.785876340107	-0.787351402602	-0.00147506249471
6.11611611612	0.745455038618	-0.747045298866	-0.00159026024755
6.12612612613	0.702085875823	-0.703785045226	-0.00169916940294
6.13613613614	0.655940352709	-0.657741711995	-0.00180135928557
6.14614614615	0.607200949233	-0.609097375024	-0.00189642579111
6.15615615616	0.556060402709	-0.558044395693	-0.00198399298426
6.16616616617	0.502720945639	-0.504784660224	-0.00206371458532
6.17617617618	0.447393505998	-0.449528781337	-0.00213527533956
6.18618618619	0.39029687313	-0.392495265394	-0.0021983922639
6.1961961962	0.331656832556	-0.333909648322	-0.00225281576588
6.20620620621	0.27170527312	-0.274003603751	-0.00229833063075
6.21621621622	0.210679269996	-0.213014026868	-0.00233475687244
6.22622622623	0.148820147184	-0.15118209763	-0.00236195044537
6.23623623624	0.0863725232145	-0.0887523270286	-0.00237980381404
6.24624624625	0.0235833438109	-0.0259715901891	-0.00238824637828
6.25625625626	-0.0392990946401	0.0369118498877	-0.00238724475242
6.26626626627	-0.102026126964	0.0996493240666	-0.00237680289735
6.27627627628	-0.164349702531	0.161992740427	-0.0023569621048
6.28628628629	-0.22602336616	0.223695565326	-0.00232780083412
6.2962962963	-0.286803232711	0.284513798309	-0.00228943440194
6.30630630631	-0.346448951515	0.344206936988	-0.00224201452625
6.31631631632	-0.404724656828	0.402538928102	-0.00218572872635
6.32632632633	-0.461399900552	0.459279100971	-0.00212079958137
6.33633633634	-0.516250563526	0.514203079675	-0.00204748385007
6.34634634635	-0.569059741792	0.567093670336	-0.00196607145552
6.35635635636	-0.619618604335	0.617741719996	-0.00187688433859
6.36636636637	-0.667727218889	0.665946943704	-0.00178027518487
6.37637637638	-0.713195342561	0.711518716531	-0.00167662602999
6.38638638639	-0.755843174135	0.754276827386	-0.00156634674889
6.3963963964	-0.795502065086	0.794052191651	-0.00144987343497
6.40640640641	-0.832015186492	0.830687519816	-0.0013276666756
6.41641641642	-0.865238149205	0.864037939474	-0.00120020973075
6.42642642643	-0.89503957483	0.893971568209	-0.00106800662195
6.43643643644	-0.921301615256	0.920370035117	-0.000931580139198
6.44644644645	-0.943920418674	0.9431289489	-0.000791469773572
6.45645645646	-0.962806540259	0.962158310675	-0.000648229583879
6.46646646647	-0.977885295874	0.977382869869	-0.000502426005639
6.47647647648	-0.989097057402	0.988742421791	-0.000354635611151
6.48648648649	-0.996397488543	0.996192045713	-0.000205442829475
6.4964964965	-0.999757720139	0.999702282504	-5.543763533e-05
6.50650650651	-0.999164464339	0.999259251123	9.47867839212e-05
6.51651651652	-0.99462006714	0.994864703514	0.000244636374003
6.52652652653	-0.986142499113	0.986536017676	0.000393518562882
6.53653653654	-0.973765284338	0.974306128942	0.000540844604059
6.54654654655	-0.957537367837	0.958223399742	0.000686031904736
6.55655655656	-0.937522922021	0.93835142835	0.000828506329649
6.56656656657	-0.913801092924	0.914768797395	0.000967704471453
6.57657657658	-0.886465687226	0.887568763105	0.00110307587868
6.58658658659	-0.855624801299	0.856858886532	0.00123408523249
6.5965965966	-0.821400393745	0.822760608208	0.00136021446353
6.60660660661	-0.783927803117	0.785408767917	0.00148096480064
6.61661661662	-0.743355212731	0.744951071475	0.00159585874318
6.62662662663	-0.699843064686	0.701547506635	0.00170444194933
6.63663663664	-0.653563425397	0.65536971043	0.00180628503273
6.64664664665	-0.604699305175	0.606600290436	0.00190098526043
6.65665665666	-0.55344393452	0.555432102666	0.00198816814557
6.66666666667	-0.5	0.502067488928	0.00206748892818
6.67667667668	-0.44457884274	0.446717476679	0.00213863393854
6.68668668669	-0.387399622686	0.389600944523	0.00220132183759
6.6966966967	-0.328688451945	0.330943756674	0.00225530472945
6.70670670671	-0.268677500641	0.270977869782	0.00230036914172
6.71671671672	-0.207604078809	0.209940415678	0.00233633686963
6.72672672673	-0.145709697966	0.148072763647	0.00236306568078
6.73673673674	-0.0832391160672	0.0856195659447	0.00238044987752
6.74674674675	-0.0204393696219	0.0228277903369	0.00238842071501
6.75675675676	0.0424412031962	-0.0400542565231	0.002386946673
6.76676676677	0.10515394459	-0.10277791101	0.00237603358051
6.77677677678	0.167450860443	-0.16509513585	0.00235572459277
6.78678678679	0.229085600998	-0.226759500978	0.00232610002057
6.7967967968	0.289814435034	-0.287527158022	0.00228727701265
6.80680680681	0.349397213688	-0.347157804595	0.00223940909249
6.81681681682	0.407598320109	-0.405415634558	0.00218268555117
6.82682682683	0.464187601196	-0.462070270497	0.00211733069884
6.83683683684	0.518941277722	-0.516897674744	0.0020436029777
6.84684684685	0.571642829258	-0.569681035318	0.00196179394
6.85685685686	0.622083850393	-0.620211623298	0.00187222709512
6.86686686687	0.670064874858	-0.668289618227	0.00177525663028
6.87687687688	0.715396164307	-0.713724898297	0.00167126600987
6.88688688689	0.757898458629	-0.75633779217	0.00156066645915
6.8968968969	0.797403684817	-0.795959789479	0.00144389533801
6.90690690691	0.833755621609	-0.832434207198	0.00132141441147
6.91691691692	0.866810517252	-0.865616809229	0.00119370802369
6.92692692693	0.896437657964	-0.895376376782	0.00106128118261
6.93693693694	0.922519884832	-0.92159522727	0.000924657562958
6.94694694695	0.944954057113	-0.944169679677	0.000784377435384
6.95695695696	0.963651460093	-0.963010464563	0.000640995530007
6.96696696697	0.978538155914	-0.978043077072	0.000495078842754
6.97697697698	0.989555275949	-0.989208071555	0.00034720439321
6.98698698699	0.996659253595	-0.996461296653	0.000197956942822
6.996996997	0.999821996562	-0.99977406988	4.79266824971e-05
7.00700700701	0.999030997955	-0.999133291057	-0.000102293101281
7.01701701702	0.994289385735	-0.994541494107	-0.000252108372567
7.02702702703	0.985615910348	-0.986016837043	-0.000400926695039
7.03703703704	0.97304487058	-0.973593030155	-0.000548159574755
7.04704704705	0.956625977922	-0.95731920271	-0.000693224787318
7.05705705706	0.936424159991	-0.937259708672	-0.000835548680254
7.06706706707	0.912519303774	-0.913493872216	-0.00097456844149
7.07707707708	0.885005939722	-0.886115674047	-0.00110973432496
7.08708708709	0.853992867932	-0.855233379756	-0.00124051182454
7.0970970971	0.819602727906	-0.820969111694	-0.00136638378775
7.10710710711	0.781971513578	-0.783458366039	-0.00148685246076
7.11711711712	0.741248035533	-0.74284947699	-0.00160144145679
7.12712712713	0.697593332546	-0.699303030186	-0.00170969763988
7.13713713714	0.651180034758	-0.652991227675	-0.00181119291687
7.14714714715	0.602191681025	-0.604097206956	-0.00190552593022
7.15715715716	0.550821993122	-0.552814316768	-0.00199232364517
7.16716716717	0.497274109679	-0.499345352504	-0.00207124282489
7.17717717718	0.44175978288	-0.443901754268	-0.00214197138778
7.18718718719	0.384498541105	-0.386702770747	-0.0022042296416
7.1971971972	0.325716820813	-0.327974592202	-0.00225777138948
7.20720720721	0.265647071111	-0.267949456014	-0.0023023849035
7.21721721722	0.204526834549	-0.206864728311	-0.00233789376194
7.22722722723	0.142597807772	-0.144961965319	-0.00236415754697
7.23723723724	0.0801048857378	-0.0824859581377	-0.00238107239987
7.24724724725	0.0172951933006	-0.0196837647324	-0.00238857143178
7.25725725726	-0.0455828920356	0.0431962670474	-0.0023866249882
7.26726726727	-0.10828072231	0.105905481544	-0.00237524076622
7.27727727728	-0.170550362372	0.168195898588	-0.00235446378412
7.28728728729	-0.232145570325	0.229821194122	-0.00232437620337
7.2972972973	-0.292822771277	0.290537674273	-0.00228509700364
7.30730730731	-0.352342020544	0.350105239032	-0.0022367815124
7.31731731732	-0.410467952501	0.40828833171	-0.00217962079061
7.32732732733	-0.466970711319	0.464856870442	-0.00211384087725
7.33733733734	-0.521626859919	0.519587158024	-0.00203970189539
7.34734734735	-0.574220263541	0.572262766517	-0.00195749702358
7.35735735736	-0.624542944437	0.622675393101	-0.00186755133652
7.36736736737	-0.67239590431	0.670625683791	-0.00177022051952
7.37737737738	-0.71758991124	0.715924021778	-0.00166588946199
7.38738738739	-0.759946247989	0.758391277253	-0.00155497073541
7.3973973974	-0.799297418733	0.797859515771	-0.00143790296184
7.40740740741	-0.835487811413	0.834172662334	-0.00131514907939
7.41741741742	-0.868374313094	0.867187118583	-0.00118719451162
7.42742742743	-0.897826875899	0.896772330651	-0.00105454524787
7.43743743744	-0.923729031273	0.922811305431	-0.000917725842442
7.44744744745	-0.945978350556	0.945201073216	-0.000777277340201
7.45745745746	-0.964486850027	0.963853094889	-0.000633755137096
7.46746746747	-0.979181338833	0.97869361205	-0.000487726783854
7.47747747748	-0.990003708422	0.98966393868	-0.000339769741637
7.48748748749	-0.996911162321	0.996720693222	-0.000190469098501
7.4974974975	-0.999876385381	0.999835970125	-4.04152556996e-05
7.50750750751	-0.998887651789	0.998997450196	0.000109798407027
7.51751751752	-0.993948871439	0.994208449317	0.00025957787794
7.52752752753	-0.985079574467	0.985487905329	0.000408330862286
7.53753753754	-0.972314834025	0.97287030315	0.0005554691245
7.54754754755	-0.955705127584	0.956405538398	0.000700410814346
7.55755755756	-0.935316137322	0.936158720089	0.000842582767814
7.56756756757	-0.911228490388	0.912209913162	0.000981422773664
7.57757757758	-0.88353744007	0.884653821867	0.00111638179666
7.58758758759	-0.852352489117	0.853599415266	0.00124692614872
7.5975975976	-0.817796956717	0.819169496316	0.00137253959929
7.60760760761	-0.780007490838	0.781500216255	0.00149272541686
7.61761761762	-0.739133527863	0.740740536196	0.00160700833315
7.62762762763	-0.69533670165	0.697051638073	0.0017149364226
7.63763763764	-0.648790204361	0.650606287251	0.00181608288947
7.64764764765	-0.599678101582	0.601588149338	0.00191004775557
7.65765765766	-0.548194604445	0.550191063887	0.00199645944195
7.66766766767	-0.494543301632	0.496618277871	0.00207497623832
7.67767767768	-0.438936354296	0.441081641951	0.00214528765429
7.68768768769	-0.381593657079	0.383800772726	0.00220711564718
7.6976976977	-0.322741968549	0.32500218427	0.00226021572159
7.70770770771	-0.2626140145	0.264918392396	0.00230437789615
7.71771771772	-0.20144756765	0.203786995183	0.00233942753396
7.72772772773	-0.139484507376	0.141849733409	0.00236522603314
7.73773773774	-0.076969863222	0.0793515345969	0.00238167137492
7.74774774775	-0.0141508459408	0.0165395444679	0.0023886985271
7.75775775776	0.0487241300892	-0.046337850388	0.00238627970118
7.76776776777	0.111406429203	-0.109032004741	0.00237442446229
7.77777777778	0.173648177667	-0.171294997976	0.00235317969132
7.78778778779	0.235203243879	-0.23288061448	0.00232262939956
7.7977977978	0.295828211688	-0.293545317291	0.00228289439647
7.80780780781	0.355283342961	-0.353049211149	0.00223413181195
7.81781781782	0.413333525626	-0.411156991151	0.00217653447499
7.82782782783	0.469749203398	-0.467638873247	0.00211033015112
7.83783783784	0.524307283557	-0.522271502916	0.00203578064172
7.84784784785	0.576792019149	-0.5748388384	0.00195318074876
7.85785785786	0.626995862148	-0.625133005039	0.00186285710902
7.86786786787	0.674720284195	-0.672955117292	0.00176516690241
7.87787787788	0.719776561664	-0.718116065224	0.00166049643952
7.88788788789	0.761986521963	-0.760437262329	0.001549259634
7.8978978979	0.801183248104	-0.799751351739	0.00143189636572
7.90790790791	0.837211738773	-0.835902868031	0.00130887074132
7.91791791792	0.869929521266	-0.868748852007	0.00118066925894
7.92792792793	0.899207214896	-0.898159416011	0.00104779888435
7.93793793794	0.92492904262	-0.924018257574	0.0009107850462
7.94794794795	0.946993288874	-0.946223119315	0.000770169558238
7.95795795796	0.965312701797	-0.96468619332	0.000626508476749
7.96796796797	0.979814838271	-0.979334468369	0.000480369901646
7.97797797798	0.990442350387	-0.990110018657	0.000332331729958
7.98798798799	0.997153212228	-0.996970232857	0.000182979370562
7.997997998	0.999920886057	-0.999887982628	3.2903429221e-05
8.00800800801	0.998734427259	-0.998851729886	-0.000117302626937
8.01801801802	0.99359852762	-0.993865572436	-0.000267044816251
8.02802802803	0.984533496775	-0.984949227766	-0.0004157309914
8.03803803804	0.971575181895	-0.972137955076	-0.000562773181009
8.04804804805	0.954774825929	-0.955482415844	-0.000707589914756
8.05805805806	0.934198864969	-0.935048473492	-0.000849608522764
8.06806806807	0.909928665531	-0.910916932931	-0.00098826740019
8.07807807808	0.882060202795	-0.883183221023	-0.00112301822806
8.08808808809	0.850703681078	-0.851957009219	-0.00125332814158
8.0980980981	0.815983098035	-0.817361779872	-0.0013786818373
8.10810810811	0.778035754318	-0.779534337929	-0.00149858361085
8.11811811812	0.737011710631	-0.738624269948	-0.00161255931722
8.12812812813	0.693073194316	-0.694793352562	-0.00172015824569
8.13813813814	0.646393957842	-0.648214912744	-0.00182095490216
8.14814814815	0.597158591703	-0.599073142395	-0.00191455069175
8.15815815816	0.54556179447	-0.547562369966	-0.00200057549502
8.16816816817	0.491807602866	-0.493886291998	-0.00207868913156
8.17817817818	0.436108584911	-0.438257167616	-0.00214858270526
8.18818818819	0.378684999333	-0.380894979159	-0.00220997982579
8.1981981982	0.319763924571	-0.322026562273	-0.0022626377016
8.20820820821	0.259578360804	-0.261884708904	-0.00230634809997
8.21821821822	0.198366308561	-0.200707246732	-0.00234093817053
8.22822822823	0.136369827566	-0.138736098695	-0.00236627112872
8.23823823824	0.0738340795231	-0.0762163263198	-0.00238224679675
8.24824824825	0.0110063586381	-0.0133951606378	-0.0023888019997
8.25825825826	-0.0518648862921	0.0494789754767	-0.00238591081538
8.26826826827	-0.114531034357	0.11215744968	-0.00237358467682
8.27827827828	-0.176744275691	0.174392403364	-0.00235187232707
8.28828828829	-0.238258591423	0.235937731797	-0.00232085962643
8.2982982983	-0.298830726545	0.296550057333	-0.00228066921292
8.30830830831	-0.358221151852	0.355989691835	-0.00223146001737
8.31831831832	-0.416195011144	0.414021584509	-0.00217342663483
8.32832832833	-0.472523049956	0.470416251401	-0.00210679855516
8.33833833834	-0.526982522129	0.524950682874	-0.00203183925547
8.34834834835	-0.57935807065	0.577409225492	-0.00194884515822
8.35835835836	-0.629442579268	0.627584434809	-0.00185814445905
8.36836836837	-0.677037991524	0.675277895695	-0.00176009582892
8.37837837838	-0.721956093955	0.720301006959	-0.0016550869958
8.38838838839	-0.764019260373	0.762475727162	-0.00154353321139
8.3983983984	-0.803061154282	0.801635278673	-0.00142587560905
8.40840840841	-0.83892738664	0.837624807181	-0.00130257945935
8.41841841842	-0.871476126386	0.870301994056	-0.0011741323302
8.42842842843	-0.900578661304	0.899537619145	-0.00104104215877
8.43843843844	-0.926119907006	0.925216071764	-0.000903835242872
8.44844844845	-0.947998862029	0.947235807869	-0.000763054159788
8.45845845846	-0.966129007238	0.965509751617	-0.000619255620631
8.46846846847	-0.980438647961	0.979965639692	-0.000473008268885
8.47847847848	-0.990871197506	0.990546307074	-0.000324890431728
8.48848848849	-0.997385400923	0.99720991309	-0.000175487833072
8.4984984985	-0.99995549815	0.999930106873	-2.53912773484e-05
8.50850850851	-0.998571325879	0.998696131566	0.000124805686798
8.51851851852	-0.993238357742	0.993512866856	0.000274509113659
8.52852852853	-0.983977682672	0.984400809681	0.000423127009198
8.53853853854	-0.970825921502	0.971395993174	0.000570071672048
8.54854854855	-0.953835082157	0.954549844174	0.000714762017551
8.55855855856	-0.933072353983	0.933928979858	0.000856625875626
8.56856856857	-0.908619842057	0.90961494431	0.000995102253379
8.57857857858	-0.880574242504	0.881703886057	0.00112964355352
8.58858858859	-0.849046460119	0.850306177859	0.00125971773983
8.5985985986	-0.814161169798	0.815545980239	0.00138481044101
8.60860860861	-0.77605632352	0.777560750504	0.0015044269848
8.61861861862	-0.734882604821	0.736500699175	0.00161809435411
8.62862862863	-0.690802832929	0.692528195986	0.00172536305751
8.63863863864	-0.643991318896	0.645817127803	0.00182580890677
8.64864864865	-0.594633176304	0.596552210999	0.00191903469425
8.65865865866	-0.542923589236	0.544928261	0.00200467176366
8.66866866867	-0.489067040436	0.491149421904	0.00208238146788
8.67867867868	-0.433276502688	0.435428359196	0.00215185650811
8.68868868869	-0.375772596633	0.377985418782	0.00221282214911
8.6986986987	-0.316782718332	0.319047755637	0.00226503730556
8.70870870871	-0.256540140042	0.258848435538	0.00230829549548
8.71871871872	-0.195283087756	0.197625513412	0.00234242565671
8.72872872873	-0.133253799146	0.135621091969	0.00236729282339
8.73873873874	-0.070697565652	0.0730803643117	0.00238279865967
8.74874874875	-0.00786176248947	0.010250644338	0.00238888184856
8.75875875876	0.0550051295842	-0.0526196112498	0.00238551833443
8.76876876877	0.117654506872	-0.115281785454	0.0023727214181
8.77877877878	0.179838625827	-0.177488084122	0.00235054170429
8.78878878879	0.241311582741	-0.238992515839	0.00231906690146
8.7987987988	0.301830286157	-0.299551864682	0.00227842147501
8.80880880881	0.361155418163	-0.358926652008	0.00222876615505
8.81881881882	0.419052380758	-0.416882083458	0.00217029730085
8.82882882883	0.475292223561	-0.473188977437	0.0021032461243
8.83883883884	0.529652549179	-0.527624671403	0.00202787777563
8.84884884885	0.581918392668	-0.579973902373	0.00194449029485
8.85885885886	0.6318830716	-0.630029658167	0.00185341343321
8.86886886887	0.679349003377	-0.677593996028	0.0017550073492
8.87887887888	0.724128486558	-0.722478825374	0.00164966118432
8.88888888889	0.766044443119	-0.764506651595	0.00153779152422
8.8988988989	0.804931118695	-0.803511277944	0.00141984075138
8.90890890891	0.840634738048	-0.839338462752	0.0012962752957
8.91891891892	0.873014113161	-0.871846529371	0.00116758379004
8.92892892893	0.901941201561	-0.900906926423	0.00103427513793
8.93893893894	0.927301612655	-0.926404736153	0.000896876501188
8.94894894895	0.948995060078	-0.948239128863	0.000755931215216
8.95895895896	0.966935758276	-0.966323761636	0.000611996640468
8.96896896897	0.981052761736	-0.980587119778	0.000465641958372
8.97897897898	0.991290245538	-0.990972799617	0.000317445920539
8.98898898899	0.99760772611	-0.997439731549	0.00016799456012
8.998998999	0.999980221319	-0.999962342444	1.78788743721e-05
9.00900900901	0.998398349262	-0.998530656775	-0.000132307512409
9.01901901902	0.992868365367	-0.993150336064	-0.000281970696347
9.02902902903	0.983412137654	-0.983842656496	-0.000430518842539
9.03903903904	0.970067060258	-0.970644424783	-0.00057736452544
9.04904904905	0.952885905561	-0.953607832613	-0.000721927051804
9.05905905906	0.931936615503	-0.93280025026	-0.000863634757001
9.06906906907	0.907302032909	-0.908303960175	-0.00100192726564
9.07907907908	0.879079573893	-0.8802158316	-0.00113625770753
9.08908908909	0.847380842629	-0.84864693751	-0.00126609488027
9.0990990991	0.812331190024	-0.813722115374	-0.00139092534983
9.10910910911	0.774069218016	-0.775579473497	-0.00151025548093
9.11911911912	0.732746231489	-0.734369844878	-0.00162361338907
9.12912912913	0.688525639939	-0.690256190746	-0.00173055080658
9.13913913914	0.641582311285	-0.643412956141	-0.00183064485528
9.14914914915	0.592101880361	-0.59402538008	-0.00192349971871
9.15915915916	0.540280014833	-0.54228876304	-0.00200874820737
9.16916916917	0.486321641442	-0.488407694653	-0.00208605321076
9.17917917918	0.430440135636	-0.432595244666	-0.00215510903047
9.18918918919	0.37285647778	-0.375072120369	-0.00221564258901
9.1991991992	0.313798379312	-0.316065793822	-0.00226741450974
9.20920920921	0.253499382261	-0.255809602325	-0.0023102200634
9.21921921922	0.192197935725	-0.194541825702	-0.00234388997778
9.22922922923	0.13013645293	-0.132504744037	-0.00236829110704
9.23923923924	0.0675603526269	-0.0699436795851	-0.00238332695823
9.24924924925	0.00471708859304	-0.00710602666594	-0.0023889380729
9.25925925926	-0.0581448289105	0.0557597266483	-0.00238510226222
9.26926926927	-0.120776815858	0.118404981163	-0.00237183469468
9.27927927928	-0.182931197472	0.180582009636	-0.00234918783615
9.28928928929	-0.24436218764	0.242044936397	-0.0023172512424
9.2992992993	-0.304826860859	0.302550709654	-0.00227615120495
9.30930930931	-0.364086112876	0.361860062625	-0.00222605025166
9.31931931932	-0.421905606211	0.419738459706	-0.00216714650402
9.32932932933	-0.478056696828	0.475957023934	-0.00209967289368
9.33933933934	-0.532317338301	0.53029344206	-0.00202389624136
9.34934934935	-0.584472959883	0.582532843681	-0.00194011620169
9.35935935936	-0.634317315011	0.632468650932	-0.00184866407829
9.36936936937	-0.6816532969	0.679903395386	-0.00174990151357
9.37937937938	-0.72629371799	0.724649498932	-0.00164421905873
9.38938938939	-0.768062050171	0.766530015542	-0.00153203462926
9.3993993994	-0.80679312285	0.805379330998	-0.00141379185238
9.40940940941	-0.842333776112	0.841043817799	-0.00128995831271
9.41941941942	-0.874543466381	0.873382442678	-0.00116102370321
9.42942942943	-0.903294822193	0.902267324304	-0.00102749788878
9.43943943944	-0.928474147879	0.927584238989	-0.000889908889967
9.44944944945	-0.949981873168	0.949233072373	-0.000748800794965
9.45945945946	-0.967732946933	0.967128215325	-0.000604731608047
9.46946946947	-0.981657173522	0.981198902479	-0.000458271042957
9.47947947948	-0.991699490339	0.991389492069	-0.000309998270011
9.48948948949	-0.997820185589	0.997659685963	-0.000160499625808
9.4994994995	-0.999995055317	0.999984689023	-1.03662945851e-05
9.50950950951	-0.99821549912	0.99835530715	0.000139808029584
9.51951951952	-0.992488554155	0.992777983646	0.000289429490524
9.52952952953	-0.982836867314	0.983274773732	0.000437906418323
9.53953953954	-0.969298605666	0.969883257335	0.000584651669063
9.54954954955	-0.951927305529	0.952656390476	0.000729084946656
9.55955955956	-0.930791660762	0.93166229586	0.000870635097577
9.56956956957	-0.90597525112	0.90698399349	0.00100874236948
9.57957957958	-0.877576211743	0.878719072367	0.00114286062467
9.58958958959	-0.845706845082	0.846979304581	0.00127245949983
9.5995995996	-0.81049317681	0.811890203314	0.00139702650327
9.60960960961	-0.77207445746	0.773590526502	0.00151606904158
9.61961961962	-0.730602611762	0.73223172813	0.00162911636752
9.62962962963	-0.686241637869	0.68797735931	0.00173572144161
9.63963963964	-0.639166958833	0.641002421533	0.00183546269988
9.64964964965	-0.589564728906	0.591492674627	0.00192794572098
9.65965965966	-0.537631097403	0.539643902189	0.00201280478584
9.66966966967	-0.483571433037	0.485661137361	0.00208970432392
9.67967967968	-0.427599511804	0.429757852044	0.00215834024017
9.68968968969	-0.369936671614	0.372155112732	0.00221844111762
9.6996996997	-0.310810937026	0.313080706316	0.00226976929062
9.70970970971	-0.250456117533	0.252768239317	0.00231212178472
9.71971971972	-0.189110882978	0.191456214097	0.00234533111928
9.72972972973	-0.127017819747	0.129387085717	0.00236926596978
9.73973973974	-0.0644224714728	0.06680630316	0.00238383168719
9.74974974975	-0.00157236804759	0.00396133871976	0.00238897067217
9.75975975976	0.0612839532213	-0.0588992906184	0.00238466260287
9.76976976977	0.123897930438	-0.121527005923	0.00237092451532
9.77977977978	0.186021960045	-0.183674149309	0.00234781073603
9.78978978979	0.247410375952	-0.245094963285	0.00231541266719
9.7997997998	0.307820421017	-0.305546562591	0.00227385842521
9.80980980981	0.367013207009	-0.364789894675	0.00222331233405
9.81981981982	0.424754659284	-0.422590685009	0.00216397427548
9.82982982983	0.480816442417	-0.478720363518	0.00209607889862
9.83983983984	0.534976863143	-0.532956968451	0.00201989469204
9.84984984985	0.587021747031	-0.585086024109	0.00193572292203
9.85985985986	0.636745285425	-0.634901388984	0.00184389644125
9.86986986987	0.683950849304	-0.682206070931	0.00174477837253
9.87987987988	0.728451766839	-0.726813006166	0.00163876067286
9.88988988989	0.770072061578	-0.768545798994	0.00152626258346
9.8998998999	0.808647148334	-0.807239419362	0.00140772897189
9.90990990991	0.84402448403	-0.842740855457	0.00128362857285
9.91991991992	0.876064170921	-0.874909718786	0.00115445213459
9.92992992993	0.904639509812	-0.903618799333	0.00102071047832
9.93993993994	0.929637501083	-0.928754568605	0.000882932478107
9.94994994995	0.95095929154	-0.950217628571	0.000741662969551
9.95995995996	0.968520565327	-0.967923104731	0.000597460595216
9.96996996997	0.982251877342	-0.981800981746	0.00045089559553
9.97997997998	0.992098927861	-0.991796380307	0.000302547553796
9.98998998999	0.99802277726	-0.997869774156	0.000153003104257
10.0	1.0	-0.999997146388	2.85361228203e-06
