System params: f_X=1, f_Y=1, A_X=1, A_Y=1, phi=6.28, dt=0.01, N=1000

t	X	Y	Z
0.0	1.0	-0.00318530179314	0.996814698207
0.01001001001	0.99802277726	0.0596739674423	1.0576967447
0.02002002002	0.992098927861	0.122297259227	1.11439618709
0.03003003003	0.982251877342	0.184436933168	1.16668881051
0.04004004004	0.968520565327	0.245847261312	1.21436782664
0.0500500500501	0.95095929154	0.306285399865	1.25724469141
0.0600600600601	0.929637501083	0.365512349503	1.29514985059
0.0700700700701	0.904639509812	0.423293900484	1.3279334103
0.0800800800801	0.876064170921	0.479401558813	1.35546572973
0.0900900900901	0.84402448403	0.533613449815	1.37763793384
0.1001001001	0.808647148334	0.585715195523	1.39436234386
0.11011011011	0.770072061578	0.635500762424	1.405572824
0.12012012012	0.728451766839	0.682773276208	1.41122504305
0.13013013013	0.683950849304	0.727345800296	1.4112966496
0.14014014014	0.636745285425	0.769042075073	1.4057873605
0.15015015015	0.587021747031	0.807697214893	1.39471896192
0.16016016016	0.534976863143	0.843158360112	1.37813522326
0.17017017017	0.480816442417	0.875285281567	1.35610172398
0.18018018018	0.424754659284	0.903950935096	1.32870559438
0.19019019019	0.367013207009	0.929041963937	1.29605517095
0.2002002002	0.307820421017	0.950459146984	1.258279568
0.21021021021	0.247410375952	0.968117791154	1.21552816711
0.22022022022	0.186021960045	0.981948066301	1.16797002635
0.23023023023	0.123897930438	0.991895281356	1.11579321179
0.24024024024	0.0612839532213	0.997920100601	1.05920405382
0.25025025025	-0.00157236804758	0.999998699215	0.998426331167
0.26026026026	-0.0644224714728	0.998122857494	0.933700386021
0.27027027027	-0.127017819747	0.992299993351	0.865282173604
0.28028028028	-0.189110882978	0.982553132986	0.793442250008
0.29029029029	-0.250456117533	0.968920819825	0.718464702293
0.3003003003	-0.310810937026	0.95145696211	0.640646025084
0.31031031031	-0.369936671614	0.930230619711	0.560293948097
0.32032032032	-0.427599511804	0.905325731044	0.477726219241
0.33033033033	-0.483571433037	0.876840781133	0.393269348096
0.34034034034	-0.537631097403	0.844888412159	0.307257314756
0.35035035035	-0.589564728906	0.809594978023	0.220030249116
0.36036036036	-0.639166958833	0.771100044686	0.131933085853
0.37037037037	-0.686241637869	0.729555838263	0.0433142003945
0.38038038038	-0.730602611762	0.685126643054	-0.0454759687078
0.39039039039	-0.77207445746	0.637988151889	-0.134086305571
0.4004004004	-0.81049317681	0.588326771361	-0.22216640545
0.41041041041	-0.845706845082	0.536338884691	-0.309367960391
0.42042042042	-0.877576211743	0.482230075143	-0.395346136599
0.43043043043	-0.90597525112	0.426214313055	-0.479760938065
0.44044044044	-0.930791660762	0.368513109704	-0.562278551058
0.45045045045	-0.951927305529	0.309354641352	-0.642572664177
0.46046046046	-0.969298605666	0.248972846937	-0.72032575873
0.47047047047	-0.982836867314	0.187606502972	-0.795230364342
0.48048048048	-0.992488554155	0.125498279321	-0.866990274834
0.49049049049	-0.99821549912	0.0628937795658	-0.935321719554
0.500500500501	-0.999995055317	4.05697885951e-05	-0.999954485529
0.510510510511	-0.997820185589	-0.0628128004197	-1.06063298601
0.520520520521	-0.991699490339	-0.125417780833	-1.11711727117
0.530530530531	-0.981657173522	-0.18752680347	-1.16918397699
0.540540540541	-0.967732946933	-0.248894261587	-1.21662720852
0.550550550551	-0.949981873168	-0.309277480917	-1.25925935408
0.560560560561	-0.928474147879	-0.36843767931	-1.29691182719
0.570570570571	-0.903294822193	-0.426140910988	-1.32943573318
0.580580580581	-0.874543466381	-0.482158991667	-1.35670245805
0.590590590591	-0.842333776112	-0.536270400901	-1.37860417701
0.600600600601	-0.80679312285	-0.588261158073	-1.39505428092
0.610610610611	-0.768062050171	-0.637925668567	-1.40598771874
0.620620620621	-0.72629371799	-0.685067536786	-1.41136125478
0.630630630631	-0.6816532969	-0.72950034278	-1.41115363968
0.640640640641	-0.634317315011	-0.771048379443	-1.40536569445
0.650650650651	-0.584472959883	-0.809547347326	-1.39402030721
0.660660660661	-0.532317338301	-0.844845004362	-1.37716234266
0.670670670671	-0.478056696828	-0.87680176789	-1.35485846472
0.680680680681	-0.421905606211	-0.905291266631	-1.32719687284
0.690690690691	-0.364086112876	-0.930200840415	-1.29428695329
0.700700700701	-0.304826860859	-0.951431985691	-1.25625884655
0.710710710711	-0.24436218764	-0.968900745052	-1.21326293269
0.720720720721	-0.182931197472	-0.982538039242	-1.16546923671
0.730730730731	-0.120776815858	-0.992289940325	-1.11306675618
0.740740740741	-0.0581448289105	-0.99811788494	-1.05626271385
0.750750750751	0.00471708859303	-0.999998826796	-0.995281738203
0.760760760761	0.0675603526269	-0.997925327813	-0.930364975186
0.770770770771	0.13013645293	-0.991905587529	-0.861769134599
0.780780780781	0.192197935725	-0.981963410678	-0.789765474953
0.790790790791	0.253499382261	-0.968138113057	-0.714638730796
0.800800800801	0.313798379312	-0.950484366052	-0.63668598674
0.810810810811	0.37285647778	-0.929071980442	-0.556215502662
0.820820820821	0.430440135636	-0.90398563034	-0.473545494704
0.830830830831	0.486321641442	-0.875324518348	-0.389002876906
0.840840840841	0.540280014833	-0.843201983272	-0.302921968439
0.850850850851	0.592101880361	-0.807745051926	-0.215643171564
0.860860860861	0.641582311285	-0.76909393681	-0.127511625524
0.870870870871	0.688525639939	-0.727401481653	-0.0388758417132
0.880880880881	0.732746231489	-0.682832556995	0.0499136744944
0.890890890891	0.774069218016	-0.635563408219	0.138505809798
0.900900900901	0.812331190024	-0.585780958597	0.226550231427
0.910910910911	0.847380842629	-0.533682070111	0.313698772519
0.920920920921	0.879079573893	-0.479472764976	0.399606808917
0.930930930931	0.907302032909	-0.423367410933	0.483934621976
0.940940940941	0.931936615503	-0.365587873545	0.566348741958
0.950950950951	0.952885905561	-0.306362638844	0.646523266717
0.960960960961	0.970067060258	-0.245925909791	0.724141150467
0.970970970971	0.983412137654	-0.184516680136	0.798895457518
0.980980980981	0.992868365367	-0.122377789329	0.870490576039
0.990990990991	0.998398349262	-0.0597549622258	0.938643387037
1.001001001	0.999980221319	0.00310416261716	1.00308438394
1.01101101101	0.99760772611	0.0659510122183	1.06355873833
1.02102102102	0.991290245538	0.128537062137	1.11982730768
1.03103103103	0.981052761736	0.190614819252	1.17166758099
1.04104104104	0.966935758276	0.251938800457	1.21887455873
1.05105105105	0.948995060078	0.312266503411	1.26126156349
1.06106106106	0.927301612655	0.371359365502	1.29866097816
1.07107107107	0.901941201561	0.428983707229	1.33092490879
1.08108108108	0.873014113161	0.484911656275	1.35792576944
1.09109109109	0.840634738048	0.538922048613	1.37955678666
1.1011011011	0.804931118695	0.590801303093	1.39573242179
1.11111111111	0.766044443119	0.640344266031	1.40638870915
1.12112112112	0.724128486558	0.687355022481	1.41148350904
1.13113113113	0.679349003377	0.731647670969	1.41099667435
1.14114114114	0.6318830716	0.773047058633	1.40493013023
1.15115115115	0.581918392668	0.811389473851	1.39330786652
1.16116116116	0.529652549179	0.846523293632	1.37617584281
1.17117117117	0.475292223561	0.878309583201	1.35360180676
1.18118118118	0.419052380758	0.90662264541	1.32567502617
1.19119119119	0.361155418163	0.931350517797	1.29250593596
1.2012012012	0.301830286157	0.952395415339	1.2542257015
1.21121121121	0.241311582741	0.969674117137	1.21098569988
1.22122122122	0.179838625827	0.983118295507	1.16295692133
1.23123123123	0.117654506872	0.992674786177	1.11032929305
1.24124124124	0.0550051295842	0.998305798526	1.05331092811
1.25125125125	-0.00786176248947	0.999989065024	0.992127302535
1.26126126126	-0.070697565652	0.997717929284	0.927020363632
1.27127127127	-0.133253799146	0.99150137239	0.858247573244
1.28128128128	-0.195283087756	0.981363977376	0.78608088962
1.29129129129	-0.256540140042	0.967345832018	0.710805691975
1.3013013013	-0.316782718332	0.949502370307	0.632719651976
1.31131131131	-0.375772596633	0.927904153241	0.552131556609
1.32132132132	-0.433276502688	0.902636589792	0.469360087104
1.33133133133	-0.489067040436	0.87379959916	0.384732558724
1.34134134134	-0.542923589236	0.841507215654	0.298583626417
1.35135135135	-0.594633176304	0.805887137743	0.211253961438
1.36136136136	-0.643991318896	0.767080223083	0.123088904187
1.37137137137	-0.690802832929	0.725239931503	0.0344370985746
1.38138138138	-0.734882604821	0.680531718155	-0.0543508866663
1.39139139139	-0.77605632352	0.63313237923	-0.142923944289
1.4014014014	-0.814161169798	0.583229352831	-0.230931816967
1.41141141141	-0.849046460119	0.531019977754	-0.318026482365
1.42142142142	-0.880574242504	0.476710713127	-0.403863529377
1.43143143143	-0.908619842057	0.420516321975	-0.488103520082
1.44144144144	-0.933072353983	0.362659021955	-0.570413332028
1.45145145145	-0.953835082157	0.303367606605	-0.650467475552
1.46146146146	-0.970825921502	0.242876540594	-0.727949380908
1.47147147147	-0.983977682672	0.181425032546	-0.802552650126
1.48148148148	-0.993238357742	0.119256089098	-0.873982268644
1.49149149149	-0.998571325879	0.0566155539472	-0.941955771932
1.5015015015	-0.99995549815	-0.00624886432471	-1.00620436248
1.51151151151	-0.997385400923	-0.0690885718033	-1.06647397273
1.52152152152	-0.990871197506	-0.131655072292	-1.1225262698
1.53153153153	-0.980438647961	-0.193700949974	-1.17413959794
1.54154154154	-0.966129007238	-0.254980847811	-1.22110985505
1.55155155155	-0.947998862029	-0.315252437787	-1.26325129982
1.56156156156	-0.926119907006	-0.374277379186	-1.30039728619
1.57157157157	-0.900578661304	-0.431822261094	-1.3324009224
1.58158158158	-0.871476126386	-0.487659525414	-1.3591356518
1.59159159159	-0.83892738664	-0.541568366729	-1.38049575337
1.6016016016	-0.803061154282	-0.593335605464	-1.39639675975
1.61161161161	-0.764019260373	-0.642756530896	-1.40677579127
1.62162162162	-0.721956093955	-0.689635710671	-1.41159180463
1.63163163163	-0.677037991524	-0.733787763627	-1.41082575515
1.64164164164	-0.629442579268	-0.775038092879	-1.40448067215
1.65165165165	-0.57935807065	-0.813223576248	-1.3925816469
1.66166166166	-0.526982522129	-0.848193211323	-1.37517573345
1.67167167167	-0.472523049956	-0.879808712587	-1.35233176254
1.68168168168	-0.416195011144	-0.907945058266	-1.32414006941
1.69169169169	-0.358221151852	-0.932490984713	-1.29071213657
1.7017017017	-0.298830726545	-0.953349426402	-1.25218015295
1.71171171171	-0.238258591423	-0.970437899761	-1.20869649118
1.72172172172	-0.176744275691	-0.983688829355	-1.16043310505
1.73173173173	-0.114531034357	-0.993049815105	-1.10758084946
1.74174174174	-0.0518648862921	-0.998483839502	-1.05034872579
1.75175175175	0.0110063586381	-0.999969413995	-0.988963055357
1.76176176176	0.0738340795231	-0.997500663959	-0.923666584436
1.77177177177	0.136369827566	-0.991087351932	-0.854717524366
1.78178178178	0.198366308561	-0.980754839007	-0.782388530446
1.79179179179	0.259578360804	-0.966543984542	-0.706965623738
1.8018018018	0.319763924571	-0.948510984587	-0.628747060016
1.81181181181	0.378684999333	-0.926727149657	-0.548042150325
1.82182182182	0.436108584911	-0.90127862274	-0.46517003783
1.83183183183	0.491807602866	-0.872266038648	-0.380458435782
1.84184184184	0.54556179447	-0.839804126063	-0.294242331592
1.85185185185	0.597158591703	-0.804021253848	-0.206862662145
1.86186186186	0.646393957842	-0.76505892342	-0.118664965578
1.87187187187	0.693073194316	-0.723071209191	-0.029998014875
1.88188188188	0.737011710631	-0.678224149288	0.0587875613426
1.89189189189	0.778035754318	-0.630695088965	0.147340665354
1.9019019019	0.815983098035	-0.580671979297	0.235311118737
1.91191191191	0.850703681078	-0.528352633947	0.322351047131
1.92192192192	0.882060202795	-0.473943946911	0.408116255884
1.93193193193	0.909928665531	-0.417661074378	0.492267591153
1.94194194194	0.934198864969	-0.359726583897	0.574472281072
1.95195195195	0.954774825929	-0.300369574252	0.654405251677
1.96196196196	0.971575181895	-0.239824769503	0.731750412392
1.97197197197	0.984533496775	-0.178331590778	0.806201905997
1.98198198198	0.99359852762	-0.1161332095	0.87746531812
1.99199199199	0.998734427259	-0.0534755857767	0.945258841482
2.002002002	0.999920886057	0.00939350423497	1.00931439029
2.01201201201	0.997153212228	0.0722254481463	1.06937866037
2.02202202202	0.990442350387	0.134771780461	1.12521413085
2.03203203203	0.979814838271	0.196785165117	1.17660000339
2.04204204204	0.965312701797	0.258020373567	1.22333307536
2.05205205205	0.946993288874	0.318235254517	1.26522854339
2.06206206206	0.92492904262	0.377191691503	1.30212073412
2.07207207207	0.899207214896	0.434656544511	1.33386375941
2.08208208208	0.869929521266	0.490402571911	1.36033209318
2.09209209209	0.837211738773	0.544209329077	1.38142106785
2.1021021021	0.801183248104	0.595864040122	1.39704728823
2.11211211211	0.761986521963	0.645162439308	1.40714896127
2.12212212212	0.719776561664	0.691909578802	1.41168614047
2.13213213213	0.674720284195	0.73592059959	1.41064088378
2.14214214214	0.626995862148	0.77702146249	1.40401732464
2.15215215215	0.576792019149	0.815049636381	1.39184165553
2.16216216216	0.524307283557	0.849854740922	1.37416202448
2.17217217217	0.469749203398	0.881299141224	1.35104834462
2.18218218218	0.413333525626	0.909258492122	1.32259201775
2.19219219219	0.355283342961	0.933622229886	1.28890557285
2.2022022022	0.295828211688	0.954294009444	1.25012222113
2.21221221221	0.235203243879	0.97119208537	1.20639532925
2.22222222222	0.173648177667	0.984249635145	1.15789781281
2.23223223223	0.111406429203	0.9934150234	1.1048214526
2.24224224224	0.0487241300892	0.998652006107	1.0473761362
2.25225225225	-0.0141508459408	0.999939873903	0.985789027962
2.26226226226	-0.076969863222	0.997273533985	0.920303670763
2.27227227227	-0.139484507376	0.990663530249	0.851179022874
2.28228228228	-0.20144756765	0.980136001595	0.778688433945
2.29229229229	-0.2626140145	0.96573257856	0.70311856406
2.3023023023	-0.322741968549	0.947510218696	0.624768250147
2.31231231231	-0.381593657079	0.92554098133	0.543947324252
2.32232232232	-0.438936354296	0.899911742616	0.46097538832
2.33233233233	-0.494543301632	0.870723851979	0.376180550347
2.34234234234	-0.548194604445	0.838092731342	0.289898126897
2.35235235235	-0.599678101582	0.802147418693	0.202469317111
2.36236236236	-0.648790204361	0.76303005781	0.114239853448
2.37237237237	-0.69533670165	0.720895336164	0.025558634514
2.38238238238	-0.739133527863	0.675909873216	-0.0632236546471
2.39239239239	-0.780007490838	0.628251561525	-0.151755929313
2.4024024024	-0.817796956717	0.578108863286	-0.23968809343
2.41241241241	-0.852352489117	0.525680065067	-0.32667242405
2.42242242242	-0.88353744007	0.471172493691	-0.412364946379
2.43243243243	-0.911228490388	0.414801696378	-0.49642679401
2.44244244244	-0.935316137322	0.356790588371	-0.57852554895
2.45245245245	-0.955705127584	0.297368571435	-0.658336556149
2.46246246246	-0.972314834025	0.236770626697	-0.735544207329
2.47247247247	-0.985079574467	0.175236385424	-0.809843189044
2.48248248248	-0.993948871439	0.113009181418	-0.880939690021
2.49249249249	-0.998887651789	0.0503350887666	-0.948552563023
2.5025025025	-0.999876385381	-0.0125380512494	-1.01241443663
2.51251251251	-0.996911162321	-0.0753616102253	-1.07227277255
2.52252252252	-0.990003708422	-0.137887155822	-1.12789086424
2.53253253253	-0.979181338833	-0.199867434179	-1.17904877301
2.54254254254	-0.964486850027	-0.261057347665	-1.22554419769
2.55255255255	-0.945978350556	-0.321214924102	-1.26719327466
2.56256256256	-0.923729031273	-0.380102273635	-1.30383130491
2.57257257257	-0.897826875899	-0.43748652945	-1.33531340535
2.58258258258	-0.868374313094	-0.493140768637	-1.36151508173
2.59259259259	-0.835487811413	-0.54684490954	-1.38233272095
2.6026026026	-0.799297418733	-0.598386582063	-1.3976840008
2.61261261261	-0.759946247989	-0.647561967472	-1.40750821546
2.62262262262	-0.71758991124	-0.694176604386	-1.41176651563
2.63263263263	-0.67239590431	-0.738046157766	-1.41044206208
2.64264264264	-0.624542944437	-0.778997147853	-1.40354009229
2.65265265265	-0.574220263541	-0.81686763619	-1.39108789973
2.66266266266	-0.521626859919	-0.851507865997	-1.37313472592
2.67267267267	-0.466970711319	-0.882780854372	-1.34975156569
2.68268268268	-0.410467952501	-0.910562933989	-1.32103088649
2.69269269269	-0.352342020544	-0.934744242128	-1.28708626267
2.7027027027	-0.292822771277	-0.955229155124	-1.2480519264
2.71271271271	-0.232145570325	-0.971936666506	-1.20408223683
2.72272272272	-0.170550362372	-0.984800707332	-1.1553510697
2.73273273273	-0.10828072231	-0.993770407452	-1.10205112976
2.74274274274	-0.0455828920356	-0.998810296678	-1.04439318871
2.75275275275	0.0172951933006	-0.999900445041	-0.98260525174
2.76276276276	0.0801048857378	-0.997036541609	-0.916931655871
2.77277277277	0.142597807772	-0.990229911533	-0.847632103761
2.78278278278	0.204526834549	-0.97950747126	-0.774980636711
2.79279279279	0.265647071111	-0.964911622096	-0.699264550985
2.8028028028	0.325716820813	-0.946500082529	-0.620783261716
2.81281281281	0.384498541105	-0.924345659991	-0.539847118885
2.82282282282	0.44175978288	-0.898535962936	-0.456776180055
2.83283283283	0.497274109679	-0.869173054404	-0.371898944725
2.84284284284	0.550821993122	-0.836373048417	-0.285551055294
2.85285285285	0.602191681025	-0.800265650809	-0.198073969784
2.86286286286	0.651180034758	-0.760993646317	-0.109813611559
2.87287287287	0.697593332546	-0.71871233394	-0.0211190013944
2.88288288288	0.741248035533	-0.673588912824	0.0676591227099
2.89289289289	0.781971513578	-0.625801821076	0.156169692502
2.9029029029	0.819602727906	-0.575540030146	0.24406269776
2.91291291291	0.853992867932	-0.523002297546	0.330990570386
2.92292292292	0.885005939722	-0.468396380874	0.416609558847
2.93293293293	0.912519303774	-0.411938216252	0.500581087522
2.94294294294	0.936424159991	-0.353851064413	0.582573095578
2.95295295295	0.956625977922	-0.294364627832	0.66226135009
2.96296296296	0.97304487058	-0.233714142379	0.739330728201
2.97297297297	0.985615910348	-0.172139447093	0.813476463255
2.98298298298	0.994289385735	-0.109884035748	0.884405349987
2.99299299299	0.999030997955	-0.0471940939744	0.951836903981
3.003003003	0.999821996562	0.0156824742705	1.01550447083
3.01301301301	0.996659253595	0.0784970270259	1.07515628062
3.02302302302	0.989555275949	0.141001167568	1.13055644352
3.03303303303	0.978538155914	0.20294772668	1.18148588259
3.04304304304	0.963651460093	0.264091740072	1.22774320017
3.05305305305	0.944954057113	0.324191417076	1.26914547419
3.06306306306	0.922519884832	0.383009096796	1.30552898163
3.07307307307	0.896437657964	0.440312187926	1.33674984589
3.08308308308	0.866810517252	0.495874088514	1.36268460577
3.09309309309	0.833755621609	0.549475082055	1.38323070366
3.1031031031	0.797403684817	0.600903206341	1.39830689116
3.11311311311	0.757898458629	0.64995509166	1.40785355029
3.12312312312	0.715396164307	0.696436765005	1.41183292931
3.13313313313	0.670064874858	0.740164417133	1.41022929199
3.14314314314	0.622083850393	0.780965129428	1.40304897982
3.15315315315	0.571642829258	0.818677557697	1.39032038696
3.16316316316	0.518941277722	0.8531525702	1.37209384792
3.17317317317	0.464187601196	0.884253837378	1.34844143857
3.18318318318	0.407598320109	0.911858370967	1.31945669108
3.19319319319	0.349397213688	0.935857010342	1.28525422403
3.2032032032	0.289814435034	0.956154854194	1.24596928923
3.21321321321	0.229085600998	0.972671635806	1.2017572368
3.22322322322	0.167450860443	0.985342040465	1.15279290091
3.23323323323	0.10515394459	0.994115963746	1.09926990834
3.24324324324	0.0424412031961	0.998958709648	1.04139991284
3.25325325325	-0.0204393696219	0.999851127798	0.979411758176
3.26326326326	-0.0832391160672	0.996789689175	0.913550573108
3.27327327327	-0.145709697966	0.989786500072	0.844076802106
3.28328328328	-0.207604078809	0.978869254219	0.77126517541
3.29329329329	-0.268677500641	0.964081123268	0.695403622628
3.3033033033	-0.328688451945	0.945480586078	0.616792134134
3.31331331331	-0.387399622686	0.923141197459	0.535741574773
3.32332332332	-0.44457884274	0.897151297305	0.452572454565
3.33333333333	-0.5	0.867613661259	0.367613661259
3.34334334334	-0.55344393452	0.834645094293	0.281201159773
3.35335335335	-0.604699305175	0.798375968807	0.193676663631
3.36336336336	-0.653563425397	0.75894970908	0.105386283683
3.37337337337	-0.699843064686	0.716522224107	0.0166791594212
3.38338338338	-0.743355212731	0.671261291065	-0.0720939216669
3.39339339339	-0.783927803117	0.623345891844	-0.160581911272
3.4034034034	-0.821400393745	0.57296550528	-0.248434888465
3.41341341341	-0.855624801299	0.520319357864	-0.335305443436
3.42342342342	-0.886465687226	0.465615635915	-0.420850051311
3.43343343343	-0.913801092924	0.409070662319	-0.504730430604
3.44344344344	-0.937522922021	0.350908041093	-0.586614880928
3.45345345345	-0.957537367837	0.291357773149	-0.666179594688
3.46346346346	-0.973765284338	0.230655346777	-0.743109937561
3.47347347347	-0.986142499113	0.169040806412	-0.817101692701
3.48348348348	-0.99462006714	0.106757803394	-0.887862263746
3.49349349349	-0.999164464339	0.0440526324625	-0.955111831876
3.5035035035	-0.999757720139	-0.0188267422019	-1.01858446234
3.51351351351	-0.996397488543	-0.0816316675408	-1.07802915608
3.52352352352	-0.989097057402	-0.144113784901	-1.1332108423
3.53353353353	-0.977885295874	-0.206026012156	-1.18391130803
3.54354354354	-0.962806540259	-0.267123520779	-1.22993006104
3.55355355355	-0.943920418674	-0.327164704002	-1.27108512268
3.56356356356	-0.921301615256	-0.385912132241	-1.3072137475
3.57357357357	-0.89503957483	-0.443133491993	-1.33817306682
3.58358358358	-0.865238149205	-0.498602504511	-1.36384065372
3.59359359359	-0.832015186492	-0.552099820609	-1.3841150071
3.6036036036	-0.795502065086	-0.603413888068	-1.39891595315
3.61361361361	-0.755843174135	-0.652341788205	-1.40818496234
3.62362362362	-0.713195342561	-0.698690038306	-1.41188538087
3.63363363363	-0.667727218889	-0.742275356744	-1.41000257563
3.64364364364	-0.619618604335	-0.782925387754	-1.40254399209
3.65365365365	-0.569059741792	-0.820479383003	-1.38953912479
3.66366366366	-0.516250563526	-0.854788837266	-1.37103940079
3.67367367367	-0.461399900552	-0.885718075675	-1.34711797623
3.68368368368	-0.404724656828	-0.913144790244	-1.31786944707
3.69369369369	-0.346448951515	-0.936960523525	-1.28340947504
3.7037037037	-0.286803232711	-0.9570710975	-1.24387433021
3.71371371371	-0.22602336616	-0.973396986001	-1.19942035216
3.72372372372	-0.164349702531	-0.98587362919	-1.15022333172
3.73373373373	-0.102026126964	-0.994451688864	-1.09647781583
3.74374374374	-0.0392990946401	-0.999097243552	-1.03839633819
3.75375375375	0.0235833438109	-0.999791922662	-0.976208578851
3.76376376376	0.0863725232145	-0.996532979124	-0.910160455909
3.77377377377	0.148820147184	-0.989333300251	-0.840513153067
3.78378378378	0.210679269996	-0.978221356782	-0.767542086786
3.79379379379	0.27170527312	-0.963241090291	-0.69153581717
3.8038038038	0.331656832556	-0.944451739425	-0.612794906868
3.81381381381	0.39029687313	-0.921927605647	-0.531630732518
3.82382382382	0.447393505998	-0.895757759418	-0.44836425342
3.83383383383	0.502720945639	-0.866045687966	-0.363324742327
3.84384384384	0.556060402709	-0.832908886059	-0.27684848335
3.85385385385	0.607200949233	-0.796478391372	-0.189277442139
3.86386386386	0.655940352709	-0.756898266312	-0.100957913603
3.87387387387	0.702085875823	-0.714325028324	-0.0122391525018
3.88388388388	0.745455038618	-0.668927030958	0.0765280076607
3.89389389389	0.785876340107	-0.620883798118	0.164992541989
3.9039039039	0.823189936455	-0.570385314149	0.252804622306
3.91391391391	0.85724827308	-0.517631272553	0.339617000527
3.92392392392	0.887916668148	-0.462830286312	0.425086381836
3.93393393393	0.915073845161	-0.406199062937	0.508874782223
3.94394394394	0.938612412544	-0.347961547515	0.590650865029
3.95395395395	0.958439288315	-0.288348037124	0.670091251192
3.96396396396	0.974476068176	-0.227594270141	0.746881798036
3.97397397397	0.986659335554	-0.165940494025	0.82071884153
3.98398398398	0.994940912384	-0.103630515273	0.891310397111
3.99399399399	0.99928804962	-0.0409107352982	0.958377314322
4.004004004	0.999683556747	0.0219708239488	1.0216543807
4.01401401401	0.996125869751	0.0847655007703	1.08089137052
4.02402402402	0.988629057313	0.14722497704	1.13585403435
4.03403403403	0.977222765169	0.209102260166	1.18632502534
4.04404404404	0.96195209888	0.270152659804	1.23210475868
4.05405405405	0.942877445461	0.330134755477	1.27301220094
4.06406406406	0.920074234591	0.38881135126	1.30888558585
4.07407407407	0.893632640323	0.445950413752	1.33958305408
4.08408408408	0.863657224501	0.501325989646	1.36498321415
4.09409409409	0.830266523272	0.554719099247	1.38498562252
4.1041041041	0.793592578344	0.605918602414	1.39951118076
4.11411411411	0.753780414831	0.654722033503	1.40850244833
4.12412412412	0.710987467765	0.700936402006	1.41192386977
4.13413413413	0.665382959521	0.744378955724	1.40976191525
4.14414414414	0.617147230641	0.784877903445	1.40202513409
4.15415415415	0.566471026685	0.822273094289	1.38874412097
4.16416416416	0.513554743939	0.856416651012	1.36997139495
4.17417417417	0.458607636956	0.887173554782	1.34578119174
4.18418418418	0.401846991078	0.914422179099	1.31626917018
4.19419419419	0.343497263182	0.938054770763	1.28155203395
4.2042042042	0.283789194086	0.957977875981	1.24176707007
4.21421421421	0.222958896095	0.974112709917	1.19707160601
4.22422422422	0.161246919305	0.986395468251	1.14764238756
4.23423423423	0.0988973003642	0.994777579486	1.09367487985
4.24424424424	0.036156597441	0.999225897018	1.03538249446
4.25425425425	-0.0267270847755	0.999722830219	0.972995745443
4.26426426426	-0.0895050761925	0.996266413994	0.906761337801
4.27427427427	-0.151929124666	0.988870316552	0.836941191886
4.28428428428	-0.213752377698	0.977563785357	0.763811407658
4.29429429429	-0.274730358608	0.96239153147	0.687661172863
4.3043043043	-0.334621933292	0.943413552743	0.608791619451
4.31431431431	-0.393190263785	0.920704896557	0.527514632771
4.32432432432	-0.450203744818	0.894355363055	0.444151618237
4.33433433433	-0.505436919686	0.864469150031	0.359032230344
4.34434434434	-0.558671371813	0.831164440885	0.272493069071
4.35435435435	-0.609696588459	0.794572937273	0.184876348813
4.36436436436	-0.658310793188	0.754839338301	0.0965285451135
4.37437437437	-0.704321743776	0.712120768321	0.00779902454485
4.38438438438	-0.747547492428	0.666586155587	-0.0809613368412
4.39439439439	-0.787817105279	0.618415564244	-0.169401541035
4.4044044044	-0.824971338339	0.567799482269	-0.25717185607
4.41441441441	-0.85886326722	0.514938068198	-0.343925199022
4.42442442442	-0.889358868137	0.460040359612	-0.429318508526
4.43443443443	-0.916337547898	0.403323446505	-0.513014101394
4.44444444444	-0.939692620786	0.345011612818	-0.594681007968
4.45445445445	-0.959331730437	0.285335449519	-0.673996280919
4.46446446446	-0.975177215064	0.224530942741	-0.750646272323
4.47447447447	-0.987166414562	0.162838540592	-0.82432787397
4.48448448448	-0.995251918294	0.100502202312	-0.894749715982
4.49449449449	-0.999401752577	0.0377684335526	-0.961633319025
4.5045045045	-0.999599507118	-0.0251146884181	-1.02471419554
4.51451451451	-0.995844399907	-0.0878984957227	-1.08374289563
4.52452452452	-0.988151280311	-0.150334713218	-1.13848599353
4.53453453453	-0.976550570352	-0.212176440287	-1.18872701064
4.54454454454	-0.961088144404	-0.27317912719	-1.23426727159
4.55455455455	-0.941825147789	-0.333101542129	-1.27492668992
4.56456456456	-0.918837754976	-0.391706725181	-1.31054448016
4.57457457457	-0.892216868357	-0.448762925344	-1.3409797937
4.58458458458	-0.862067758776	-0.504044516985	-1.36611227576
4.59459459459	-0.828509649244	-0.557332892066	-1.38584254131
4.6046046046	-0.791675243475	-0.60841732461	-1.40009256809
4.61461461461	-0.751710201118	-0.657095804016	-1.40880600513
4.62462462462	-0.708772561755	-0.703175833891	-1.41194839565
4.63463463463	-0.663032119939	-0.746475193268	-1.40950731321
4.64464464464	-0.614669753754	-0.786822657191	-1.40149241095
4.65465465465	-0.56387670954	-0.824058673815	-1.38793538336
4.66466466466	-0.510853845621	-0.858035995342	-1.36888984096
4.67467467467	-0.455810838022	-0.888620260306	-1.34443109833
4.68468468468	-0.398965351315	-0.915690524899	-1.31465587621
4.69469469469	-0.340542177879	-0.939139741236	-1.27968191911
4.7047047047	-0.280772348966	-0.958875180668	-1.23964752963
4.71471471471	-0.219892221108	-0.974818800477	-1.19471102158
4.72472472472	-0.158142541449	-0.986907552488	-1.14505009394
4.73473473473	-0.095767495733	-0.995093632389	-1.09086112812
4.74474474474	-0.0330137426761	-0.999344668774	-1.03235841145
4.75475475475	0.0298705614263	-0.999643851152	-0.969773289725
4.76476476476	0.092636744022	-0.995989996421	-0.903353252399
4.77477477477	0.155036599664	-0.988397553553	-0.833360953888
4.78478478478	0.216823371526	-0.976896546446	-0.760073174921
4.79479479479	0.277752727186	-0.961532455208	-0.683779728022
4.8048048048	0.33758372483	-0.9423660363	-0.60478231147
4.81481481481	0.396079766039	-0.919473082279	-0.52339331624
4.82482482482	0.453009531408	-0.892944122085	-0.439934590677
4.83483483483	0.508147895284	-0.862884063045	-0.354736167761
4.84484484484	0.561276816012	-0.829411776022	-0.26813496001
4.85485485485	0.612186198173	-0.792659625351	-0.180473427178
4.86486486486	0.66067472339	-0.752772945408	-0.0920982220181
4.87487487487	0.706550646434	-0.709909465894	-0.00335881946055
4.88488488488	0.749632553468	-0.664238688103	0.0853938653654
4.89489489489	0.78975007944	-0.615941214634	0.173808864807
4.9049049049	0.826744581781	-0.565208035213	0.261536546568
4.91491491491	0.860469767748	-0.512239771433	0.348229996315
4.92492492492	0.890792272932	-0.457245883404	0.433546389528
4.93493493493	0.917592188639	-0.400443841459	0.51714834718
4.94494494494	0.940763536065	-0.342058266175	0.598705269889
4.95495495495	0.960214685378	-0.282320040127	0.677894645251
4.96496496496	0.975868718069	-0.221465394873	0.754403323196
4.97497497497	0.98766373112	-0.159734976789	0.827928754331
4.98498498498	0.995553081795	-0.0973728954481	0.898180186347
4.99499499499	0.999505572086	-0.0346257583012	0.964879813784
5.00500500501	0.999505572086	0.0282583045191	1.0277638766
5.01501501502	0.995553081795	0.0910306214149	1.08658370321
5.02502502503	0.98766373112	0.153442962681	1.1411066938
5.03503503504	0.975868718069	0.215248522118	1.19111724019
5.04504504505	0.960214685378	0.276202893009	1.23641757839
5.05505505506	0.940763536065	0.336065034618	1.27682857068
5.06506506507	0.917592188639	0.394598225371	1.31219041401
5.07507507508	0.890792272932	0.451570998956	1.34236327189
5.08508508509	0.860469767748	0.506758059644	1.36722782739
5.0950950951	0.826744581781	0.559941173215	1.386685755
5.10510510511	0.78975007944	0.610910029945	1.40066010939
5.11511511512	0.749632553468	0.659463076269	1.40909562974
5.12512512513	0.706550646434	0.705408311812	1.41195895825
5.13513513514	0.66067472339	0.748564048646	1.40923877204
5.14514514515	0.612186198173	0.788759629762	1.40094582793
5.15515515516	0.561276816012	0.825836103925	1.38711291994
5.16516516517	0.508147895284	0.859646854241	1.36779474952
5.17517517518	0.453009531408	0.89005817794	1.34306770935
5.18518518519	0.396079766039	0.916949815101	1.31302958114
5.1951951952	0.33758372483	0.940215424212	1.27779914904
5.20520520521	0.277752727186	0.959763002688	1.23751572987
5.21521521522	0.216823371526	0.975515250698	1.19233862222
5.22522522523	0.155036599664	0.987409876835	1.1424464765
5.23523523524	0.092636744022	0.995399844448	1.08803658847
5.24524524525	0.0298705614263	0.999453557646	1.02932411907
5.25525525526	-0.0330137426761	0.999554986242	0.966541243565
5.26526526527	-0.095767495733	0.995703729141	0.899936233408
5.27527527528	-0.158142541449	0.987915015929	0.82977247448
5.28528528529	-0.219892221108	0.976219646649	0.756327425542
5.2952952953	-0.280772348966	0.960663870001	0.679891521035
5.30530530531	-0.340542177879	0.941309200455	0.600767022577
5.31531531532	-0.398965351315	0.918232174997	0.519266823682
5.32532532533	-0.455810838022	0.891524050466	0.435713212443
5.33533533534	-0.510853845621	0.861290442683	0.350436597062
5.34534534535	-0.56387670954	0.827650908803	0.263774199263
5.35535535536	-0.614669753754	0.790738474529	0.176068720775
5.36536536537	-0.663032119939	0.750699108069	0.0876669881297
5.37537537538	-0.708772561755	0.707691142914	-0.00108141884035
5.38538538539	-0.751710201118	0.661884651719	-0.0898255493986
5.3953953954	-0.791675243475	0.613460773756	-0.178214469719
5.40540540541	-0.828509649244	0.562610998608	-0.265898650635
5.41541541542	-0.862067758776	0.509536408941	-0.352531349835
5.42542542543	-0.892216868357	0.454446885325	-0.437769983032
5.43543543544	-0.918837754976	0.397560276278	-0.521277478698
5.44544544545	-0.941825147789	0.339101536793	-0.602723610996
5.45545545546	-0.961088144404	0.27930183877	-0.681786305635
5.46546546547	-0.976550570352	0.218397656853	-0.758152913499
5.47547547548	-0.988151280311	0.156629833308	-0.831521447003
5.48548548549	-0.995844399907	0.0942426256282	-0.901601774279
5.4954954955	-0.999599507118	0.031482740623	-0.968116766495
5.50550550551	-0.999401752577	-0.0314016411635	-1.03080339374
5.51551551552	-0.995251918294	-0.094161846872	-1.08941376517
5.52552552553	-0.987166414562	-0.156549694691	-1.14371610925
5.53553553554	-0.975177215064	-0.218318475277	-1.19349569034
5.54554554555	-0.959331730437	-0.279223927356	-1.23855565779
5.55555555556	-0.939692620786	-0.339025203638	-1.27871782442
5.56556556557	-0.916337547898	-0.397485823236	-1.31382337113
5.57557557558	-0.889358868137	-0.454374606817	-1.34373347495
5.58558558559	-0.85886326722	-0.509466590788	-1.36832985801
5.5955955956	-0.824971338339	-0.562543916903	-1.38751525524
5.60560560561	-0.787817105279	-0.613396693768	-1.40121379905
5.61561561562	-0.747547492428	-0.661823826851	-1.40937131928
5.62562562563	-0.704321743776	-0.707633813694	-1.41195555747
5.63563563564	-0.658310793188	-0.750645501201	-1.40895629439
5.64564564565	-0.609696588459	-0.790688802	-1.40038539046
5.65565565566	-0.558671371813	-0.82760536704	-1.38627673885
5.66566566567	-0.505436919686	-0.861249211778	-1.36668613146
5.67567567568	-0.450203744818	-0.891487293464	-1.34169103828
5.68568568569	-0.393190263785	-0.918200037252	-1.31139030104
5.6956956957	-0.334621933292	-0.941281809055	-1.27590374235
5.70570570571	-0.274730358608	-0.960641333262	-1.23537169187
5.71571571572	-0.213752377698	-0.976202053693	-1.18995443139
5.72572572573	-0.151929124666	-0.987902436325	-1.13983156099
5.73573573574	-0.0895050761925	-0.995696212634	-1.08520128883
5.74574574575	-0.0267270847755	-0.999552562557	-1.02627964733
5.75575575576	0.036156597441	-0.999456236367	-0.963299638926
5.76576576577	0.0988973003642	-0.995407614982	-0.896510314618
5.77577577578	0.161246919305	-0.987422708454	-0.826175789149
5.78578578579	0.222958896095	-0.97553309266	-0.752574196565
5.7957957958	0.283789194086	-0.959785784438	-0.675996590352
5.80580580581	0.343497263182	-0.94024305566	-0.596745792479
5.81581581582	0.401846991078	-0.916982186981	-0.515135195904
5.82582582583	0.458607636956	-0.890095162239	-0.431487525282
5.83583583584	0.513554743939	-0.859688304706	-0.346133560767
5.84584584585	0.566471026685	-0.825881856643	-0.259410829957
5.85585585586	0.617147230641	-0.788809503805	-0.171662273164
5.86586586587	0.665382959521	-0.748617846792	-0.0832348872705
5.87587587588	0.710987467765	-0.705465821318	0.0055216464467
5.88588588589	0.753780414831	-0.659524069717	0.0942563451141
5.8958958959	0.793592578344	-0.61097426614	0.182618312204
5.90590590591	0.830266523272	-0.560008398138	0.270258125134
5.91591591592	0.863657224501	-0.506828007458	0.356829217043
5.92592592593	0.893632640323	-0.451643393055	0.441989247268
5.93593593594	0.920074234591	-0.394672779478	0.525401455113
5.94594594595	0.942877445461	-0.336141453913	0.606735991548
5.95595595596	0.96195209888	-0.276280875295	0.685671223585
5.96596596597	0.977222765169	-0.215327759018	0.761895006151
5.97597597598	0.988629057313	-0.153523140858	0.835105916455
5.98598598599	0.996125869751	-0.0911114238085	0.905014445943
5.995995996	0.999683556747	-0.0283394116005	0.971344145146
6.00600600601	0.99928804962	0.0345446672655	1.03383271689
6.01601601602	0.994940912384	0.0972921411283	1.09223305351
6.02602602603	0.986659335554	0.159654878523	1.14631421408
6.03603603604	0.974476068176	0.221386269406	1.19586233758
6.04604604605	0.958439288315	0.282242200356	1.24068148867
6.05605605606	0.938612412544	0.341982019913	1.28059443246
6.06606606607	0.915073845161	0.400369490218	1.31544333538
6.07607607608	0.887916668148	0.457173721202	1.34509038935
6.08608608609	0.85724827308	0.51217008363	1.36941835671
6.0960960961	0.823189936455	0.565141097387	1.38833103384
6.10610610611	0.785876340107	0.615877291487	1.40175363159
6.11611611612	0.745455038618	0.664178032415	1.40963307103
6.12612612613	0.702085875823	0.709852317526	1.41193819335
6.13613613614	0.655940352709	0.752719530349	1.40865988306
6.14614614615	0.607200949233	0.792610154828	1.39981110406
6.15615615616	0.556060402709	0.829366445663	1.38542684837
6.16616616617	0.502720945639	0.862843052107	1.36556399775
6.17617617618	0.447393505998	0.892907592744	1.34030109874
6.18618618619	0.39029687313	0.919441178988	1.30973805212
6.1961961962	0.331656832556	0.942338885218	1.27399571777
6.20620620621	0.27170527312	0.961510163703	1.23321543682
6.21621621622	0.210679269996	0.976879202669	1.18755847266
6.22622622623	0.148820147184	0.988385226088	1.13720537327
6.23623623624	0.0863725232145	0.995982734017	1.08235525723
6.24624624625	0.0235833438109	0.999641682527	1.02322502634
6.25625625626	-0.0392990946401	0.999347602505	0.960048507865
6.26626626627	-0.102026126964	0.995101656874	0.89307552991
6.27627627628	-0.164349702531	0.986920635994	0.822570933463
6.28628628629	-0.22602336616	0.974836891268	0.748813525107
6.2962962963	-0.286803232711	0.958898207203	0.672094974492
6.30630630631	-0.346448951515	0.939167612458	0.592718660944
6.31631631632	-0.404724656828	0.915723130594	0.510998473766
6.32632632633	-0.461399900552	0.888657471536	0.427257570984
6.33633633634	-0.516250563526	0.858077664957	0.341827101431
6.34634634635	-0.569059741792	0.824104637035	0.255044895243
6.35635635636	-0.619618604335	0.786872732257	0.167254127922
6.36636636637	-0.667727218889	0.74652918216	0.0788019632711
6.37637637638	-0.713195342561	0.703233523113	-0.00996181944747
6.38638638639	-0.755843174135	0.65715696544	-0.0986862086941
6.3963963964	-0.795502065086	0.608481716377	-0.187020348709
6.40640640641	-0.832015186492	0.55740025954	-0.274614926951
6.41641641642	-0.865238149205	0.504114593768	-0.361123555437
6.42642642643	-0.89503957483	0.448835434318	-0.446204140512
6.43643643644	-0.921301615256	0.391781379615	-0.529520235641
6.44644644645	-0.943920418674	0.333178046807	-0.610742371867
6.45645645646	-0.962806540259	0.273257179577	-0.689549360682
6.46646646647	-0.977885295874	0.212255731729	-0.765629564145
6.47647647648	-0.989097057402	0.150414930162	-0.83868212724
6.48648648649	-0.996397488543	0.0879793209546	-0.908418167588
6.4964964965	-0.999757720139	0.0251958023192	-0.97456191782
6.50650650651	-0.999164464339	-0.0376873517428	-1.03685181608
6.51651651652	-0.99462006714	-0.100421473227	-1.09504154037
6.52652652653	-0.986142499113	-0.16275848347	-1.14890098258
6.53653653654	-0.973765284338	-0.224451874165	-1.1982171585
6.54654654655	-0.957537367837	-0.28525768216	-1.24279505
6.55655655656	-0.937522922021	-0.344935454204	-1.28245837622
6.56656656657	-0.913801092924	-0.4032491978	-1.31705029072
6.57657657658	-0.886465687226	-0.459968314429	-1.34643400165
6.58658658659	-0.855624801299	-0.514868511436	-1.37049331273
6.5965965966	-0.821400393745	-0.567732688986	-1.38913308273
6.60660660661	-0.783927803117	-0.61835179857	-1.40227960169
6.61661661662	-0.743355212731	-0.666525669681	-1.40988088241
6.62662662663	-0.699843064686	-0.712063801369	-1.41190686606
6.63663663664	-0.653563425397	-0.754786115578	-1.40834954098
6.64664664665	-0.604699305175	-0.794523669244	-1.39922297442
6.65665665666	-0.55344393452	-0.831119322379	-1.3845632569
6.66666666667	-0.5	-0.864428359466	-1.36442835947
6.67667667668	-0.44457884274	-0.894319061735	-1.33889790448
6.68668668669	-0.387399622686	-0.920673228034	-1.30807285072
6.6966966967	-0.328688451945	-0.943386642248	-1.27207509419
6.70670670671	-0.268677500641	-0.962369485419	-1.23104698606
6.71671671672	-0.207604078809	-0.97754669093	-1.18515076974
6.72672672673	-0.145709697966	-0.988858241348	-1.13456793931
6.73673673674	-0.0832391160672	-0.996259405764	-1.07949852183
6.74674674675	-0.0204393696219	-0.999720916676	-1.0201602863
6.75675675676	0.0424412031962	-0.99922908573	-0.956787882534
6.76676676677	0.10515394459	-0.994785857842	-0.889631913252
6.77677677678	0.167450860443	-0.986408803517	-0.818957943073
6.78678678679	0.229085600998	-0.974131049357	-0.745045448359
6.7967967968	0.289814435034	-0.958001147074	-0.668186712039
6.80680680681	0.349397213688	-0.938082881485	-0.588685667797
6.81681681682	0.407598320109	-0.914455018286	-0.506856698177
6.82682682683	0.464187601196	-0.887210992575	-0.423023391379
6.83683683684	0.518941277722	-0.856458539365	-0.337517261643
6.84684684685	0.571642829258	-0.822319267556	-0.250676438297
6.85685685686	0.622083850393	-0.784928179036	-0.162844328643
6.86686686687	0.670064874858	-0.744433134828	-0.0743682599703
6.87687687688	0.715396164307	-0.700994270375	0.0144018939322
6.88688688689	0.757898458629	-0.654783362299	0.10311509633
6.8968968969	0.797403684817	-0.605983149115	0.191420535702
6.90690690691	0.833755621609	-0.554786608608	0.278969013001
6.91691691692	0.866810517252	-0.501396194704	0.365414322549
6.92692692693	0.896437657964	-0.446023036884	0.45041462108
6.93693693694	0.922519884832	-0.388886105283	0.533633779549
6.94694694695	0.944954057113	-0.330211344781	0.614742712332
6.95695695696	0.963651460093	-0.270230781519	0.693420678574
6.96696696697	0.978538155914	-0.209181605365	0.769356550549
6.97697697698	0.989555275949	-0.147305231957	0.842250043991
6.98698698699	0.996659253595	-0.0848463480412	0.911812905554
6.996996997	0.999821996562	-0.0220519438675	0.977770052695
7.00700700701	0.999030997955	0.040829663516	1.03986066147
7.01701701702	0.994289385735	0.103549812221	1.09783919796
7.02702702703	0.985615910348	0.165860478839	1.15147638919
7.03703703704	0.97304487058	0.227515259237	1.20056012982
7.04704704705	0.956625977922	0.288270342946	1.24489632087
7.05705705706	0.936424159991	0.347885477301	1.28430963729
7.06706706707	0.912519303774	0.406124917503	1.31864422128
7.07707707708	0.885005939722	0.462758358861	1.34776429858
7.08708708709	0.853992867932	0.517561847519	1.37155471545
7.0970970971	0.819602727906	0.570318666068	1.38992139397
7.10710710711	0.781971513578	0.620820190547	1.40279170413
7.11711711712	0.741248035533	0.66886671543	1.41011475096
7.12712712713	0.697593332546	0.714268243354	1.4118615759
7.13713713714	0.651180034758	0.756845236452	1.40802527121
7.14714714715	0.602191681025	0.796429326327	1.39862100735
7.15715715716	0.550821993122	0.832863979852	1.38368597297
7.16716716717	0.497274109679	0.866005118177	1.36327922786
7.17717717718	0.44175978288	0.895721686478	1.33748146936
7.18718718719	0.384498541105	0.921896172206	1.30639471331
7.1971971972	0.325716820813	0.944425069783	1.2701418906
7.20720720721	0.265647071111	0.963219289912	1.22886636102
7.21721721722	0.204526834549	0.978204511875	1.18273134642
7.22722722723	0.142597807772	0.989321477428	1.1319192852
7.23723723724	0.0801048857378	0.996526225137	1.07663111087
7.24724724725	0.0172951933006	0.99979026422	1.01708545752
7.25725725726	-0.0455828920356	0.999100687213	0.953517795177
7.26726726727	-0.10828072231	0.99446022101	0.8861794987
7.27727727728	-0.170550362372	0.985887216082	0.81533685371
7.28728728729	-0.232145570325	0.973415573909	0.741270003584
7.2972972973	-0.292822771277	0.957094612921	0.664271841644
7.30730730731	-0.352342020544	0.936988873467	0.584646852923
7.31731731732	-0.410467952501	0.913177862599	0.502709910098
7.32732732733	-0.466970711319	0.88575573966	0.418785028341
7.33733733734	-0.521626859919	0.854830943941	0.333204084022
7.34734734735	-0.574220263541	0.820525765861	0.24630550232
7.35735735736	-0.624542944437	0.782975863374	0.158432918937
7.36736736737	-0.67239590431	0.742329725525	0.0699338212146
7.37737737738	-0.71758991124	0.698748085249	-0.0188418259913
7.38738738739	-0.759946247989	0.652403283765	-0.107542964224
7.3973973974	-0.799297418733	0.603478589066	-0.195818829667
7.40740740741	-0.835487811413	0.552167471188	-0.283320340225
7.41741741742	-0.868374313094	0.49867283715	-0.369701475944
7.42742742743	-0.897826875899	0.443206228566	-0.454620647333
7.43743743744	-0.923729031273	0.385986985114	-0.537742046159
7.44744744745	-0.945978350556	0.327241377175	-0.618736973381
7.45745745746	-0.964486850027	0.267201711051	-0.697285138976
7.46746746747	-0.979181338833	0.206105410328	-0.773075928505
7.47747747748	-0.990003708422	0.144194076998	-0.845809631424
7.48748748749	-0.996911162321	0.0817125360512	-0.91519862627
7.4974974975	-0.999876385381	0.018907867336	-0.980968518045
7.50750750751	-0.998887651789	-0.0439715715098	-1.0428592233
7.51751751752	-0.993948871439	-0.106677127173	-1.10062599861
7.52752752753	-0.985079574467	-0.168960833954	-1.15404040842
7.53753753754	-0.972314834025	-0.230576394328	-1.20289122835
7.54754754755	-0.955705127584	-0.291280152922	-1.24698528051
7.55755755756	-0.935316137322	-0.350832060032	-1.28614819735
7.56756756757	-0.911228490388	-0.408996620889	-1.32022511128
7.57757757758	-0.88353744007	-0.465543826907	-1.34908126698
7.58758758759	-0.852352489117	-0.520250065243	-1.37260255436
7.5975975976	-0.817796956717	-0.572899003061	-1.39069595978
7.60760760761	-0.780007490838	-0.623282443006	-1.40328993384
7.61761761762	-0.739133527863	-0.671201146512	-1.41033467438
7.62762762763	-0.69533670165	-0.716465621679	-1.41180232333
7.63763763764	-0.648790204361	-0.758896872607	-1.40768707697
7.64764764765	-0.599678101582	-0.798327107228	-1.39800520881
7.65765765766	-0.548194604445	-0.834600400829	-1.38279500527
7.66766766767	-0.494543301632	-0.867573312648	-1.36211661428
7.67767767768	-0.438936354296	-0.897115453103	-1.3360518074
7.68768768769	-0.381593657079	-0.92310999941	-1.30470365649
7.6976976977	-0.322741968549	-0.945454157553	-1.2681961261
7.70770770771	-0.2626140145	-0.964059568777	-1.22667358328
7.71771771772	-0.20144756765	-0.978852658998	-1.18030022665
7.72772772773	-0.139484507376	-0.989774929746	-1.12925943712
7.73773773774	-0.076969863222	-0.996783189498	-1.07375305272
7.74774774775	-0.0141508459408	-0.999849724473	-1.01400057041
7.75775775776	0.0487241300892	-0.998962408225	-0.950238278136
7.76776776777	0.111406429203	-0.994124749598	-0.882718320395
7.77777777778	0.173648177667	-0.985355878849	-0.811707701182
7.78778778779	0.235203243879	-0.972690471999	-0.73748722812
7.7977977978	0.295828211688	-0.95617861371	-0.660350402023
7.80780780781	0.355283342961	-0.935885599225	-0.580602256264
7.81781781782	0.413333525626	-0.911891676163	-0.498558150537
7.82782782783	0.469749203398	-0.884291727184	-0.414542523786
7.83783783784	0.524307283557	-0.853194894783	-0.328887611225
7.84784784785	0.576792019149	-0.818724149687	-0.241932130538
7.85785785786	0.626995862148	-0.781015804578	-0.15401994243
7.86786786787	0.674720284195	-0.740218975052	-0.0654986908578
7.87787787788	0.719776561664	-0.696494989947	0.0232815717167
7.88788788789	0.761986521963	-0.650016753377	0.111969768585
7.8978978979	0.801183248104	-0.600968060996	0.200215187108
7.90790790791	0.837211738773	-0.549542873182	0.28766886559
7.91791791792	0.869929521266	-0.495944548039	0.373984973227
7.92792792793	0.899207214896	-0.440385037219	0.458822177677
7.93793793794	0.92492904262	-0.383084047779	0.541844994841
7.94794794795	0.946993288874	-0.324268173359	0.622725115514
7.95795795796	0.965312701797	-0.264169998127	0.70114270367
7.96796796797	0.979814838271	-0.20302717704	0.776787661231
7.97797797798	0.990442350387	-0.14108149605	0.849360854337
7.98798798799	0.997153212228	-0.0785779159761	0.918575296252
7.997997998	0.999920886057	-0.0157636038177	0.984157282239
8.00800800801	0.998734427259	0.0471130446526	1.04584747191
8.01801801802	0.99359852762	0.109803387157	1.10340191478
8.02802802803	0.984533496775	0.172059518152	1.15659301493
8.03803803804	0.971575181895	0.233635249165	1.20521043106
8.04804804805	0.954774825929	0.294287082322	1.24906190825
8.05805805806	0.934198864969	0.353775173257	1.28797403823
8.06806806807	0.909928665531	0.411864279558	1.32179294509
8.07807807808	0.882060202795	0.46832469102	1.35038489381
8.08808808809	0.850703681078	0.522933138025	1.3736368191
8.0980980981	0.815983098035	0.575473674447	1.39145677248
8.10810810811	0.778035754318	0.625738531598	1.40377428592
8.11811811812	0.737011710631	0.673528939842	1.41054065047
8.12812812813	0.693073194316	0.718655914614	1.41172910893
8.13813813814	0.646393957842	0.760941003754	1.4073349616
8.14814814815	0.597158591703	0.800216993182	1.39737558488
8.15815815816	0.54556179447	0.836328568138	1.38189036261
8.16816816817	0.491807602866	0.86913292737	1.36094053024
8.17817817818	0.436108584911	0.898500347825	1.33460893274
8.18818818819	0.378684999333	0.924314697643	1.30299969698
8.1981981982	0.319763924571	0.946473895383	1.26623781995
8.20820820821	0.259578360804	0.964890313706	1.22446867451
8.21821821822	0.198366308561	0.97949112589	1.17785743445
8.22822822823	0.136369827566	0.990218593819	1.12658842139
8.23823823824	0.0738340795231	0.997030296307	1.07086437583
8.24824824825	0.0110063586381	0.999899296847	1.01090565549
8.25825825826	-0.0518648862921	0.998814250133	0.946949363841
8.26826826827	-0.114531034357	0.993779446923	0.879248412566
8.27827827828	-0.176744275691	0.984814797072	0.80807052138
8.28828828829	-0.238258591423	0.971955750798	0.733697159375
8.2982982983	-0.298830726545	0.9552531585	0.656422431955
8.30830830831	-0.358221151852	0.934773069668	0.576551917816
8.31831831832	-0.416195011144	0.910596471696	0.494401460552
8.32832832833	-0.472523049956	0.882818969624	0.410295919668
8.33833833834	-0.526982522129	0.851550408068	0.324567885939
8.34834834835	-0.57935807065	0.816914436851	0.237556366201
8.35835835836	-0.629442579268	0.779048022032	0.149605442764
8.36836836837	-0.677037991524	0.738100904284	0.0610629127606
8.37837837838	-0.721956093955	0.694235006752	-0.0277210872022
8.38838838839	-0.764019260373	0.647623794737	-0.116395465637
8.3983983984	-0.803061154282	0.598451589733	-0.204609564549
8.40840840841	-0.83892738664	0.546912840547	-0.292014546093
8.41841841842	-0.871476126386	0.49321135435	-0.378264772036
8.42842842843	-0.900578661304	0.437559490743	-0.463019170561
8.43843843844	-0.926119907006	0.380177321986	-0.54594258502
8.44844844845	-0.947998862029	0.321291762737	-0.626707099292
8.45845845846	-0.966129007238	0.261135672729	-0.704993334508
8.46846846847	-0.980438647961	0.199946935941	-0.78049171202
8.47847847848	-0.990871197506	0.137967519896	-0.85290367761
8.48848848849	-0.997385400923	0.0754425188154	-0.921942882108
8.4984984985	-0.99995549815	0.0126191844073	-0.987336313743
8.50850850851	-0.998571325879	-0.0502540518774	-1.04882537776
8.51851851852	-0.993238357742	-0.112928561254	-1.106166919
8.52852852853	-0.983977682672	-0.175156500792	-1.15913418346
8.53853853854	-0.970825921502	-0.236691793497	-1.207517715
8.54854854855	-0.953835082157	-0.29729110141	-1.25112618357
8.55855855856	-0.933072353983	-0.35671478787	-1.28978714185
8.56856856857	-0.908619842057	-0.41472786515	-1.32334770721
8.57857857858	-0.880574242504	-0.471100923699	-1.3516751662
8.58858858859	-0.849046460119	-0.52561103933	-1.37465749945
8.5985985986	-0.814161169798	-0.578042654763	-1.39220382456
8.60860860861	-0.77605632352	-0.628188432033	-1.40424475555
8.61861861862	-0.734882604821	-0.675850072397	-1.41073267722
8.62862862863	-0.690802832929	-0.720839100498	-1.41164193343
8.63863863864	-0.643991318896	-0.762977609677	-1.40696892857
8.64864864865	-0.594633176304	-0.802098965497	-1.3967321418
8.65865865866	-0.542923589236	-0.838048464689	-1.38097205393
8.66866866867	-0.489067040436	-0.870683946918	-1.35975098735
8.67867867868	-0.433276502688	-0.89987635695	-1.33315285964
8.68868868869	-0.375772596633	-0.92551025499	-1.30128285162
8.6986986987	-0.316782718332	-0.947484273186	-1.26426699152
8.70870870871	-0.256540140042	-0.965711516481	-1.22225165652
8.71871871872	-0.195283087756	-0.980119906236	-1.17540299399
8.72872872873	-0.133253799146	-0.990652465259	-1.1239062644
8.73873873874	-0.070697565652	-0.997267543119	-1.06796510877
8.74874874875	-0.00786176248947	-0.999938980852	-1.00780074334
8.75875875876	0.0550051295842	-0.998656214402	-0.943651084818
8.76876876877	0.117654506872	-0.9934243164	-0.875769809528
8.77877877878	0.179838625827	-0.984263976101	-0.804425350275
8.78878878879	0.241311582741	-0.971211417572	-0.729899834831
8.7987987988	0.301830286157	-0.954318256443	-0.652487970286
8.80880880881	0.361155418163	-0.933651295799	-0.572495877636
8.81881881882	0.419052380758	-0.909292262009	-0.490239881251
8.82882882883	0.475292223561	-0.881337481545	-0.406045257984
8.83883883884	0.529652549179	-0.849897500061	-0.320244950882
8.84884884885	0.581918392668	-0.81509664525	-0.233178252582
8.85885885886	0.6318830716	-0.777072535195	-0.145189463595
8.86886886887	0.679349003377	-0.735975534167	-0.0566265307899
8.87887887888	0.724128486558	-0.691968158014	0.0321603285437
8.88888888889	0.766044443119	-0.645224431508	0.120820011611
8.8988988989	0.804931118695	-0.595929200165	0.20900191853
8.90890890891	0.840634738048	-0.54427739929	0.296357338758
8.91891891892	0.873014113161	-0.490473283115	0.382540830046
8.92892892893	0.901941201561	-0.434729617083	0.467211584479
8.93893893894	0.927301612655	-0.377266836481	0.550034776173
8.94894894895	0.948995060078	-0.318312174744	0.630682885334
8.95895895896	0.966935758276	-0.258098764866	0.70883699341
8.96896896897	0.981052761736	-0.196864717494	0.784188044242
8.97897897898	0.991290245538	-0.134852179331	0.856438066207
8.98898898899	0.99760772611	-0.072306375576	0.925301350534
8.998998999	0.999980221319	-0.00947464020129	0.990505581117
9.00900900901	0.998398349262	0.0533945621215	1.05179291138
9.01901901902	0.992868365367	0.116052618559	1.10892098393
9.02902902903	0.983412137654	0.178251751245	1.1616638889
9.03903903904	0.970067060258	0.239745997098	1.20981305736
9.04904904905	0.952885905561	0.300292180477	1.25317808604
9.05905905906	0.931936615503	0.3596508748	1.2915874903
9.06906906907	0.907302032909	0.417587349348	1.32488938226
9.07907907908	0.879079573893	0.47387249749	1.35295207138
9.08908908909	0.847380842629	0.528283742676	1.37566458531
9.0990990991	0.812331190024	0.580605918604	1.39293710863
9.10910910911	0.774069218016	0.630632120083	1.4047013381
9.11911911912	0.732746231489	0.678164521225	1.41091075271
9.12912912913	0.688525639939	0.723015157742	1.41154079768
9.13913913914	0.641582311285	0.765006670237	1.40658898152
9.14914914915	0.592101880361	0.803973005563	1.39607488592
9.15915915916	0.540280014833	0.839760073472	1.38004008831
9.16916916917	0.486321641442	0.872226355955	1.3585479974
9.17917917918	0.430440135636	0.901243466868	1.3316836025
9.18918918919	0.37285647778	0.926696659628	1.29955313741
9.1991991992	0.313798379312	0.948485280971	1.26228366028
9.20920920921	0.253499382261	0.966523168983	1.22002255124
9.21921921922	0.192197935725	0.980738993819	1.17293692954
9.22922922923	0.13013645293	0.991076539775	1.1212129927
9.23923923924	0.0675603526269	0.997494927588	1.06505528022
9.24924924925	0.00471708859304	0.999968776095	1.00468586469
9.25925925926	-0.0581448289105	0.998488302595	0.940343473685
9.26926926927	-0.120776815858	0.993059361542	0.872282545683
9.27927927928	-0.182931197472	0.983703421385	0.800772223913
9.28928928929	-0.24436218764	0.970457479681	0.726095292041
9.2992992993	-0.304826860859	0.953373916784	0.648547055925
9.30930930931	-0.364086112876	0.932520288711	0.568434175835
9.31931931932	-0.421905606211	0.907979059999	0.486073453788
9.32932932933	-0.478056696828	0.879847277597	0.40179058077
9.33933933934	-0.532317338301	0.848236187107	0.315918848806
9.34934934935	-0.584472959883	0.813270792861	0.228797832978
9.35935935936	-0.634317315011	0.775089363604	0.140772048594
9.36936936937	-0.6816532969	0.733842885718	0.0521895888188
9.37937937938	-0.72629371799	0.68969446615	-0.0365992518399
9.38938938939	-0.768062050171	0.642818687419	-0.125243362753
9.3993993994	-0.80679312285	0.593400917235	-0.213392205616
9.40940940941	-0.842333776112	0.541636575476	-0.300697200636
9.41941941942	-0.874543466381	0.48773036141	-0.386813104971
9.42942942943	-0.903294822193	0.431895444222	-0.471399377971
9.43943943944	-0.928474147879	0.374352620046	-0.554121527832
9.44944944945	-0.949981873168	0.315329438845	-0.634652434323
9.45945945946	-0.967732946933	0.25505930457	-0.712673642364
9.46946946947	-0.981657173522	0.193780552181	-0.787876621341
9.47947947948	-0.991699490339	0.131735505163	-0.859963985176
9.48948948949	-0.997820185589	0.0691695172724	-0.928650668317
9.4994994995	-0.999995055317	0.00633000229708	-0.99366505302
9.50950950951	-0.99821549912	-0.0565345443273	-1.05475004345
9.51951951952	-0.992488554155	-0.119175528178	-1.11166408233
9.52952952953	-0.982836867314	-0.181345238901	-1.16418210621
9.53953953954	-0.969298605666	-0.242797829763	-1.21209643543
9.54954954955	-0.951927305529	-0.303290289845	-1.25521759537
9.55955955956	-0.930791660762	-0.362583405012	-1.29337506577
9.56956956957	-0.90597525112	-0.420442703872	-1.32641795499
9.57957957958	-0.877576211743	-0.476639384982	-1.35421559672
9.58958958959	-0.845706845082	-0.530951221631	-1.37665806671
9.5995995996	-0.81049317681	-0.583163440622	-1.39365661743
9.60960960961	-0.77207445746	-0.633069571581	-1.40514402904
9.61961961962	-0.730602611762	-0.680472263436	-1.4110748752
9.62962962963	-0.686241637869	-0.725184064824	-1.41142570269
9.63963963964	-0.639166958833	-0.767028165366	-1.4061951242
9.64964964965	-0.589564728906	-0.805839094846	-1.39540382375
9.65965965966	-0.537631097403	-0.841463377562	-1.37909447496
9.66966966967	-0.483571433037	-0.873760139227	-1.35733157226
9.67967967968	-0.427599511804	-0.902601664061	-1.33020117586
9.68968968969	-0.369936671614	-0.927873899824	-1.29781057144
9.6996996997	-0.310810937026	-0.94947690884	-1.26028784587
9.70970970971	-0.250456117533	-0.967325263185	-1.21778138072
9.71971971972	-0.189110882978	-0.981348382516	-1.17045926549
9.72972972973	-0.127017819747	-0.991490813173	-1.11850863292
9.73973973974	-0.0644224714728	-0.997712447466	-1.06213491894
9.74974974975	-0.00157236804759	-0.999988682281	-1.00156105033
9.75975975976	0.0612839532213	-0.998310516373	-0.937026563152
9.76976976977	0.123897930438	-0.992684585956	-0.868786655518
9.77977977978	0.186021960045	-0.983133138467	-0.797111178422
9.78978978979	0.247410375952	-0.969693944582	-0.72228356863
9.7997997998	0.307820421017	-0.952420148862	-0.644599727845
9.80980980981	0.367013207009	-0.93138005959	-0.564366852581
9.81981981982	0.424754659284	-0.906656878652	-0.481902219368
9.82982982983	0.480816442417	-0.878348372519	-0.397531930102
9.83983983984	0.534976863143	-0.846566485635	-0.311589622492
9.84984984985	0.587021747031	-0.81143689774	-0.224415150709
9.85985985986	0.636745285425	-0.773098526872	-0.136353241447
9.86986986987	0.683950849304	-0.73170298003	-0.0477521307257
9.87987987988	0.728451766839	-0.687413953646	0.0410378131928
9.88988988989	0.770072061578	-0.640406586261	0.129665475317
9.8998998999	0.808647148334	-0.590866765946	0.217780382388
9.90990990991	0.84402448403	-0.53899039522	0.30503408881
9.91991991992	0.876064170921	-0.484982616362	0.391081554559
9.92992992993	0.904639509812	-0.429057000189	0.475582509623
9.93993993994	0.929637501083	-0.371434701502	0.558202799581
9.94994994995	0.95095929154	-0.312343584538	0.638615707002
9.95995995996	0.968520565327	-0.252017321899	0.716503243428
9.96996996997	0.982251877342	-0.1906944705	0.791557406842
9.97997997998	0.992098927861	-0.128617528215	0.863481399646
9.98998998999	0.99802277726	-0.0660319749263	0.931990802334
10.0	1.0	-0.00318530179314	0.996814698207
