System params: f_X=1, f_Y=1, A_X=1, A_Y=1, phi=1.5, dt=0.01, N=1000

t	X	Y	Z
0.0	1.0	0.997494986604	1.9974949866
0.01001001001	0.99802277726	0.999968782687	1.99799155995
0.02002002002	0.992098927861	0.998488256738	1.9905871846
0.03003003003	0.982251877342	0.993059263417	1.97531114076
0.04004004004	0.968520565327	0.98370327138	1.95222383671
0.0500500500501	0.95095929154	0.97045727839	1.92141656993
0.0600600600601	0.929637501083	0.953373665001	1.88301116608
0.0700700700701	0.904639509812	0.932519987434	1.83715949725
0.0800800800801	0.876064170921	0.907978710418	1.78404288134
0.0900900900901	0.84402448403	0.879846881095	1.72387136512
0.1001001001	0.808647148334	0.848235745251	1.65688289358
0.11011011011	0.770072061578	0.813270307399	1.58334236898
0.12012012012	0.728451766839	0.775088836456	1.50354060329
0.13013013013	0.683950849304	0.733842318968	1.41779316827
0.14014014014	0.636745285425	0.68969386204	1.32643914746
0.15015015015	0.587021747031	0.642818048336	1.22983979537
0.16016016016	0.534976863143	0.593400245708	1.12837710885
0.17017017017	0.480816442417	0.54163587416	1.02245231658
0.18018018018	0.424754659284	0.487729633079	0.912484292363
0.19019019019	0.367013207009	0.431894691755	0.798907898764
0.2002002002	0.307820421017	0.37435184642	0.682172267436
0.21021021021	0.247410375952	0.315328647118	0.56273902307
0.22022022022	0.186021960045	0.255058497873	0.441080457917
0.23023023023	0.123897930438	0.193779733704	0.317677664142
0.24024024024	0.0612839532213	0.131734678143	0.193018631364
0.25025025025	-0.00157236804758	0.0691686849798	0.0675963169323
0.26026026026	-0.0644224714728	0.00632916802301	-0.0580933034498
0.27027027027	-0.127017819747	-0.0565353772837	-0.183553197031
0.28028028028	-0.189110882978	-0.119176356523	-0.308287239501
0.29029029029	-0.250456117533	-0.181346059359	-0.431802176891
0.3003003003	-0.310810937026	-0.242798639089	-0.553609576115
0.31031031031	-0.369936671614	-0.303291084839	-0.673227756453
0.32032032032	-0.427599511804	-0.36258418253	-0.790183694334
0.33033033033	-0.483571433037	-0.420443460839	-0.904014893876
0.34034034034	-0.537631097403	-0.476640118406	-1.01427121581
0.35035035035	-0.589564728906	-0.530951928611	-1.12051665752
0.36036036036	-0.639166958833	-0.583164118362	-1.22233107719
0.37037037037	-0.686241637869	-0.633070217401	-1.31931185527
0.38038038038	-0.730602611762	-0.680472874782	-1.41107548654
0.39039039039	-0.77207445746	-0.725184639279	-1.49725909674
0.4004004004	-0.81049317681	-0.767028700658	-1.57752187747
0.41041041041	-0.845706845082	-0.805839588859	-1.65154643394
0.42042042042	-0.877576211743	-0.84146382834	-1.71904004008
0.43043043043	-0.90597525112	-0.87376054499	-1.77973579611
0.44044044044	-0.930791660762	-0.902602023203	-1.83339368397
0.45045045045	-0.951927305529	-0.927874210926	-1.87980151646
0.46046046046	-0.969298605666	-0.94947717067	-1.91877577634
0.47047047047	-0.982836867314	-0.967325474709	-1.95016234202
0.48048048048	-0.992488554155	-0.981348542898	-1.97383709705
0.49049049049	-0.99821549912	-0.991490921778	-1.9897064209
0.500500500501	-0.999995055317	-0.997712503864	-1.99770755918
0.510510510511	-0.997820185589	-0.99998868625	-1.99780887184
0.520520520521	-0.991699490339	-0.998310467897	-1.99000995824
0.530530530531	-0.981657173522	-0.992684485227	-1.97434165875
0.540540540541	-0.967732946933	-0.983132985882	-1.95086593282
0.550550550551	-0.949981873168	-0.969693740745	-1.91967561391
0.560560560561	-0.928474147879	-0.95241989458	-1.88089404246
0.570570570571	-0.903294822193	-0.931379755868	-1.83467457806
0.580580580581	-0.874543466381	-0.90665652669	-1.78119999307
0.590590590591	-0.842333776112	-0.87834797371	-1.72068174982
0.600600600601	-0.80679312285	-0.846566041556	-1.65335916441
0.610610610611	-0.768062050171	-0.811436410146	-1.57949846032
0.620620620621	-0.72629371799	-0.773097997693	-1.49939171568
0.630630630631	-0.6816532969	-0.731702411357	-1.41335570826
0.640640640641	-0.634317315011	-0.687413347729	-1.32173066274
0.650650650651	-0.584472959883	-0.640405945495	-1.22487890538
0.660660660661	-0.532317338301	-0.590866092866	-1.12318343117
0.670670670671	-0.478056696828	-0.538989692487	-1.01704638931
0.680680680681	-0.421905606211	-0.484981886755	-0.906887492965
0.690690690691	-0.364086112876	-0.429056246593	-0.793142359469
0.700700700701	-0.304826860859	-0.371433926897	-0.676260787756
0.710710710711	-0.24436218764	-0.312342791988	-0.556704979627
0.720720720721	-0.182931197472	-0.252016514537	-0.434947712009
0.730730730731	-0.120776815858	-0.190693651519	-0.311470467377
0.740740740741	-0.0581448289105	-0.128616700853	-0.186761529764
0.750750750751	0.00471708859303	-0.0660311424563	-0.0613140538633
0.760760760761	0.0675603526269	-0.00318446750659	0.0643758851203
0.770770770771	0.13013645293	0.0596748002463	0.189811253176
0.780780780781	0.192197935725	0.122298087255	0.31449602298
0.790790790791	0.253499382261	0.184437753146	0.437937135407
0.800800800801	0.313798379312	0.245848069997	0.559646449309
0.810810810811	0.37285647778	0.30628619406	0.67914267184
0.820820820821	0.430440135636	0.365513126067	0.795953261702
0.830830830831	0.486321641442	0.423294656345	0.909616297787
0.840840840841	0.540280014833	0.479402290983	1.01968230582
0.850850850851	0.592101880361	0.533614155398	1.12571603576
0.860860860861	0.641582311285	0.58571587173	1.22729818302
0.870870870871	0.688525639939	0.63550140658	1.32402704652
0.880880880881	0.732746231489	0.682773885766	1.41552011725
0.890890890891	0.774069218016	0.727346372846	1.50141559086
0.900900900901	0.812331190024	0.76904260835	1.58137379837
0.910910910911	0.847380842629	0.807697706788	1.65507854942
0.920920920921	0.879079573893	0.843158808681	1.72223838257
0.930930930931	0.907302032909	0.875285685035	1.78258771794
0.940940940941	0.931936615503	0.903951291869	1.83588790737
0.950950950951	0.952885905561	0.929042272603	1.88192817816
0.960960960961	0.970067060258	0.950459406322	1.92052646658
0.970970970971	0.983412137654	0.968118000139	1.95153013779
0.980980980981	0.992868365367	0.981948224107	1.97481658947
0.990990990991	0.998398349262	0.99189538736	1.99029373662
1.001001001	0.999980221319	0.997920154381	1.9979003757
1.01101101101	0.99760772611	0.99999870056	1.99760642667
1.02102102102	0.991290245538	0.998122806399	1.98941305194
1.03103103103	0.981052761736	0.992299890017	1.97335265175
1.04104104104	0.966935758276	0.982552977822	1.9494887361
1.05105105105	0.948995060078	0.968920613446	1.91791567352
1.06106106106	0.927301612655	0.95145670533	1.87875831798
1.07107107107	0.901941201561	0.930230313547	1.83217151511
1.08108108108	0.873014113161	0.905325376706	1.77833948987
1.09109109109	0.840634738048	0.876840380022	1.71747511807
1.1011011011	0.804931118695	0.844887965861	1.64981908456
1.11111111111	0.766044443119	0.809594488303	1.57563893142
1.12112112112	0.724128486558	0.771099513481	1.49522800004
1.13113113113	0.679349003377	0.729555267674	1.40890427105
1.14114114114	0.6318830716	0.685126035337	1.31700910694
1.15115115115	0.581918392668	0.637987509446	1.21990590211
1.16116116116	0.529652549179	0.588326096733	1.11797864591
1.17117117117	0.475292223561	0.536338180547	1.01163040411
1.18118118118	0.419052380758	0.482229344267	0.901281725026
1.19119119119	0.361155418163	0.426213558337	0.7873689765
1.2012012012	0.301830286157	0.368512334128	0.670342620285
1.21121121121	0.241311582741	0.309353847986	0.550665430726
1.22122122122	0.179838625827	0.248972038917	0.428810664744
1.23123123123	0.117654506872	0.187605683495	0.305260190367
1.24124124124	0.0550051295842	0.125497451626	0.18050258121
1.25125125125	-0.00786176248947	0.0628929469268	0.0550311844373
1.26126126126	-0.070697565652	3.97354978189e-05	-0.0706578301542
1.27127127127	-0.133253799146	-0.062813633063	-0.196067432209
1.28128128128	-0.195283087756	-0.125418608536	-0.320701696292
1.29129129129	-0.256540140042	-0.18752762296	-0.444067763003
1.3013013013	-0.316782718332	-0.248895069624	-0.565677787955
1.31131131131	-0.375772596633	-0.309278274304	-0.685050870937
1.32132132132	-0.433276502688	-0.36843845491	-0.801714957598
1.33133133133	-0.489067040436	-0.426141665735	-0.91520870617
1.34134134134	-0.542923589236	-0.482159722575	-1.02508331181
1.35135135135	-0.594633176304	-0.536271105081	-1.13090428139
1.36136136136	-0.643991318896	-0.588261832739	-1.23225315164
1.37137137137	-0.690802832929	-0.637926311053	-1.32872914398
1.38138138138	-0.734882604821	-0.685068144549	-1.41995074937
1.39139139139	-0.77605632352	-0.729500913419	-1.50555723694
1.4014014014	-0.814161169798	-0.771048910699	-1.5852100805
1.41141141141	-0.849046460119	-0.8095478371	-1.65859429722
1.42142142142	-0.880574242504	-0.844845450717	-1.72541969322
1.43143143143	-0.908619842057	-0.87680216906	-1.78542201112
1.44144144144	-0.933072353983	-0.90529162103	-1.83836397501
1.45145145145	-0.953835082157	-0.930201146642	-1.8840362288
1.46146146146	-0.970825921502	-0.951432242534	-1.92225816404
1.47147147147	-0.983977682672	-0.968900951497	-1.95287863417
1.48148148148	-0.993238357742	-0.982538194472	-1.97577655221
1.49149149149	-0.998571325879	-0.992290043725	-1.9908613696
1.5015015015	-0.99995549815	-0.998117936102	-1.99807343425
1.51151151151	-0.997385400923	-0.999998825518	-1.99738422644
1.52152152152	-0.990871197506	-0.997925274099	-1.98879647161
1.53153153153	-0.980438647961	-0.991905481592	-1.97234412955
1.54154154154	-0.966129007238	-0.981963252937	-1.94809226018
1.55155155155	-0.947998862029	-0.968137904136	-1.91613676617
1.56156156156	-0.926119907006	-0.950484106777	-1.87660401378
1.57157157157	-0.900578661304	-0.929071671839	-1.82965033314
1.58158158158	-0.871476126386	-0.903985273628	-1.77546140001
1.59159159159	-0.83892738664	-0.875324114938	-1.71425150158
1.6016016016	-0.803061154282	-0.84320153476	-1.64626268904
1.61161161161	-0.764019260373	-0.807744560084	-1.57176382046
1.62162162162	-0.721956093955	-0.769093403584	-1.49104949754
1.63163163163	-0.677037991524	-0.727400909152	-1.40443890068
1.64164164164	-0.629442579268	-0.682831947483	-1.31227452675
1.65165165165	-0.57935807065	-0.635562764106	-1.21492083476
1.66166166166	-0.526982522129	-0.585780282429	-1.11276280456
1.67167167167	-0.472523049956	-0.533681364563	-1.00620441452
1.68168168168	-0.416195011144	-0.479472032838	-0.895667043982
1.69169169169	-0.358221151852	-0.4233666551	-0.781587806952
1.7017017017	-0.298830726545	-0.365587097007	-0.664417823552
1.71171171171	-0.238258591423	-0.30636184467	-0.544620436093
1.72172172172	-0.176744275691	-0.245925101122	-0.422669376814
1.73173173173	-0.114531034357	-0.18451586017	-0.299046894527
1.74174174174	-0.0518648862921	-0.122376961309	-0.174241847601
1.75175175175	0.0110063586381	-0.0597541294259	-0.0487477707878
1.76176176176	0.0738340795231	0.00310499690391	0.076939076427
1.77177177177	0.136369827566	0.0659518446927	0.202321672259
1.78178178178	0.198366308561	0.128537889507	0.326904198068
1.79179179179	0.259578360804	0.190615638246	0.45019399905
1.8018018018	0.319763924571	0.251939607836	0.571703532407
1.81181181181	0.378684999333	0.312267295982	0.690952295315
1.82182182182	0.436108584911	0.371360140132	0.807468725042
1.83183183183	0.491807602866	0.428984460854	0.920792063721
1.84184184184	0.54556179447	0.484912385915	1.03047418039
1.85185185185	0.597158591703	0.538922751383	1.13608134309
1.86186186186	0.646393957842	0.590801976213	1.23719593405
1.87187187187	0.693073194316	0.64034490684	1.33341810116
1.88188188188	0.737011710631	0.687355628444	1.42436733908
1.89189189189	0.778035754318	0.731648239691	1.50968399401
1.9019019019	0.815983098035	0.773047587864	1.5890306859
1.91191191191	0.850703681078	0.811389961498	1.66209364258
1.92192192192	0.882060202795	0.846523737767	1.72858394056
1.93193193193	0.909928665531	0.878309982069	1.7882386476
1.94194194194	0.934198864969	0.906622997432	1.8408218624
1.95195195195	0.954774825929	0.931350821582	1.88612564751
1.96196196196	0.971575181895	0.952395669686	1.92397085158
1.97197197197	0.984533496775	0.969674321039	1.95420781781
1.98198198198	0.99359852762	0.983118448157	1.97671697578
1.99199199199	0.998734427259	0.992674886973	1.99140931423
2.002002002	0.999920886057	0.998305847069	1.99822673313
2.01201201201	0.997153212228	0.999989061122	1.99714227335
2.02202202202	0.990442350387	0.997717872953	1.98816022334
2.03203203203	0.979814838271	0.991501263851	1.97131610212
2.04204204204	0.965312701797	0.981363817059	1.94667651886
2.05205205205	0.946993288874	0.967345620558	1.91433890943
2.06206206206	0.92492904262	0.94950210854	1.87443115116
2.07207207207	0.899207214896	0.927903842202	1.8271110571
2.08208208208	0.869929521266	0.90263623071	1.77256575198
2.09209209209	0.837211738773	0.873799193455	1.71101093223
2.1021021021	0.801183248104	0.841506764931	1.64269001304
2.11211211211	0.761986521963	0.805886643784	1.56787316575
2.12212212212	0.719776561664	0.767079687843	1.48685624951
2.13213213213	0.674720284195	0.725239357097	1.39995964129
2.14214214214	0.626995862148	0.680531106854	1.307526969
2.15215215215	0.576792019149	0.633131733453	1.2099237526
2.16216216216	0.524307283557	0.58322867513	1.10753595869
2.17217217217	0.469749203398	0.53101927081	1.00076847421
2.18218218218	0.413333525626	0.476709979735	0.89004350536
2.19219219219	0.355283342961	0.420515565035	0.775798907997
2.2022022022	0.295828211688	0.362658244461	0.658486456148
2.21221221221	0.235203243879	0.303366811631	0.53857005551
2.22222222222	0.173648177667	0.242875731284	0.416523908951
2.23223223223	0.111406429203	0.1814242121	0.292830641304
2.24224224224	0.0487241300892	0.119255260761	0.16797939085
2.25225225225	-0.0141508459408	0.0566147209946	0.0424638750538
2.26226226226	-0.076969863222	-0.0062496985992	-0.0832195618212
2.27227227227	-0.139484507376	-0.0690894041006	-0.208573911476
2.28228228228	-0.20144756765	-0.13165589932	-0.33310346697
2.29229229229	-0.2626140145	-0.193701768464	-0.456315782964
2.3023023023	-0.322741968549	-0.254981654525	-0.577723623074
2.31231231231	-0.381593657079	-0.315253229535	-0.696846886614
2.32232232232	-0.438936354296	-0.374278152837	-0.813214507134
2.33233233233	-0.494543301632	-0.43182301359	-0.926366315222
2.34234234234	-0.548194604445	-0.487660253778	-1.03585485822
2.35235235235	-0.599678101582	-0.541569068081	-1.14124716966
2.36236236236	-0.648790204361	-0.59333627703	-1.24212648139
2.37237237237	-0.69533670165	-0.642757170022	-1.33809387167
2.38238238238	-0.739133527863	-0.689636314828	-1.42876984269
2.39239239239	-0.780007490838	-0.733788330427	-1.51379582126
2.4024024024	-0.817796956717	-0.775038620079	-1.5928355768
2.41241241241	-0.852352489117	-0.813224061765	-1.66557655088
2.42242242242	-0.88353744007	-0.848193653235	-1.73173109331
2.43243243243	-0.911228490388	-0.879809109149	-1.79103759954
2.44244244244	-0.935316137322	-0.907945407908	-1.84326154523
2.45245245245	-0.955705127584	-0.932491286053	-1.88819641364
2.46246246246	-0.972314834025	-0.953349678248	-1.92566451227
2.47247247247	-0.985079574467	-0.970438101118	-1.95551767558
2.48248248248	-0.993948871439	-0.983688979426	-1.97763785086
2.49249249249	-0.998887651789	-0.993049913296	-1.99193756509
2.5025025025	-0.999876385381	-0.998483885426	-1.99836027081
2.51251251251	-0.996911162321	-0.999969407469	-1.99688056979
2.52252252252	-0.990003708422	-0.99750060501	-1.98750431343
2.53253253253	-0.979181338833	-0.991087240793	-1.97026857963
2.54254254254	-0.964486850027	-0.980754676116	-1.94524152614
2.55255255255	-0.945978350556	-0.966543770545	-1.9125221211
2.56256256256	-0.923729031273	-0.94851072033	-1.8722397516
2.57257257257	-0.897826875899	-0.926726836185	-1.82455371208
2.58258258258	-0.868374313094	-0.901278261292	-1.76965257439
2.59259259259	-0.835487811413	-0.872265630653	-1.70775344207
2.6026026026	-0.799297418733	-0.839803673135	-1.63910109187
2.61261261261	-0.759946247989	-0.804020757778	-1.56396700577
2.62262262262	-0.71758991124	-0.76505838617	-1.48264829741
2.63263263263	-0.67239590431	-0.723070632885	-1.3954665372
2.64264264264	-0.624542944437	-0.678223536205	-1.30276648064
2.65265265265	-0.574220263541	-0.630694441529	-1.20491470507
2.66266266266	-0.521626859919	-0.58067130007	-1.10229815999
2.67267267267	-0.466970711319	-0.528351925613	-0.995322636932
2.68268268268	-0.410467952501	-0.473943212272	-0.884411164773
2.69269269269	-0.352342020544	-0.417660316339	-0.770002336882
2.7027027027	-0.292822771277	-0.359725805455	-0.652548576732
2.71271271271	-0.232145570325	-0.300368778486	-0.532514348812
2.72272272272	-0.170550362372	-0.23982395956	-0.410374321932
2.73273273273	-0.10828072231	-0.17833076986	-0.286611492171
2.74274274274	-0.0455828920356	-0.116132380854	-0.16171527289
2.75275275275	0.0172951933006	-0.0534747526796	-0.036179559379
2.76276276276	0.0801048857378	0.00939433848893	0.0894992242267
2.77277277277	0.142597807772	0.0722262802581	0.21482408803
2.78278278278	0.204526834549	0.13477260714	0.339299441689
2.79279279279	0.265647071111	0.196785983095	0.462433054205
2.8028028028	0.325716820813	0.258021179608	0.583738000421
2.81281281281	0.384498541105	0.318236045434	0.70273458654
2.82282282282	0.44175978288	0.377192464169	0.81895224705
2.83283283283	0.497274109679	0.43465729587	0.931931405549
2.84284284284	0.550821993122	0.490403298992	1.04122529211
2.85285285285	0.602191681025	0.544210029005	1.14640171003
2.86286286286	0.651180034758	0.595864710129	1.24704474489
2.87287287287	0.697593332546	0.645163076744	1.34275640929
2.88288288288	0.741248035533	0.691910181146	1.43315821668
2.89289289289	0.781971513578	0.735921164461	1.51789267804
2.9029029029	0.819602727906	0.777021987655	1.59662471556
2.91291291291	0.853992867932	0.815050119761	1.66904298769
2.92292292292	0.885005939722	0.849855180607	1.73486112033
2.93293293293	0.912519303774	0.881299535475	1.79381883925
2.94294294294	0.936424159991	0.90925883938	1.84568299937
2.95295295295	0.956625977922	0.933622528778	1.8902485067
2.96296296296	0.97304487058	0.954294258788	1.92733912937
2.97297297297	0.985615910348	0.97119228418	1.95680819453
2.98298298298	0.994289385735	0.984249782635	1.97853916837
2.99299299299	0.999030997955	0.993415118986	1.99244611694
3.003003003	0.999821996562	0.998652049411	1.99847404597
3.01301301301	0.996659253595	0.999939864754	1.99659911835
3.02302302302	0.989555275949	0.997273472419	1.98682874837
3.03303303303	0.978538155914	0.99066341651	1.96920157242
3.04304304304	0.963651460093	0.980135836132	1.94378729623
3.05305305305	0.944954057113	0.965732362028	1.91068641914
3.06306306306	0.922519884832	0.947509951951	1.87002983678
3.07307307307	0.896437657964	0.925540665428	1.82197832339
3.08308308308	0.866810517252	0.899911378805	1.76672189606
3.09309309309	0.833755621609	0.870723441698	1.70447906331
3.1031031031	0.797403684817	0.838092276213	1.63549596103
3.11311311311	0.757898458629	0.802146920516	1.56004537914
3.12312312312	0.715396164307	0.763029518555	1.47842568286
3.13313313313	0.670064874858	0.720894757964	1.39095963282
3.14314314314	0.622083850393	0.675909258356	1.29799310875
3.15315315315	0.571642829258	0.628250912438	1.1998937417
3.16316316316	0.518941277722	0.578108182539	1.09704946026
3.17317317317	0.464187601196	0.525679355351	0.989866956547
3.18318318318	0.407598320109	0.471171757812	0.878770077921
3.19319319319	0.349397213688	0.414800937246	0.764198150934
3.2032032032	0.289814435034	0.35678980899	0.646604244024
3.21321321321	0.229085600998	0.297367774885	0.526453375884
3.22322322322	0.167450860443	0.236769816128	0.404220676572
3.23323323323	0.10515394459	0.175235564042	0.280389508632
3.24324324324	0.0424412031961	0.113008352472	0.155449555668
3.25325325325	-0.0204393696219	0.0503342555333	0.0298948859114
3.26326326326	-0.0832391160672	-0.0125388854746	-0.0957780015418
3.27327327327	-0.145709697966	-0.0753624421436	-0.22107214011
3.28328328328	-0.207604078809	-0.137887982144	-0.345492060953
3.29329329329	-0.268677500641	-0.199868251637	-0.468545752277
3.3033033033	-0.328688451945	-0.261058153025	-0.58974660497
3.31331331331	-0.387399622686	-0.321215714181	-0.708615336866
3.32332332332	-0.44457884274	-0.380103045308	-0.824681888048
3.33333333333	-0.5	-0.437487279665	-0.937487279665
3.34334334334	-0.55344393452	-0.493141494428	-1.04658542895
3.35335335335	-0.604699305175	-0.546845608037	-1.15154491321
3.36336336336	-0.653563425397	-0.598387250503	-1.2519506759
3.37337337337	-0.699843064686	-0.647562603212	-1.3474056679
3.38338338338	-0.743355212731	-0.694177204913	-1.43753241764
3.39339339339	-0.783927803117	-0.738046720703	-1.52197452382
3.4034034034	-0.821400393745	-0.778997670976	-1.60039806472
3.41341341341	-0.855624801299	-0.81686811743	-1.67249291873
3.42342342342	-0.886465687226	-0.85150830345	-1.73797399068
3.43343343343	-0.913801092924	-0.882781246309	-1.79658233923
3.44344344344	-0.937522922021	-0.91056327886	-1.84808620088
3.45345345345	-0.957537367837	-0.934744538569	-1.89228190641
3.46346346346	-0.973765284338	-0.955229401963	-1.9289946863
3.47347347347	-0.986142499113	-0.971936862767	-1.95807936188
3.48348348348	-0.99462006714	-0.984800852238	-1.97942091938
3.49349349349	-0.999164464339	-0.993770500431	-1.99293496477
3.5035035035	-0.999757720139	-0.998810337361	-1.9985680575
3.51351351351	-0.996397488543	-0.999900433268	-1.99629792181
3.52352352352	-0.989097057402	-0.997036477427	-1.98613353483
3.53353353353	-0.977885295874	-0.990229795196	-1.96811509107
3.54354354354	-0.962806540259	-0.979507303227	-1.94231384349
3.55355355355	-0.943920418674	-0.964911403032	-1.90883182171
3.56356356356	-0.921301615256	-0.9464998133	-1.86780142856
3.57357357357	-0.89503957483	-0.924345341662	-1.81938491649
3.58358358358	-0.865238149205	-0.898535596765	-1.76377374597
3.59359359359	-0.832015186492	-0.86917264184	-1.70118782833
3.6036036036	-0.795502065086	-0.836372591091	-1.63187465618
3.61361361361	-0.755843174135	-0.80026515053	-1.55610832466
3.62362362362	-0.713195342561	-0.760993105063	-1.47418844762
3.63363363363	-0.667727218889	-0.718711753851	-1.38643897274
3.64364364364	-0.619618604335	-0.673588296194	-1.29320690053
3.65365365365	-0.569059741792	-0.625801170344	-1.19486091214
3.66366366366	-0.516250563526	-0.575539347885	-1.09178991141
3.67367367367	-0.461399900552	-0.523001586453	-0.984401487006
3.68368368368	-0.404724656828	-0.468395643763	-0.873120300591
3.69369369369	-0.346448951515	-0.411937456037	-0.758386407551
3.7037037037	-0.286803232711	-0.353850284099	-0.64065351681
3.71371371371	-0.22602336616	-0.294363830506	-0.520387196666
3.72372372372	-0.164349702531	-0.233713331194	-0.398063033725
3.73373373373	-0.102026126964	-0.172138625256	-0.27416475222
3.74374374374	-0.0392990946401	-0.109883206509	-0.149182301149
3.75375375375	0.0235833438109	-0.0471932606132	-0.0236099168023
3.76376376376	0.0863725232145	0.0156833084587	0.102055831673
3.77377377377	0.148820147184	0.0784978587424	0.227318005927
3.78378378378	0.210679269996	0.141001993523	0.351681263519
3.79379379379	0.27170527312	0.202948543609	0.474653816729
3.8038038038	0.331656832556	0.264092544743	0.595749377299
3.81381381381	0.39029687313	0.324192206308	0.714489079437
3.82382382382	0.447393505998	0.383009867468	0.830403373466
3.83383383383	0.502720945639	0.440312936989	0.943033882628
3.84384384384	0.556060402709	0.495874813007	1.05193521572
3.85385385385	0.607200949233	0.549475779113	1.15667672835
3.86386386386	0.655940352709	0.600903873208	1.25684422592
3.87387387387	0.702085875823	0.649955725698	1.35204160152
3.88388388388	0.745455038618	0.696437363707	1.44189240233
3.89389389389	0.785876340107	0.740164978132	1.52604131824
3.9039039039	0.823189936455	0.780965650505	1.60415558696
3.91391391391	0.85724827308	0.818678036791	1.67592630987
3.92392392392	0.887916668148	0.853153005417	1.74106967356
3.93393393393	0.915073845161	0.884254226997	1.79932807216
3.94394394394	0.938612412544	0.911858713447	1.85047112599
3.95395395395	0.958439288315	0.935857304329	1.89429659264
3.96396396396	0.974476068176	0.956155098526	1.9306311667
3.97397397397	0.986659335554	0.972671829515	1.95933116507
3.98398398398	0.994940912384	0.985342182786	1.98028309517
3.99399399399	0.99928804962	0.994116054117	1.99340410374
4.004004004	0.999683556747	0.998958747711	1.99864230446
4.01401401401	0.996125869751	0.999851113402	1.99597698315
4.02402402402	0.988629057313	0.996789622378	1.98541867969
4.03403403403	0.977222765169	0.989786381137	1.96700914631
4.04404404404	0.96195209888	0.978869083617	1.9408211825
4.05405405405	0.942877445461	0.964080901674	1.90695834713
4.06406406406	0.920074234591	0.945480314367	1.86555454896
4.07407407407	0.893632640323	0.923140876706	1.81677351703
4.08408408408	0.863657224501	0.897150928779	1.76080815328
4.09409409409	0.830266523272	0.867613246417	1.69787976969
4.1041041041	0.793592578344	0.834644634775	1.62823721312
4.11411411411	0.753780414831	0.79837546643	1.55215588126
4.12412412412	0.710987467765	0.758949165832	1.4699366336
4.13413413413	0.665382959521	0.716521642135	1.38190460166
4.14414414414	0.617147230641	0.671260672671	1.28840790331
4.15415415415	0.566471026685	0.623345239474	1.18981626616
4.16416416416	0.513554743939	0.572964821512	1.08651956545
4.17417417417	0.458607636956	0.520318645403	0.978926282359
4.18418418418	0.401846991078	0.465614897578	0.867461888656
4.19419419419	0.343497263182	0.409069901027	0.752567164208
4.2042042042	0.283789194086	0.350907259855	0.634696453941
4.21421421421	0.222958896095	0.291356975055	0.51431587115
4.22422422422	0.161246919305	0.230654534983	0.391901454288
4.23423423423	0.0988973003642	0.169039984127	0.267937284492
4.24424424424	0.036156597441	0.106756973871	0.142913571312
4.25425425425	-0.0267270847755	0.0440517989817	0.0173247142062
4.26426426426	-0.0895050761925	-0.0188275763448	-0.108332652537
4.27427427427	-0.151929124666	-0.0816324990471	-0.233561623713
4.28428428428	-0.213752377698	-0.144114610483	-0.357866988181
4.29429429429	-0.274730358608	-0.206026828548	-0.480757187156
4.3043043043	-0.334621933292	-0.267124324753	-0.601746258045
4.31431431431	-0.393190263785	-0.32716549238	-0.720355756165
4.32432432432	-0.450203744818	-0.385912901904	-0.836116646721
4.33433433433	-0.505436919686	-0.443134239898	-0.948571159584
4.34434434434	-0.558671371813	-0.4986032277	-1.05727459951
4.35435435435	-0.609696588459	-0.552100516223	-1.16179710468
4.36436436436	-0.658310793188	-0.603414553355	-1.26172534654
4.37437437437	-0.704321743776	-0.652342420534	-1.35666416431
4.38438438438	-0.747547492428	-0.698690635178	-1.44623812761
4.39439439439	-0.787817105279	-0.742275915798	-1.53009302108
4.4044044044	-0.824971338339	-0.782925906779	-1.60789724512
4.41441441441	-0.85886326722	-0.820479859947	-1.67934312717
4.42442442442	-0.889358868137	-0.854789270242	-1.74414813838
4.43443443443	-0.916337547898	-0.885718462972	-1.80205601087
4.44444444444	-0.939692620786	-0.91314513033	-1.85283775112
4.45445445445	-0.959331730437	-0.936960815056	-1.89629254549
4.46446446446	-0.975177215064	-0.957071339322	-1.93224855439
4.47447447447	-0.987166414562	-0.973397177157	-1.96056359172
4.48448448448	-0.995251918294	-0.985873768926	-1.98112568722
4.49449449449	-0.999401752577	-0.994451776626	-1.9938535292
4.5045045045	-0.999599507118	-0.999097278994	-1.99869678611
4.51451451451	-0.995844399907	-0.999791905643	-1.99563630555
4.52452452452	-0.988151280311	-0.996532909711	-1.98468419002
4.53453453453	-0.976550570352	-0.98933317872	-1.96588374907
4.54454454454	-0.961088144404	-0.978221183612	-1.93930932802
4.55455455455	-0.941825147789	-0.963240866168	-1.90506601396
4.56456456456	-0.918837754976	-0.944451465235	-1.86328922021
4.57457457457	-0.892216868357	-0.921927282474	-1.81414415083
4.58458458458	-0.862067758776	-0.89575738854	-1.75782514732
4.59459459459	-0.828509649244	-0.86604527085	-1.69455492009
4.6046046046	-0.791675243475	-0.832908424353	-1.62458366783
4.61461461461	-0.751710201118	-0.796477886904	-1.54818808802
4.62462462462	-0.708772561755	-0.756897721076	-1.46567028283
4.63463463463	-0.663032119939	-0.714324444476	-1.37735656441
4.64464464464	-0.614669753754	-0.668926410806	-1.28359616456
4.65465465465	-0.56387670954	-0.620883144115	-1.18475985365
4.66466466466	-0.510853845621	-0.570384628881	-1.0812384745
4.67467467467	-0.455810838022	-0.517630558731	-0.973441396753
4.68468468468	-0.398965351315	-0.462829546757	-0.861794898073
4.69469469469	-0.340542177879	-0.406198300575	-0.746740478454
4.7047047047	-0.280772348966	-0.34796076536	-0.628733114326
4.71471471471	-0.219892221108	-0.288347238269	-0.508239459376
4.72472472472	-0.158142541449	-0.227593457745	-0.385735999194
4.73473473473	-0.095767495733	-0.165939671301	-0.261707167034
4.74474474474	-0.0330137426761	-0.103629685474	-0.13664342815
4.75475475475	0.0298705614263	-0.0409099017058	-0.0110393402796
4.76476476476	0.092636744022	0.0219716580381	0.11460840206
4.77477477477	0.155036599664	0.0847663320583	0.239802931723
4.78478478478	0.216823371526	0.14722580224	0.364049173766
4.79479479479	0.277752727186	0.209103076013	0.486855803199
4.8048048048	0.33758372483	0.270153463073	0.607737187903
4.81481481481	0.396079766039	0.330135542992	0.726215309032
4.82482482482	0.453009531408	0.388812119906	0.841821651314
4.83483483483	0.508147895284	0.44595116049	0.954099055774
4.84484484484	0.561276816012	0.501326711523	1.06260352754
4.85485485485	0.612186198173	0.554719793409	1.16690599158
4.86486486486	0.66067472339	0.605919266115	1.2665939895
4.87487487487	0.706550646434	0.654722664118	1.36127331055
4.88488488488	0.749632553468	0.700936997042	1.45056955051
4.89489489489	0.78975007944	0.744379512827	1.53412959227
4.9049049049	0.826744581781	0.784878420413	1.61162300219
4.91491491491	0.860469767748	0.822273569078	1.68274333683
4.92492492492	0.890792272932	0.856417081744	1.74720935468
4.93493493493	0.917592188639	0.887173939753	1.80476612839
4.94494494494	0.940763536065	0.914422516788	1.85518605285
4.95495495495	0.960214685378	0.938055059834	1.89826974521
4.96496496496	0.975868718069	0.95797811529	1.93384683336
4.97497497497	0.98766373112	0.974112898519	1.96177662964
4.98498498498	0.995553081795	0.9863956054	1.98194868719
4.99499499499	0.999505572086	0.994777664638	1.99428323672
5.00500500501	0.999505572086	0.999225929838	1.99873150192
5.01501501502	0.995553081795	0.999722810577	1.99527589237
5.02502502503	0.98766373112	0.996266341967	1.98393007309
5.03503503504	0.975868718069	0.988870192425	1.96473891049
5.04504504505	0.960214685378	0.977563609622	1.937778295
5.05505505506	0.940763536065	0.962391304821	1.90315484089
5.06506506507	0.917592188639	0.943413276076	1.86100546472
5.07507507508	0.890792272932	0.920704570967	1.8114968439
5.08508508509	0.860469767748	0.894354989829	1.75482475758
5.0950950951	0.826744581781	0.864468730644	1.69121331243
5.10510510511	0.78975007944	0.831163976996	1.62091405644
5.11511511512	0.749632553468	0.794572430717	1.54420498419
5.12512512513	0.706550646434	0.754838791081	1.46138943752
5.13513513514	0.66067472339	0.712120182601	1.37279490599
5.14514514515	0.612186198173	0.666585533683	1.27877173186
5.15515515516	0.561276816012	0.618414908616	1.17969172463
5.16516516517	0.508147895284	0.567798795508	1.07594669079
5.17517517518	0.453009531408	0.514937353021	0.96794688443
5.18518518519	0.396079766039	0.460039618846	0.856119384885
5.1951951952	0.33758372483	0.40332268308	0.74090640791
5.20520520521	0.277752727186	0.345010829754	0.62276355694
5.21521521522	0.216823371526	0.285334649911	0.502158021437
5.22522522523	0.155036599664	0.224530129752	0.379566729416
5.23523523524	0.092636744022	0.162837717436	0.255474461458
5.24524524525	0.0298705614263	0.100501372245	0.130371933672
5.25525525526	-0.0330137426761	0.037767599857	0.00475385718094
5.26526526527	-0.095767495733	-0.0251155224457	-0.120883018179
5.27527527528	-0.158142541449	-0.0878993267843	-0.246041868234
5.28528528529	-0.219892221108	-0.150335538027	-0.370227759135
5.2952952953	-0.280772348966	-0.212177255582	-0.492949604548
5.30530530531	-0.340542177879	-0.273179929747	-0.613722107626
5.31531531532	-0.398965351315	-0.333102328774	-0.73206768009
5.32532532533	-0.455810838022	-0.391707492803	-0.847518330826
5.33533533534	-0.510853845621	-0.448763670908	-0.95961751653
5.34534534535	-0.56387670954	-0.504045237544	-1.06792194708
5.35535535536	-0.614669753754	-0.557333584768	-1.17200333852
5.36536536537	-0.663032119939	-0.608417986718	-1.27145010666
5.37537537538	-0.708772561755	-0.65709643291	-1.36586899467
5.38538538539	-0.751710201118	-0.703176427085	-1.4548866282
5.3953953954	-0.791675243475	-0.746475748416	-1.53815099189
5.40540540541	-0.828509649244	-0.786823172098	-1.61533282134
5.41541541542	-0.862067758776	-0.824059146445	-1.68612690522
5.42542542543	-0.892216868357	-0.858036423825	-1.75025329218
5.43543543544	-0.918837754976	-0.888620642948	-1.80745839792
5.44544544545	-0.941825147789	-0.915690860187	-1.85751600798
5.45545545546	-0.961088144404	-0.939140027844	-1.90022817225
5.46546546547	-0.976550570352	-0.958875417463	-1.93542598781
5.47547547548	-0.988151280311	-0.974818986522	-1.96297026683
5.48548548549	-0.995844399907	-0.986907687047	-1.98275208695
5.4954954955	-0.999599507118	-0.995093714931	-1.99469322205
5.50550550551	-0.999401752577	-0.999344698973	-1.99874645155
5.51551551552	-0.995251918294	-0.999643828887	-1.99489574718
5.52552552553	-0.987166414562	-0.995989921782	-1.98315633634
5.53553553554	-0.975177215064	-0.988397426833	-1.9635746419
5.54554554555	-0.959331730437	-0.976896368147	-1.93622809858
5.55555555556	-0.939692620786	-0.961532226036	-1.90122484682
5.56556556557	-0.916337547898	-0.942365757159	-1.85870330506
5.57557557558	-0.889358868137	-0.919472754275	-1.80883162241
5.58558558559	-0.85886326722	-0.892943746515	-1.75180701373
5.5955955956	-0.824971338339	-0.862883641392	-1.68785497973
5.60560560561	-0.787817105279	-0.829411309955	-1.61722841523
5.61561561562	-0.747547492428	-0.792659116713	-1.54020660914
5.62562562563	-0.704321743776	-0.752772396211	-1.45709413999
5.63563563564	-0.658310793188	-0.709908878309	-1.3682196715
5.64564564565	-0.609696588459	-0.664238064453	-1.27393465291
5.65565565566	-0.558671371813	-0.615940557386	-1.1746119292
5.66566566567	-0.505436919686	-0.565207346966	-1.07064426665
5.67567567568	-0.450203744818	-0.512239054908	-0.962442799726
5.68568568569	-0.393190263785	-0.457245141435	-0.850435405221
5.6956956957	-0.334621933292	-0.40044307698	-0.735065010273
5.70570570571	-0.274730358608	-0.34205748221	-0.616787840817
5.71571571572	-0.213752377698	-0.282319239775	-0.496071617473
5.72572572573	-0.151929124666	-0.221464581299	-0.373393705964
5.73573573574	-0.0895050761925	-0.15973415321	-0.249239229403
5.74574574575	-0.0267270847755	-0.0973720651219	-0.124099149897
5.75575575576	0.036156597441	-0.0346249245107	0.00153167293034
5.76576576577	0.0988973003642	0.0282591384767	0.127156438841
5.77577577578	0.161246919305	0.0910314522418	0.252278371547
5.78578578579	0.222958896095	0.153443787092	0.376402683187
5.7957957958	0.283789194086	0.215249336852	0.499038530938
5.80580580581	0.343497263182	0.276203694845	0.619700958027
5.81581581582	0.401846991078	0.336065820386	0.737912811463
5.82582582583	0.458607636956	0.394598991962	0.853206628919
5.83583583584	0.513554743939	0.451571743339	0.965126487278
5.84584584585	0.566471026685	0.506758778877	1.07322980556
5.85585585586	0.617147230641	0.559941864452	1.17708909509
5.86586586587	0.665382959521	0.610910690453	1.27629364997
5.87587587588	0.710987467765	0.659463703436	1.3704511712
5.88588588589	0.753780414831	0.705408903158	1.45918931799
5.8958958959	0.793592578344	0.748564601833	1.54215718018
5.90590590591	0.830266523272	0.788760142601	1.61902666587
5.91591591592	0.863657224501	0.82583657439	1.68949379889
5.92592592593	0.893632640323	0.85964728047	1.75327992079
5.93593593594	0.920074234591	0.890058558249	1.81013279284
5.94594594595	0.942877445461	0.916950147985	1.85982759345
5.95595595596	0.96195209888	0.940215708355	1.90216780723
5.96596596597	0.977222765169	0.959763236966	1.93698600214
5.97597597598	0.988629057313	0.975515434185	1.9641444915
5.98598598599	0.996125869751	0.987410008805	1.98353587856
5.995995996	0.999683556747	0.995399924379	1.99508348113
6.00600600601	0.99928804962	0.999453585223	1.99874163484
6.01601601602	0.994940912384	0.999554961354	1.99449587374
6.02602602603	0.986659335554	0.995703651888	1.98236298744
6.03603603604	0.974476068176	0.987914886617	1.96239095479
6.04604604605	0.958439288315	0.976219465788	1.9346587541
6.05605605606	0.938612412544	0.960663638307	1.89927605085
6.06606606607	0.915073845161	0.941308918844	1.856382764
6.07607607608	0.887916668148	0.918231844582	1.80614851273
6.08608608609	0.85724827308	0.891523672554	1.74877194563
6.0960960961	0.823189936455	0.861290018769	1.68447995522
6.10610610611	0.785876340107	0.827650440563	1.61352678067
6.11611611612	0.745455038618	0.790737963814	1.53619300243
6.12612612613	0.702085875823	0.750698556899	1.45278443272
6.13613613614	0.655940352709	0.70769055347	1.36363090618
6.14614614615	0.607200949233	0.66188402633	1.26908497556
6.15615615616	0.556060402709	0.613460114895	1.1695205176
6.16616616617	0.502720945639	0.562610308882	1.06533125452
6.17617617618	0.447393505998	0.509535691076	0.956929197074
6.18618618619	0.39029687313	0.454446142161	0.84474301529
6.1961961962	0.331656832556	0.397559510753	0.729216343309
6.20620620621	0.27170527312	0.339100751934	0.610806025055
6.21621621622	0.210679269996	0.279301037681	0.489980307677
6.22622622623	0.148820147184	0.218396842702	0.367216989886
6.23623623624	0.0863725232145	0.156629009315	0.24300153253
6.24624624625	0.0235833438109	0.0942417950506	0.117825138861
6.25625625626	-0.0392990946401	0.0314819067458	-0.00781718789435
6.26626626627	-0.102026126964	-0.0314024750428	-0.133428602007
6.27627627628	-0.164349702531	-0.0941626774559	-0.258512379987
6.28628628629	-0.22602336616	-0.156550518695	-0.382573884855
6.2962962963	-0.286803232711	-0.218319289443	-0.505122522154
6.30630630631	-0.346448951515	-0.279224728464	-0.625673679979
6.31631631632	-0.404724656828	-0.33902598852	-0.743750645348
6.32632632633	-0.461399900552	-0.397486588788	-0.85888648934
6.33633633634	-0.516250563526	-0.454375350012	-0.970625913537
6.34634634635	-0.569059741792	-0.509467308687	-1.07852705048
6.35635635636	-0.619618604335	-0.562544606667	-1.182163211
6.36636636637	-0.667727218889	-0.61339735267	-1.28112457156
6.37637637638	-0.713195342561	-0.661824452285	-1.37501979485
6.38638638639	-0.755843174135	-0.707634403186	-1.46347757732
6.3963963964	-0.795502065086	-0.750646052421	-1.54614811751
6.40640640641	-0.832015186492	-0.790689312768	-1.62270449926
6.41641641642	-0.865238149205	-0.827605835336	-1.69284398454
6.42642642643	-0.89503957483	-0.86124963575	-1.75628921058
6.43643643644	-0.921301615256	-0.891487671435	-1.81278928669
6.44644644645	-0.943920418674	-0.918200367729	-1.8621207864
6.45645645646	-0.962806540259	-0.941282090729	-1.90408863099
6.46646646647	-0.977885295874	-0.960641565021	-1.9385268609
6.47647647648	-0.989097057402	-0.976202234619	-1.96529929202
6.48648648649	-0.996397488543	-0.987902565704	-1.98430005425
6.4964964965	-0.999757720139	-0.995696289954	-1.99545401009
6.50650650651	-0.999164464339	-0.999552587511	-1.99871705185
6.51651651652	-0.99462006714	-0.999456208858	-1.994076276
6.52652652653	-0.986142499113	-0.995407535117	-1.98155003423
6.53653653654	-0.973765284338	-0.98742257655	-1.96118786089
6.54654654655	-0.957537367837	-0.975532909239	-1.93307027708
6.55655655656	-0.937522922021	-0.959785550225	-1.89730847225
6.56656656657	-0.913801092924	-0.94024277158	-1.8540438645
6.57657657658	-0.886465687226	-0.916981854159	-1.80344754139
6.58658658659	-0.855624801299	-0.89009478199	-1.74571958329
6.5965965966	-0.821400393745	-0.859687878534	-1.68108827228
6.60660660661	-0.783927803117	-0.825881386233	-1.60980918935
6.61661661662	-0.743355212731	-0.788808991019	-1.53216420375
6.62662662663	-0.699843064686	-0.748617293655	-1.44846035834
6.63663663664	-0.653563425397	-0.70546523002	-1.35902865542
6.64664664665	-0.604699305175	-0.659523442594	-1.26422274777
6.65665665666	-0.55344393452	-0.610973605673	-1.16441754019
6.66666666667	-0.5	-0.560007706939	-1.06000770694
6.67667667668	-0.44457884274	-0.50682728826	-0.951406131
6.68668668669	-0.387399622686	-0.451642648702	-0.839042271387
6.6966966967	-0.328688451945	-0.394672012914	-0.723360464858
6.70670670671	-0.268677500641	-0.336140668168	-0.604818168809
6.71671671672	-0.207604078809	-0.276280073477	-0.483884152286
6.72672672673	-0.145709697966	-0.215326944298	-0.361036642264
6.73673673674	-0.0832391160672	-0.153522316458	-0.236761432525
6.74674674675	-0.0204393696219	-0.0911105929877	-0.11154996261
6.75675675676	0.0424412031962	-0.0283385776448	0.0141026255513
6.76676676677	0.10515394459	0.0345455010584	0.139699445648
6.77677677678	0.167450860443	0.097292971461	0.264743831904
6.78678678679	0.229085600998	0.159655702113	0.388741303111
6.7967967968	0.289814435034	0.221387082995	0.511201518029
6.80680680681	0.349397213688	0.282243000727	0.631640214415
6.81681681682	0.407598320109	0.341982803902	0.749581124011
6.82682682683	0.464187601196	0.400370254723	0.864557855919
6.83683683684	0.518941277722	0.457174463201	0.976115740923
6.84684684685	0.571642829258	0.512170800189	1.08381362945
6.85685685686	0.622083850393	0.565141785672	1.18722563607
6.86686686687	0.670064874858	0.615877948776	1.28594282363
6.87687687688	0.715396164307	0.664178656109	1.37957482042
6.88688688689	0.757898458629	0.709852905159	1.46775136379
6.8968968969	0.797403684817	0.752720079597	1.55012376441
6.90690690691	0.833755621609	0.792610663518	1.62636628513
6.91691691692	0.866810517252	0.829366911785	1.69617742904
6.92692692693	0.896437657964	0.862843473817	1.75928113178
6.93693693694	0.922519884832	0.892907968375	1.81542785321
6.94694694695	0.944954057113	0.919441507053	1.86439556417
6.95695695696	0.963651460093	0.942339164421	1.90599062451
6.96696696697	0.978538155914	0.96151039294	1.94004854885
6.97697697698	0.989555275949	0.976879381033	1.96643465698
6.98698698699	0.996659253595	0.988385352874	1.98504460647
6.996996997	0.999821996562	0.995982808724	1.99580480529
7.00700700701	0.999030997955	0.999641704859	1.99867270281
7.01701701702	0.994289385735	0.999347572373	1.99363695811
7.02702702703	0.985615910348	0.995101574398	1.98071748475
7.03703703704	0.97304487058	0.986920501501	1.95996537208
7.04704704705	0.956625977922	0.974836705288	1.93146268321
7.05705705706	0.936424159991	0.958897970473	1.89532213046
7.06706706707	0.912519303774	0.939167325913	1.85168662969
7.07707707708	0.885005939722	0.915722795367	1.80072873509
7.08708708709	0.853992867932	0.888657088954	1.74264995689
7.0970970971	0.819602727906	0.858077236532	1.67767996444
7.10710710711	0.781971513578	0.824104164461	1.60607567804
7.11711711712	0.741248035533	0.786872217403	1.52812025294
7.12712712713	0.697593332546	0.746528627062	1.44412195961
7.13713713714	0.651180034758	0.703232929967	1.35441296472
7.14714714715	0.602191681025	0.65715633659	1.25934801762
7.15715715716	0.550821993122	0.60848105431	1.15930304743
7.16716716717	0.497274109679	0.557399566875	1.05467367655
7.17717717718	0.44175978288	0.504113873243	0.945873656123
7.18718718719	0.384498541105	0.448834688784	0.833333229889
7.1971971972	0.325716820813	0.391780612019	0.717497432832
7.20720720721	0.265647071111	0.333177260184	0.598824331295
7.21721721722	0.204526834549	0.273256377038	0.477783211588
7.22722722723	0.142597807772	0.212254916448	0.35485272422
7.23723723724	0.0801048857378	0.150414105363	0.230518991101
7.24724724725	0.0172951933006	0.087978489899	0.1052736832
7.25725725726	-0.0455828920356	0.0251949682933	-0.0203879237423
7.26726726727	-0.10828072231	-0.0376881854408	-0.145968907751
7.27727727728	-0.170550362372	-0.1004223033	-0.270972665673
7.28728728729	-0.232145570325	-0.162759306637	-0.394904876962
7.2972972973	-0.292822771277	-0.224452687169	-0.517275458445
7.30730730731	-0.352342020544	-0.285258481787	-0.637600502331
7.31731731732	-0.410467952501	-0.344936237291	-0.755404189792
7.32732732733	-0.466970711319	-0.403249961251	-0.87022067257
7.33733733734	-0.521626859919	-0.459969055225	-0.981595915144
7.34734734735	-0.574220263541	-0.514869226647	-1.08908949019
7.35735735736	-0.624542944437	-0.567733375785	-1.19227632022
7.36736736737	-0.67239590431	-0.61835245424	-1.29074835855
7.37737737738	-0.71758991124	-0.666526291629	-1.38411620287
7.38738738739	-0.759946247989	-0.712064387137	-1.47201063513
7.3973973974	-0.799297418733	-0.754786662848	-1.55408408158
7.40740740741	-0.835487811413	-0.794524175853	-1.63001198727
7.41741741742	-0.868374313094	-0.831119786323	-1.69949409942
7.42742742743	-0.897826875899	-0.86442877891	-1.76225565481
7.43743743744	-0.923729031273	-0.894319435021	-1.81804846629
7.44744744745	-0.945978350556	-0.920673553685	-1.86665190424
7.45745745746	-0.964486850027	-0.943386918977	-1.907873769
7.46746746747	-0.979181338833	-0.962369712133	-1.94155105097
7.47747747748	-0.990003708422	-0.97754686673	-1.96755057515
7.48748748749	-0.996911162321	-0.98885836554	-1.98576952786
7.4974974975	-0.999876385381	-0.996259477857	-1.99613586324
7.50750750751	-0.998887651789	-0.999720936385	-1.99860858817
7.51751751752	-0.993948871439	-0.999229052976	-1.99317792442
7.52752752753	-0.985079574467	-0.994785772756	-1.97986534722
7.53753753754	-0.972314834025	-0.986408666434	-1.95872350046
7.54754754755	-0.955705127584	-0.974130860821	-1.9298359884
7.55755755756	-0.935316137322	-0.958000907828	-1.89331704515
7.56756756757	-0.911228490388	-0.938082592477	-1.84931108287
7.57757757758	-0.88353744007	-0.914454680659	-1.79799212073
7.58758758759	-0.852352489117	-0.887210607663	-1.73956309678
7.5975975976	-0.817796956717	-0.85645810869	-1.67425506541
7.60760760761	-0.780007490838	-0.822318792822	-1.60232628366
7.61761761762	-0.739133527863	-0.78492766212	-1.52406118998
7.62762762763	-0.69533670165	-0.744432577774	-1.43976927942
7.63763763764	-0.648790204361	-0.700993675386	-1.34978387975
7.64764764765	-0.599678101582	-0.654782731728	-1.25446083331
7.65765765766	-0.548194604445	-0.605982485456	-1.1541770899
7.66766766767	-0.494543301632	-0.554785914484	-1.04932921612
7.67767767768	-0.438936354296	-0.50139547286	-0.940331827157
7.68768768769	-0.381593657079	-0.446022290176	-0.827615947255
7.6976976977	-0.322741968549	-0.388885336663	-0.711627305211
7.70770770771	-0.2626140145	-0.330210557288	-0.592824571788
7.71771771772	-0.20144756765	-0.270229978268	-0.471677545917
7.72772772773	-0.139484507376	-0.209180789531	-0.348665296907
7.73773773774	-0.076969863222	-0.147304406768	-0.22427426999
7.74774774775	-0.0141508459408	-0.0848455167588	-0.0989963626996
7.75775775776	0.0487241300892	-0.0220511097796	0.0266730203097
7.76776776777	0.111406429203	0.040830497111	0.152236926314
7.77777777778	0.173648177667	0.103550642027	0.277198819694
7.78778778779	0.235203243879	0.165861301575	0.401064545454
7.7977977978	0.295828211688	0.227516071648	0.523344283336
7.80780780781	0.355283342961	0.288271141821	0.643554484782
7.81781781782	0.413333525626	0.34788625948	0.761219785105
7.82782782783	0.469749203398	0.406125679892	0.875874883291
7.83783783784	0.524307283557	0.462759098447	0.987066382004
7.84784784785	0.576792019149	0.517562561376	1.09435458052
7.85785785786	0.626995862148	0.570319351374	1.19731521352
7.86786786787	0.674720284195	0.620820844592	1.29554112879
7.87787787788	0.719776561664	0.668867335627	1.38864389729
7.88788788789	0.761986521963	0.714268827251	1.47625534921
7.8978978979	0.801183248104	0.756845781739	1.55802902984
7.90790790791	0.837211738773	0.796429830848	1.63364156962
7.91791791792	0.869929521266	0.832864441613	1.70279396288
7.92792792793	0.899207214896	0.866005535352	1.76521275025
7.93793793794	0.92492904262	0.895722057416	1.82065110004
7.94794794795	0.946993288874	0.921896495441	1.86888978431
7.95795795796	0.965312701797	0.944425344036	1.90973804583
7.96796796797	0.979814838271	0.963219514099	1.94303435237
7.97797797798	0.990442350387	0.97820468511	1.9686470355
7.98798798799	0.997153212228	0.989321599025	1.98647481125
7.997997998	0.999920886057	0.996526294616	1.99644718067
8.00800800801	0.998734427259	0.999790281306	1.99852470856
8.01801801802	0.99359852762	0.999100651838	1.99269917946
8.02802802803	0.984533496775	0.994460133315	1.97899363009
8.03803803804	0.971575181895	0.985887076412	1.95746225831
8.04804804805	0.954774825929	0.973415382818	1.92819020875
8.05805805806	0.934198864969	0.957094371164	1.89129323613
8.06806806807	0.909928665531	0.936988582	1.84691724753
8.07807807808	0.882060202795	0.913177522574	1.79523772537
8.08808808809	0.850703681078	0.885755352423	1.7364590335
8.0980980981	0.815983098035	0.854830511022	1.67081360906
8.10810810811	0.778035754318	0.820525288972	1.59856104329
8.11811811812	0.737011710631	0.782975344402	1.51998705503
8.12812812813	0.693073194316	0.742329166521	1.43540236084
8.13813813814	0.646393957842	0.698747488423	1.34514144627
8.14814814815	0.597158591703	0.652402651479	1.24956124318
8.15815815816	0.54556179447	0.603477923819	1.14903971829
8.16816816817	0.491807602866	0.552166775612	1.04397437848
8.17817817818	0.436108584911	0.498672113995	0.934780698905
8.18818818819	0.378684999333	0.443205480691	0.821890480024
8.1981981982	0.319763924571	0.385986215478	0.705750140049
8.20820820821	0.259578360804	0.327240588819	0.586818949623
8.21821821822	0.198366308561	0.267200907094	0.465567215655
8.22822822823	0.136369827566	0.20610459395	0.342474421516
8.23823823824	0.0738340795231	0.144193251426	0.218027330949
8.24824824825	0.0110063586381	0.0817117045503	0.0927180631884
8.25825825826	-0.0518648862921	0.0189070331943	-0.0329578530978
8.26826826827	-0.114531034357	-0.0439724049936	-0.158503439351
8.27827827828	-0.176744275691	-0.106677956703	-0.283422232395
8.28828828829	-0.238258591423	-0.16896165625	-0.407220247673
8.2982982983	-0.298830726545	-0.230577206138	-0.529407932684
8.30830830831	-0.358221151852	-0.291280951036	-0.649502102888
8.31831831832	-0.416195011144	-0.350832841294	-0.767027852438
8.32832832833	-0.472523049956	-0.408997382209	-0.881520432165
8.33833833834	-0.526982522129	-0.465544565275	-0.992527087404
8.34834834835	-0.57935807065	-0.520250777739	-1.09960884839
8.35835835836	-0.629442579268	-0.572899686867	-1.20234226614
8.36836836837	-0.677037991524	-0.623283095419	-1.30032108694
8.37837837838	-0.721956093955	-0.671201764951	-1.39315785891
8.38838838839	-0.764019260373	-0.716466203699	-1.48048546407
8.3983983984	-0.803061154282	-0.758897415906	-1.56195857019
8.40840840841	-0.83892738664	-0.798327609658	-1.6372549963
8.41841841842	-0.871476126386	-0.834600860403	-1.70607698679
8.42842842843	-0.900578661304	-0.867573727548	-1.76815238885
8.43843843844	-0.926119907006	-0.897115821689	-1.8232357287
8.44844844845	-0.947998862029	-0.923110320225	-1.87110918225
8.45845845846	-0.966129007238	-0.945454429327	-1.91158343657
8.46846846847	-0.980438647961	-0.964059790436	-1.9444984384
8.47847847848	-0.990871197506	-0.978852829666	-1.96972402717
8.48848848849	-0.997385400923	-0.989775048748	-1.98716044967
8.4984984985	-0.99995549815	-0.996783256363	-1.99673875451
8.50850850851	-0.998571325879	-0.999849738936	-1.99842106481
8.51851851852	-0.993238357742	-0.998962370229	-1.99220072797
8.52852852853	-0.983977682672	-0.994124659294	-1.97810234197
8.53853853854	-0.970825921502	-0.985355736593	-1.9561816581
8.54854854855	-0.953835082157	-0.972690278355	-1.92652536051
8.55855855856	-0.933072353983	-0.956178369443	-1.88925072343
8.56856856857	-0.908619842057	-0.935885305301	-1.84450514736
8.57857857858	-0.880574242504	-0.911891333744	-1.79246557625
8.58858858859	-0.849046460119	-0.884291337624	-1.73333779774
8.5985985986	-0.814161169798	-0.853194459623	-1.66735562942
8.60860860861	-0.77605632352	-0.818723670648	-1.59477999417
8.61861861862	-0.734882604821	-0.781015283554	-1.51589788838
8.62862862863	-0.690802832929	-0.740218414104	-1.43102124703
8.63863863864	-0.643991318896	-0.696494391292	-1.34048571019
8.64864864865	-0.594633176304	-0.650016119383	-1.24464929569
8.65865865866	-0.542923589236	-0.60096739417	-1.14389098341
8.66866866867	-0.489067040436	-0.549542176161	-1.0386092166
8.67867867868	-0.433276502688	-0.495943823579	-0.929220326266
8.68868868869	-0.375772596633	-0.440384288185	-0.816156884818
8.6986986987	-0.316782718332	-0.383083277134	-0.699865995465
8.70870870871	-0.256540140042	-0.324267384149	-0.580807524191
8.71871871872	-0.195283087756	-0.264169193473	-0.459452281229
8.72872872873	-0.133253799146	-0.203026360124	-0.33628015927
8.73873873874	-0.070697565652	-0.141080670104	-0.211778235756
8.74874874875	-0.00786176248947	-0.078577084265	-0.0864388467545
8.75875875876	0.0550051295842	-0.0157627696306	0.0392423599536
8.76876876877	0.117654506872	0.047113878017	0.164768384889
8.77877877878	0.179838625827	0.109804216403	0.289642842229
8.78878878879	0.241311582741	0.172060340001	0.413371922742
8.7987987988	0.301830286157	0.233636060366	0.535466346523
8.80880880881	0.361155418163	0.294287879668	0.655443297831
8.81881881882	0.419052380758	0.353775953595	0.772828334353
8.82882882883	0.475292223561	0.411865039801	0.887157263362
8.83883883884	0.529652549179	0.468325428163	0.997977977342
8.84884884885	0.581918392668	0.522933849152	1.10485224182
8.85885885886	0.6318830716	0.575474356746	1.20735742835
8.86886886887	0.679349003377	0.625739182372	1.30508818575
8.87887887888	0.724128486558	0.673529556516	1.39765804307
8.88888888889	0.766044443119	0.718656494751	1.48470093787
8.8988988989	0.804931118695	0.760941545059	1.56587266375
8.90890890891	0.840634738048	0.800217493514	1.64085223156
8.91891891892	0.873014113161	0.83632902552	1.70934313868
8.92892892893	0.901941201561	0.869133339992	1.77107454155
8.93893893894	0.927301612655	0.898500714056	1.82580232671
8.94894894895	0.948995060078	0.924315016034	1.87331007611
8.95895895896	0.966935758276	0.946474164675	1.91340992295
8.96896896897	0.981052761736	0.964890532834	1.94594329457
8.97897897898	0.991290245538	0.979491293988	1.97078153953
8.98898898899	0.99760772611	0.990218710223	1.98782643633
8.998998999	0.999980221319	0.997030360556	1.99701058187
9.00900900901	0.998398349262	0.999899308686	1.99829765795
9.01901901902	0.992868365367	0.998814209516	1.99168257488
9.02902902903	0.983412137654	0.993779354011	1.97719149166
9.03903903904	0.970067060258	0.984814652232	1.95488171249
9.04904904905	0.952885905561	0.971955554603	1.92484146016
9.05905905906	0.931936615503	0.955252911725	1.88718952723
9.06906906907	0.907302032909	0.93477277329	1.8420748062
9.07907907908	0.879079573893	0.910596126887	1.78967570078
9.08908908909	0.847380842629	0.882818577746	1.73019942038
9.0990990991	0.812331190024	0.851549970672	1.6638811607
9.10910910911	0.774069218016	0.816913955666	1.59098317368
9.11911911912	0.732746231489	0.779047498961	1.51179373045
9.12912912913	0.688525639939	0.738100341396	1.42662598134
9.13913913914	0.641582311285	0.694234406273	1.33581671756
9.14914914915	0.592101880361	0.64762315904	1.2397250394
9.15915915916	0.540280014833	0.598450921334	1.13873093617
9.16916916917	0.486321641442	0.546912142087	1.03323378353
9.17917917918	0.430440135636	0.493210628593	0.923650764228
9.18918918919	0.37285647778	0.437558740558	0.810415218338
9.1991991992	0.313798379312	0.380176550339	0.693974929652
9.20920920921	0.253499382261	0.32129097268	0.574790354942
9.21921921922	0.192197935725	0.261134867387	0.453332803111
9.22922922923	0.13013645293	0.199946118497	0.330082571427
9.23923923924	0.0675603526269	0.137966693584	0.20552704621
9.24924924925	0.00471708859304	0.0754416869022	0.0801587754952
9.25925925926	-0.0581448289105	0.012618350183	-0.0455264787275
9.26926926927	-0.120776815858	-0.050254885114	-0.171031700972
9.27927927928	-0.182931197472	-0.112929390208	-0.29586058768
9.28928928929	-0.24436218764	-0.175157322185	-0.419519509825
9.2992992993	-0.304826860859	-0.236692604081	-0.54151946494
9.30930930931	-0.364086112876	-0.297291897979	-0.661378010856
9.31931931932	-0.421905606211	-0.356715567276	-0.778621173486
9.32932932933	-0.478056696828	-0.414728624309	-0.892785321137
9.33933933934	-0.532317338301	-0.47110165961	-1.00341899791
9.34934934935	-0.584472959883	-0.525611749082	-1.11008470896
9.35935935936	-0.634317315011	-0.578043335549	-1.21236065056
9.36936936937	-0.6816532969	-0.628189081162	-1.30984237806
9.37937937938	-0.72629371799	-0.675850687302	-1.40214440529
9.38938938939	-0.768062050171	-0.720839678747	-1.48890172892
9.3993993994	-0.80679312285	-0.762978148983	-1.56977127183
9.40940940941	-0.842333776112	-0.802099463728	-1.64443323984
9.41941941942	-0.874543466381	-0.838048919874	-1.71259238626
9.42942942943	-0.903294822193	-0.870684357258	-1.77397917945
9.43943943944	-0.928474147879	-0.899876720821	-1.8283508687
9.44944944945	-0.949981873168	-0.925510570954	-1.87549244412
9.45945945946	-0.967732946933	-0.947484539994	-1.91521748693
9.46946946947	-0.981657173522	-0.965711733078	-1.9473689066
9.47947947948	-0.991699490339	-0.980120071764	-1.9718195621
9.48948948949	-0.997820185589	-0.990652579064	-1.98847276465
9.4994994995	-0.999995055317	-0.997267604752	-1.99726266007
9.50950950951	-0.99821549912	-0.999938990068	-1.99815448919
9.51951951952	-0.992488554155	-0.998656171165	-1.99114472532
9.52952952953	-0.982836867314	-0.993424220881	-1.9762610882
9.53953953954	-0.969298605666	-0.984263828678	-1.95356243434
9.54954954955	-0.951927305529	-0.971211218827	-1.92313852436
9.55955955956	-0.930791660762	-0.954318007163	-1.88510966793
9.56956956957	-0.90597525112	-0.93365099697	-1.83962624809
9.57957957958	-0.877576211743	-0.909291914812	-1.78686812655
9.58958958959	-0.845706845082	-0.881337087353	-1.72704393243
9.5995995996	-0.81049317681	-0.849897060433	-1.66039023724
9.60960960961	-0.77207445746	-0.815096161924	-1.58717061938
9.61961961962	-0.730602611762	-0.777072010083	-1.50767462185
9.62962962963	-0.686241637869	-0.735974969345	-1.42221660721
9.63963963964	-0.639166958833	-0.691967555716	-1.33113451455
9.64964964965	-0.589564728906	-0.645223794115	-1.23478852302
9.65965965966	-0.537631097403	-0.595928530198	-1.1335596276
9.66966966967	-0.483571433037	-0.544276699399	-1.02784813244
9.67967967968	-0.427599511804	-0.490472556067	-0.918072067871
9.68968968969	-0.369936671614	-0.434728865753	-0.804665537367
9.6996996997	-0.310810937026	-0.377266063841	-0.688077000866
9.70970970971	-0.250456117533	-0.318311383848	-0.56876750138
9.71971971972	-0.189110882978	-0.258097958842	-0.44720884182
9.72972972973	-0.127017819747	-0.19686389953	-0.323881719277
9.73973973974	-0.0644224714728	-0.13485135266	-0.199273824133
9.74974974975	-0.00157236804759	-0.072305543469	-0.0738779115166
9.75975975976	0.0612839532213	-0.00947380594797	0.0518101472733
9.76976976977	0.123897930438	0.0533953952221	0.177293325661
9.77977977978	0.186021960045	0.116053447213	0.302075407258
9.78978978979	0.247410375952	0.178252572174	0.425662948126
9.7997997998	0.307820421017	0.239746807057	0.547567228074
9.80980980981	0.367013207009	0.300292976263	0.667306183272
9.81981981982	0.424754659284	0.359651653266	0.78440631255
9.82982982983	0.480816442417	0.417588107415	0.898404549832
9.83983983984	0.534976863143	0.47387323216	1.0088500953
9.84984984985	0.587021747031	0.528284451045	1.11530619808
9.85985985986	0.636745285425	0.580606597871	1.2173518833
9.86986986987	0.683950849304	0.63063276756	1.31458361686
9.87987987988	0.728451766839	0.678165134353	1.40661690119
9.88988988989	0.770072061578	0.723015734096	1.49308779567
9.8998998999	0.808647148334	0.765007207538	1.57365435587
9.90990990991	0.84402448403	0.803973501687	1.64799798572
9.91991991992	0.876064170921	0.839760526456	1.71582469738
9.92992992993	0.904639509812	0.872226764009	1.77686627382
9.93993993994	0.929637501083	0.901243828377	1.83088132946
9.94994994995	0.95095929154	0.926696973162	1.8776562647
9.95995995996	0.968520565327	0.948485545292	1.91700611062
9.96996996997	0.982251877342	0.966523383045	1.94877526039
9.97997997998	0.992098927861	0.980739156775	1.97283808464
9.98998998999	0.99802277726	0.991076650981	1.98909942824
10.0	1.0	0.997494986604	1.9974949866
