System params: f_X=1, f_Y=1, A_X=1, A_Y=0.5, phi=0.5, dt=0.01, N=1000

t	X	Y	Z
0.0	1.0	0.479425538604	1.4794255386
0.01001001001	0.99802277726	0.533636558828	1.53165933609
0.02002002002	0.992098927861	0.585737342374	1.57783627024
0.03003003003	0.982251877342	0.635521859534	1.61777373688
0.04004004004	0.968520565327	0.68279324015	1.65131380548
0.0500500500501	0.95095929154	0.727364552125	1.67832384367
0.0600600600601	0.929637501083	0.769059540634	1.69869704172
0.0700700700701	0.904639509812	0.80771332512	1.71235283493
0.0800800800801	0.876064170921	0.843173051299	1.71923722222
0.0900900900901	0.84402448403	0.875298495617	1.71932297965
0.1001001001	0.808647148334	0.903962619756	1.71260976809
0.11011011011	0.770072061578	0.929052073	1.69912413458
0.12012012012	0.728451766839	0.950467640474	1.67891940731
0.13013013013	0.683950849304	0.968124635484	1.65207548479
0.14014014014	0.636745285425	0.981953234406	1.61869851983
0.15015015015	0.587021747031	0.9918987528	1.57892049983
0.16016016016	0.534976863143	0.997921861654	1.5328987248
0.17017017017	0.480816442417	0.999998742915	1.48081518533
0.18018018018	0.424754659284	0.998121183667	1.42287584295
0.19019019019	0.367013207009	0.992296608616	1.35930981563
0.2002002002	0.307820421017	0.982548050728	1.29036847174
0.21021021021	0.247410375952	0.968914060143	1.21632443609
0.22022022022	0.186021960045	0.951448551732	1.13747051178
0.23023023023	0.123897930438	0.930220591898	1.05411852234
0.24024024024	0.0612839532213	0.905314125449	0.96659807867
0.25025025025	-0.00157236804758	0.87682764365	0.875255275602
0.26026026026	-0.0644224714728	0.844873794739	0.780451323266
0.27027027027	-0.127017819747	0.80957893847	0.682561118723
0.28028028028	-0.189110882978	0.771082646428	0.58197176345
0.29029029029	-0.250456117533	0.729537150101	0.479081032568
0.3003003003	-0.310810937026	0.685106738888	0.374295801862
0.31031031031	-0.369936671614	0.637967110429	0.268030438815
0.32032032032	-0.427599511804	0.588304675815	0.160705164011
0.33033033033	-0.483571433037	0.536315822435	0.0527443893977
0.34034034034	-0.537631097403	0.482206137375	-0.0554249600279
0.35035035035	-0.589564728906	0.426189594435	-0.163375134471
0.36036036036	-0.639166958833	0.368487707981	-0.270679250852
0.37037037037	-0.686241637869	0.309328656975	-0.376912980893
0.38038038038	-0.730602611762	0.248946382661	-0.481656229101
0.39039039039	-0.77207445746	0.187579663448	-0.584494794012
0.4004004004	-0.81049317681	0.125471170684	-0.685022006126
0.41041041041	-0.845706845082	0.0628665090163	-0.782840336065
0.42042042042	-0.877576211743	1.32451659429e-05	-0.877562966577
0.43043043043	-0.90597525112	-0.0628400710617	-0.968815322182
0.44044044044	-0.930791660762	-0.125444889654	-1.05623655042
0.45045045045	-0.951927305529	-0.18755364327	-1.1394809488
0.46046046046	-0.969298605666	-0.248920726229	-1.2182193319
0.47047047047	-0.982836867314	-0.309303465748	-1.29214033306
0.48048048048	-0.992488554155	-0.368463081575	-1.36095163573
0.49049049049	-0.99821549912	-0.426165630235	-1.42438112935
0.500500500501	-0.999995055317	-0.482182930144	-1.48217798546
0.510510510511	-0.997820185589	-0.536293463946	-1.53411364954
0.520520520521	-0.991699490339	-0.588283254484	-1.57998274482
0.530530530531	-0.981657173522	-0.637946710965	-1.61960388449
0.540540540541	-0.967732946933	-0.685087441959	-1.65282038889
0.550550550551	-0.949981873168	-0.729519032016	-1.67950090518
0.560560560561	-0.928474147879	-0.771065778834	-1.69953992671
0.570570570571	-0.903294822193	-0.809563388069	-1.71285821026
0.580580580581	-0.874543466381	-0.844859623024	-1.71940308941
0.590590590591	-0.842333776112	-0.876814906663	-1.71914868277
0.600600600601	-0.80679312285	-0.905302873557	-1.71209599641
0.610610610611	-0.768062050171	-0.930210869596	-1.69827291977
0.620620620621	-0.72629371799	-0.951440397467	-1.67773411546
0.630630630631	-0.6816532969	-0.96890750616	-1.65056080306
0.640640640641	-0.634317315011	-0.982543122945	-1.61686043796
0.650650650651	-0.584472959883	-0.992293326519	-1.5767662864
0.660660660661	-0.532317338301	-0.998119560234	-1.53043689854
0.670670670671	-0.478056696828	-0.999998784567	-1.47805548139
0.680680680681	-0.421905606211	-0.997923568227	-1.41982917444
0.690690690691	-0.364086112876	-0.991902117544	-1.35598823042
0.700700700701	-0.304826860859	-0.981958244016	-1.28678510488
0.710710710711	-0.24436218764	-0.96813127015	-1.21249345779
0.720720720721	-0.182931197472	-0.950475873959	-1.13340707143
0.730730730731	-0.120776815858	-0.929061872745	-1.0498386886
0.740740740741	-0.0581448289105	-0.903973947009	-0.96211877592
0.750750750751	0.00471708859303	-0.875311305585	-0.870594216992
0.760760760761	0.0675603526269	-0.843187293325	-0.775626940698
0.770770770771	0.13013645293	-0.807728942886	-0.677592489956
0.780780780781	0.192197935725	-0.769076472379	-0.576878536655
0.790790790791	0.253499382261	-0.727382730894	-0.473883348632
0.800800800801	0.313798379312	-0.682812594056	-0.369014214744
0.810810810811	0.37285647778	-0.635542312043	-0.262685834263
0.820820820821	0.430440135636	-0.585758812607	-0.155318676971
0.830830830831	0.486321641442	-0.533658961883	-0.0473373204403
0.840840840841	0.540280014833	-0.479448785889	0.0608312289436
0.850850850851	0.592101880361	-0.423342655812	0.168759224549
0.860860860861	0.641582311285	-0.365562440283	0.276019871002
0.870870870871	0.688525639939	-0.306336628015	0.382189011924
0.880880880881	0.732746231489	-0.245899424253	0.486846807236
0.890890890891	0.774069218016	-0.184489824625	0.589579393392
0.900900900901	0.812331190024	-0.122350670043	0.689980519981
0.910910910911	0.847380842629	-0.0597276864079	0.787653156221
0.920920920921	0.879079573893	0.00313148710701	0.882211061
0.930930930931	0.907302032909	0.0659782773269	0.973280310236
0.940940940941	0.931936615503	0.128564160046	1.06050077555
0.950950950951	0.952885905561	0.190641642804	1.14352754837
0.960960960961	0.970067060258	0.25196524358	1.22203230384
0.970970970971	0.983412137654	0.312292461537	1.29570459919
0.980980980981	0.992868365367	0.371384735981	1.36425310135
0.990990990991	0.998398349262	0.429008389735	1.427406739
1.001001001	0.999980221319	0.484935553202	1.48491577452
1.01101101101	0.99760772611	0.538945065462	1.53655279157
1.02102102102	0.991290245538	0.590823348845	1.58211359438
1.03103103103	0.981052761736	0.640365253508	1.62141801524
1.04104104104	0.966935758276	0.687374868688	1.65431062696
1.05105105105	0.948995060078	0.731666297426	1.6806613575
1.06106106106	0.927301612655	0.773064391683	1.70036600434
1.07107107107	0.901941201561	0.81140544495	1.71334664651
1.08108108108	0.873014113161	0.846537839624	1.71955195279
1.09109109109	0.840634738048	0.878322646565	1.71895738461
1.1011011011	0.804931118695	0.906634174488	1.71156529318
1.11111111111	0.766044443119	0.931360466997	1.69740491012
1.12112112112	0.724128486558	0.952403745319	1.67653223188
1.13113113113	0.679349003377	0.969680794955	1.64902979833
1.14114114114	0.6318830716	0.983123294755	1.61500636636
1.15115115115	0.581918392668	0.992678087087	1.57459647976
1.16116116116	0.529652549179	0.998307388046	1.52795993722
1.17117117117	0.475292223561	0.999988936867	1.47528116043
1.18118118118	0.419052380758	0.997716083957	1.41676846472
1.19119119119	0.361155418163	0.991497817189	1.35265323535
1.2012012012	0.301830286157	0.981358726361	1.28318901252
1.21121121121	0.241311582741	0.967338905954	1.20865048869
1.22122122122	0.179838625827	0.949493796583	1.12933242241
1.23123123123	0.117654506872	0.927893965761	1.04554847263
1.24124124124	0.0550051295842	0.902624828841	0.957629958425
1.25125125125	-0.00786176248947	0.873786311247	0.865924548757
1.26126126126	-0.070697565652	0.841492453325	0.770794887673
1.27127127127	-0.133253799146	0.805870959375	0.672617160229
1.28128128128	-0.195283087756	0.767062692652	0.571779604897
1.29129129129	-0.256540140042	0.725221118333	0.468680978291
1.3013013013	-0.316782718332	0.680511696641	0.363728978309
1.31131131131	-0.375772596633	0.633111228547	0.257338631914
1.32132132132	-0.433276502688	0.583207156617	0.149930653929
1.33133133133	-0.489067040436	0.530996823783	0.0419297833469
1.34134134134	-0.542923589236	0.476686692959	-0.066236896277
1.35135135135	-0.594633176304	0.420491530598	-0.174141645706
1.36136136136	-0.643991318896	0.362633557405	-0.281357761491
1.37137137137	-0.690802832929	0.30334156958	-0.387461263349
1.38138138138	-0.734882604821	0.242850034056	-0.492032570765
1.39139139139	-0.77605632352	0.181398161314	-0.594658162206
1.4014014014	-0.814161169798	0.119228959432	-0.694932210366
1.41141141141	-0.849046460119	0.0565882731306	-0.792458186988
1.42142142142	-0.880574242504	-0.00627618841154	-0.886850430915
1.43143143143	-0.908619842057	-0.0691158311088	-0.977735673165
1.44144144144	-0.933072353983	-0.13168215902	-1.064754513
1.45145145145	-0.953835082157	-0.193727757013	-1.14756283917
1.46146146146	-0.970825921502	-0.255007269153	-1.22583319066
1.47147147147	-0.983977682672	-0.315278368951	-1.29925605162
1.48148148148	-0.993238357742	-0.374302717627	-1.36754107537
1.49149149149	-0.998571325879	-0.431846906615	-1.43041823249
1.5015015015	-0.99995549815	-0.487683380554	-1.4876388787
1.51151151151	-0.997385400923	-0.541591337154	-1.53897673808
1.52152152152	-0.990871197506	-0.593357600339	-1.58422879785
1.53153153153	-0.980438647961	-0.642777463244	-1.62321611121
1.54154154154	-0.966129007238	-0.689655497716	-1.65578450495
1.55155155155	-0.947998862029	-0.733806327122	-1.68180518915
1.56156156156	-0.926119907006	-0.775055359415	-1.70117526642
1.57157157157	-0.900578661304	-0.813239477547	-1.71381813885
1.58158158158	-0.871476126386	-0.848207684502	-1.71968381089
1.59159159159	-0.83892738664	-0.879821700415	-1.71874908705
1.6016016016	-0.803061154282	-0.907956509382	-1.71101766366
1.61161161161	-0.764019260373	-0.932500853834	-1.69652011421
1.62162162162	-0.721956093955	-0.953357674502	-1.67531376846
1.63163163163	-0.677037991524	-0.970444494223	-1.64748248575
1.64164164164	-0.629442579268	-0.983693744101	-1.61313632337
1.65165165165	-0.57935807065	-0.9930530307	-1.57241110135
1.66166166166	-0.526982522129	-0.998485343231	-1.52546786536
1.67167167167	-0.472523049956	-0.99996919991	-1.47249224987
1.68168168168	-0.416195011144	-0.997498732908	-1.41369374405
1.69169169169	-0.358221151852	-0.991083711551	-1.3493048634
1.7017017017	-0.298830726545	-0.980749503691	-1.27958023024
1.71171171171	-0.238258591423	-0.96653697539	-1.20479556681
1.72172172172	-0.176744275691	-0.948502329316	-1.12524660501
1.73173173173	-0.114531034357	-0.926716882494	-1.04124791685
1.74174174174	-0.0518648862921	-0.901266784286	-0.953131670578
1.75175175175	0.0110063586381	-0.872252675717	-0.861246317079
1.76176176176	0.0738340795231	-0.839789291498	-0.765955211975
1.77177177177	0.136369827566	-0.804005006312	-0.667635178745
1.78178178178	0.198366308561	-0.765041327163	-0.566675018602
1.79179179179	0.259578360804	-0.723052333796	-0.463473972992
1.8018018018	0.319763924571	-0.678204069397	-0.358440144826
1.81181181181	0.378684999333	-0.630673883982	-0.251988884649
1.82182182182	0.436108584911	-0.580649733077	-0.144541148167
1.83183183183	0.491807602866	-0.528329434461	-0.0365218315945
1.84184184184	0.54556179447	-0.473919885901	0.0716419085696
1.85185185185	0.597158591703	-0.41763624699	0.179522344712
1.86186186186	0.646393957842	-0.359701088311	0.286692869531
1.87187187187	0.693073194316	-0.300343511289	0.392729683027
1.88188188188	0.737011710631	-0.239798242227	0.497213468404
1.89189189189	0.778035754318	-0.17830470409	0.599731050228
1.9019019019	0.815983098035	-0.116106069722	0.699877028313
1.91191191191	0.850703681078	-0.0534483002313	0.797255380846
1.92192192192	0.882060202795	0.00942082764856	0.891481030443
1.93193193193	0.909928665531	0.0722527013791	0.98218136691
1.94194194194	0.934198864969	0.134798855741	1.06899772071
1.95195195195	0.954774825929	0.196811955378	1.15158678131
1.96196196196	0.971575181895	0.258046772867	1.22962195476
1.97197197197	0.984533496775	0.318261158462	1.30279465524
1.98198198198	0.99359852762	0.377216997658	1.37081552528
1.99199199199	0.998734427259	0.434681152802	1.43341558006
2.002002002	0.999920886057	0.490426385027	1.49034727108
2.01201201201	0.997153212228	0.544232252851	1.54138546508
2.02202202202	0.990442350387	0.595885983903	1.58632833429
2.03203203203	0.979814838271	0.64518331632	1.62499815459
2.04204204204	0.965312701797	0.691929306489	1.65724200829
2.05205205205	0.946993288874	0.735939099939	1.68293238881
2.06206206206	0.92492904262	0.777038662343	1.70196770496
2.07207207207	0.899207214896	0.815065467721	1.71427268262
2.08208208208	0.869929521266	0.849869141145	1.71979866241
2.09209209209	0.837211738773	0.881312053386	1.71852379216
2.1021021021	0.801183248104	0.909269865162	1.71045311327
2.11211211211	0.761986521963	0.93363201883	1.69561854079
2.12212212212	0.719776561664	0.954302175582	1.67407873725
2.13213213213	0.674720284195	0.971198596411	1.64591888061
2.14214214214	0.626995862148	0.98425446534	1.61125032749
2.15215215215	0.576792019149	0.993418153648	1.5702101728
2.16216216216	0.524307283557	0.99865342403	1.52296070759
2.17217217217	0.469749203398	0.999939573894	1.46968877729
2.18218218218	0.413333525626	0.99727151723	1.41060504286
2.19219219219	0.355283342961	0.990659804724	1.34594314768
2.2022022022	0.295828211688	0.980130582031	1.27595879372
2.21221221221	0.235203243879	0.965725486389	1.20092873027
2.22222222222	0.173648177667	0.947501481964	1.12114965963
2.23223223223	0.111406429203	0.925530634586	1.03693706379
2.24224224224	0.0487241300892	0.899899826775	0.948623956864
2.25225225225	-0.0141508459408	0.870710414162	0.856559568221
2.26226226226	-0.076969863222	0.838077824688	0.761107961466
2.27227227227	-0.139484507376	0.802131102149	0.662646594774
2.28228228228	-0.20144756765	0.7630123959	0.56156482825
2.29229229229	-0.2626140145	0.720876398731	0.458262384231
2.3023023023	-0.322741968549	0.675889735146	0.353147766597
2.31231231231	-0.381593657079	0.628230302453	0.246636645375
2.32232232232	-0.438936354296	0.578086567281	0.139150212985
2.33233233233	-0.494543301632	0.525656820297	0.0311135186644
2.34234234234	-0.548194604445	0.471148392075	-0.0770462123693
2.35235235235	-0.599678101582	0.414776833225	-0.184901268357
2.36236236236	-0.648790204361	0.356765062002	-0.292025142359
2.37237237237	-0.69533670165	0.297342482792	-0.397994218858
2.38238238238	-0.739133527863	0.236744078945	-0.502389448917
2.39239239239	-0.780007490838	0.175209483546	-0.604798007292
2.4024024024	-0.817796956717	0.112982031797	-0.70481492492
2.41241241241	-0.852352489117	0.0503077987622	-0.802044690355
2.42242242242	-0.88353744007	-0.0125653737196	-0.89610281379
2.43243243243	-0.911228490388	-0.075388857116	-0.986617347504
2.44244244244	-0.935316137322	-0.137914219387	-1.07323035671
2.45245245245	-0.955705127584	-0.199894207397	-1.15559933498
2.46246246246	-0.972314834025	-0.261083724662	-1.23339855869
2.47247247247	-0.985079574467	-0.321240800573	-1.30632037504
2.48248248248	-0.993948871439	-0.380127547252	-1.37407641869
2.49249249249	-0.998887651789	-0.43751110027	-1.43639875206
2.5025025025	-0.999876385381	-0.493164539495	-1.49304092488
2.51251251251	-0.996911162321	-0.546867786437	-1.54377894876
2.52252252252	-0.990003708422	-0.598408474533	-1.58841218296
2.53253253253	-0.979181338833	-0.647582788943	-1.62676412778
2.54254254254	-0.964486850027	-0.69419627252	-1.65868312255
2.55255255255	-0.945978350556	-0.738064594785	-1.68404294534
2.56256256256	-0.923729031273	-0.779014280851	-1.70274331212
2.57257257257	-0.897826875899	-0.816883397415	-1.71471027331
2.58258258258	-0.868374313094	-0.851522193122	-1.71989650622
2.59259259259	-0.835487811413	-0.882793690741	-1.71828150215
2.6026026026	-0.799297418733	-0.910574228841	-1.70987164757
2.61261261261	-0.759946247989	-0.934753950798	-1.69470019879
2.62262262262	-0.71758991124	-0.955237239221	-1.67282715046
2.63263263263	-0.67239590431	-0.971943094061	-1.64433899837
2.64264264264	-0.624542944437	-0.984805452927	-1.60934839736
2.65265265265	-0.574220263541	-0.993773452322	-1.56799371586
2.66266266266	-0.521626859919	-0.99881162878	-1.5204384887
2.67267267267	-0.466970711319	-0.999900059109	-1.46687077043
2.68268268268	-0.410467952501	-0.99703443917	-1.40750239167
2.69269269269	-0.352342020544	-0.9902261009	-1.34256812144
2.7027027027	-0.292822771277	-0.979501967502	-1.27232473878
2.71271271271	-0.232145570325	-0.964904446976	-1.1970500173
2.72272272272	-0.170550362372	-0.946491264423	-1.1170416268
2.73273273273	-0.10828072231	-0.924335233768	-1.03261595608
2.74274274274	-0.0455828920356	-0.898523969826	-0.944106861862
2.75275275275	0.0172951933006	-0.869159541834	-0.851864348533
2.76276276276	0.0801048857378	-0.836358069821	-0.756253184083
2.77277277277	0.142597807772	-0.80024926542	-0.657651457648
2.78278278278	0.204526834549	-0.760975918929	-0.556449084379
2.79279279279	0.265647071111	-0.718693334655	-0.453046263545
2.8028028028	0.325716820813	-0.673568716774	-0.347851895961
2.81281281281	0.384498541105	-0.625780508126	-0.24128196702
2.82282282282	0.44175978288	-0.575517684576	-0.133757901696
2.83283283283	0.497274109679	-0.52297900772	-0.0257048980414
2.84284284284	0.550821993122	-0.468372238892	0.0824497542307
2.85285285285	0.602191681025	-0.41191331758	0.190278363445
2.86286286286	0.651180034758	-0.353825507513	0.297354527245
2.87287287287	0.697593332546	-0.294338513766	0.403254818779
2.88288288288	0.741248035533	-0.233687574415	0.507560461118
2.89289289289	0.781971513578	-0.172112530292	0.609858983287
2.9029029029	0.819602727906	-0.109856876551	0.709745851355
2.91291291291	0.853992867932	-0.0471667997809	0.806826068151
2.92292292292	0.885005939722	0.015709795527	0.900715735249
2.93293293293	0.912519303774	0.078524267305	0.991043571079
2.94294294294	0.936424159991	0.141028219149	1.07745237914
2.95295295295	0.956625977922	0.20297448259	1.15960046051
2.96296296296	0.97304487058	0.264118094505	1.23716296508
2.97297297297	0.985615910348	0.324217265816	1.30983317616
2.98298298298	0.994289385735	0.383034337625	1.37732372336
2.99299299299	0.999030997955	0.44033672103	1.43936771899
3.003003003	0.999821996562	0.495897816879	1.49571981344
3.01301301301	0.996659253595	0.549497911848	1.54615716544
3.02302302302	0.989555275949	0.600925047283	1.59048032323
3.03303303303	0.978538155914	0.649975857382	1.6285140133
3.04304304304	0.963651460093	0.696456373391	1.66010783348
3.05305305305	0.944954057113	0.740182790642	1.68513684775
3.06306306306	0.922519884832	0.780982195402	1.70350208023
3.07307307307	0.896437657964	0.818693248651	1.71513090662
3.08308308308	0.866810517252	0.853166824084	1.71997734134
3.09309309309	0.833755621609	0.884266597827	1.71802221944
3.1031031031	0.797403684817	0.911869587519	1.70927327234
3.11311311311	0.757898458629	0.935866638643	1.69376509727
3.12312312312	0.715396164307	0.956162856169	1.67155902048
3.13313313313	0.670064874858	0.972677979811	1.64274285467
3.14314314314	0.622083850393	0.985346701413	1.60743055181
3.15315315315	0.571642829258	0.994118923207	1.56576175247
3.16316316316	0.518941277722	0.998959955918	1.51790123364
3.17317317317	0.464187601196	0.999850655948	1.46403825714
3.18318318318	0.407598320109	0.996787501072	1.40438582118
3.19319319319	0.349397213688	0.989782604369	1.33917981806
3.2032032032	0.289814435034	0.97886366632	1.26867810135
3.21321321321	0.229085600998	0.964073865271	1.19315946627
3.22322322322	0.167450860443	0.945471686684	1.11292254713
3.23323323323	0.10515394459	0.92313069186	1.02828463645
3.24324324324	0.0424412031961	0.897139227045	0.939580430241
3.25325325325	-0.0204393696219	0.86760007407	0.847160704448
3.26326326326	-0.0832391160672	0.834630043903	0.751390927836
3.27327327327	-0.145709697966	0.798359514733	0.652649816767
3.28328328328	-0.207604078809	0.758931916389	0.55132783758
3.29329329329	-0.268677500641	0.716503163159	0.447825662519
3.3033033033	-0.328688451945	0.671241037235	0.342552585291
3.31331331331	-0.387399622686	0.623324525226	0.23592490254
3.32332332332	-0.44457884274	0.572943110366	0.128364267626
3.33333333333	-0.5	0.520296023213	0.0202960232132
3.34334334334	-0.55344393452	0.465591453804	-0.0878524807165
3.35335335335	-0.604699305175	0.409045728374	-0.195653576801
3.36336336336	-0.653563425397	0.350882453914	-0.302680971483
3.37337337337	-0.699843064686	0.29133163392	-0.408511430766
3.38338338338	-0.743355212731	0.230628758863	-0.512726453868
3.39339339339	-0.783927803117	0.169013874953	-0.614913928163
3.4034034034	-0.821400393745	0.10673063489	-0.714669758855
3.41341341341	-0.855624801299	0.0440253343499	-0.811599466949
3.42342342342	-0.886465687226	-0.0188540619746	-0.905319749201
3.43343343343	-0.913801092924	-0.0816589009388	-0.995459993863
3.44344344344	-0.937522922021	-0.144140824231	-1.08166374625
3.45345345345	-0.957537367837	-0.206052750493	-1.16359011833
3.46346346346	-0.973765284338	-0.267149852388	-1.24091513673
3.47347347347	-0.986142499113	-0.327190524756	-1.31333302387
3.48348348348	-0.99462006714	-0.385937340033	-1.38055740717
3.49349349349	-0.999164464339	-0.44315798714	-1.44232245148
3.5035035035	-0.999757720139	-0.498626190148	-1.49838391029
3.51351351351	-0.996397488543	-0.552122603073	-1.54852009162
3.52352352352	-0.989097057402	-0.603435677266	-1.59253273467
3.53353353353	-0.977885295874	-0.652362497974	-1.63024779385
3.54354354354	-0.962806540259	-0.69870958675	-1.66151612701
3.55355355355	-0.943920418674	-0.74229366656	-1.68621408523
3.56356356356	-0.921301615256	-0.782942386536	-1.70424400179
3.57357357357	-0.89503957483	-0.820495003531	-1.71553457836
3.58358358358	-0.865238149205	-0.854803017769	-1.72004116697
3.59359359359	-0.832015186492	-0.885730760077	-1.71774594657
3.6036036036	-0.795502065086	-0.913155928385	-1.70865799347
3.61361361361	-0.755843174135	-0.936970071361	-1.6928132455
3.62362362362	-0.713195342561	-0.957079017274	-1.67027435983
3.63363363363	-0.667727218889	-0.973403246394	-1.64113046528
3.64364364364	-0.619618604335	-0.985878205446	-1.60549680978
3.65365365365	-0.569059741792	-0.994454562887	-1.56351430468
3.66366366366	-0.516250563526	-0.999098403976	-1.5153489675
3.67367367367	-0.461399900552	-0.999791364899	-1.46119126545
3.68368368368	-0.404724656828	-0.996530705379	-1.40125536221
3.69369369369	-0.346448951515	-0.989329319516	-1.33577827103
3.7037037037	-0.286803232711	-0.978215684798	-1.26501891751
3.71371371371	-0.22602336616	-0.963233749488	-1.18925711565
3.72372372372	-0.164349702531	-0.944442758831	-1.10879246136
3.73373373373	-0.102026126964	-0.921917020777	-1.02394314774
3.74374374374	-0.0392990946401	-0.895745612127	-0.935044706767
3.75375375375	0.0235833438109	-0.866032026291	-0.842448682481
3.76376376376	0.0863725232145	-0.832893764024	-0.74652124081
3.77377377377	0.148820147184	-0.796461868778	-0.647641721593
3.78378378378	0.210679269996	-0.756880408495	-0.546201138499
3.79379379379	0.27170527312	-0.714305905902	-0.442600632781
3.8038038038	0.331656832556	-0.668906719549	-0.337249886993
3.81381381381	0.39029687313	-0.620862378043	-0.230565504913
3.82382382382	0.447393505998	-0.570362870112	-0.122969364115
3.83383383383	0.502720945639	-0.517607893309	-0.0148869476702
3.84384384384	0.556060402709	-0.462806064312	0.093254338397
3.85385385385	0.607200949233	-0.406174093966	0.201026855267
3.86386386386	0.655940352709	-0.34793593031	0.308004422399
3.87387387387	0.702085875823	-0.288321872988	0.413764002834
3.88388388388	0.745455038618	-0.227567662539	0.51788737608
3.89389389389	0.785876340107	-0.165913548175	0.619962791932
3.9039039039	0.823189936455	-0.103603337731	0.719586598724
3.91391391391	0.85724827308	-0.0408834335363	0.816364839544
3.92392392392	0.887916668148	0.0219981419674	0.909914810115
3.93393393393	0.915073845161	0.084792727018	0.999866572179
3.94394394394	0.938612412544	0.147252003853	1.0858644164
3.95395395395	0.958439288315	0.209128980666	1.16756826898
3.96396396396	0.974476068176	0.270178968328	1.2446550365
3.97397397397	0.986659335554	0.330160547989	1.31681988354
3.98398398398	0.994940912384	0.388836525765	1.38377743815
3.99399399399	0.99928804962	0.445974870698	1.44526292032
4.004004004	0.999683556747	0.501349632321	1.50103318907
4.01401401401	0.996125869751	0.554741834156	1.55086770391
4.02402402402	0.988629057313	0.605940339654	1.59456939697
4.03403403403	0.977222765169	0.654742687114	1.63196545228
4.04404404404	0.96195209888	0.700955890315	1.6629079892
4.05405405405	0.942877445461	0.744397201665	1.68727464713
4.06406406406	0.920074234591	0.784894834866	1.70496906946
4.07407407407	0.893632640323	0.822288644236	1.71592128456
4.08408408408	0.863657224501	0.856430757994	1.7200879825
4.09409409409	0.830266523272	0.887186163013	1.71745268628
4.1041041041	0.793592578344	0.91443323872	1.70802581706
4.11411411411	0.753780414831	0.93806423804	1.69184465287
4.12412412412	0.710987467765	0.957985713475	1.66897318124
4.13413413413	0.665382959521	0.974118886636	1.63950184616
4.14414414414	0.617147230641	0.98639995977	1.60354719041
4.15415415415	0.566471026685	0.994780368042	1.56125139473
4.16416416416	0.513554743939	0.999226971585	1.51278171552
4.17417417417	0.458607636956	0.999722186548	1.4583298235
4.18418418418	0.401846991078	0.99626405463	1.39811104571
4.19419419419	0.343497263182	0.988866250824	1.33236351401
4.2042042042	0.283789194086	0.977558029344	1.26134722343
4.21421421421	0.222958896095	0.962384107934	1.18534300403
4.22422422422	0.161246919305	0.943404491039	1.10465141034
4.23423423423	0.0988973003642	0.920694232519	1.01959153288
4.24424424424	0.036156597441	0.894343138854	0.930499736295
4.25425425425	-0.0267270847755	0.864455414006	0.837728329231
4.26426426426	-0.0895050761925	0.831149247355	0.741644171163
4.27427427427	-0.151929124666	0.79455634632	0.642627221655
4.28428428428	-0.213752377698	0.754821415533	0.541069037835
4.29429429429	-0.274730358608	0.712101584612	0.437371226005
4.3043043043	-0.334621933292	0.6665657868	0.331943853507
4.31431431431	-0.393190263785	0.618394090925	0.225203827139
4.32432432432	-0.450203744818	0.567776989332	0.117573244515
4.33433433433	-0.505436919686	0.514914644591	0.00947772490481
4.34434434434	-0.558671371813	0.460016097962	-0.0986552738513
4.35435435435	-0.609696588459	0.403298442754	-0.206398145706
4.36436436436	-0.658310793188	0.344985965841	-0.313324827346
4.37437437437	-0.704321743776	0.285309260736	-0.419012483039
4.38438438438	-0.747547492428	0.224504315715	-0.523043176713
4.39439439439	-0.787817105279	0.162811580617	-0.625005524662
4.4044044044	-0.824971338339	0.100475016001	-0.724496322339
4.41441441441	-0.85886326722	0.0377411284114	-0.821122138809
4.42442442442	-0.889358868137	-0.0251420044126	-0.91450087255
4.43443443443	-0.916337547898	-0.0879257145509	-1.00426326245
4.44444444444	-0.939692620786	-0.150361727245	-1.09005434803
4.45445445445	-0.959331730437	-0.212203142686	-1.17153487312
4.46446446446	-0.975177215064	-0.273205412369	-1.24838262743
4.47447447447	-0.987166414562	-0.333127306145	-1.32029372071
4.48448448448	-0.995251918294	-0.39173186615	-1.38698378444
4.49449449449	-0.999401752577	-0.448787343848	-1.44818909643
4.5045045045	-0.999599507118	-0.504068116464	-1.50366762358
4.51451451451	-0.995844399907	-0.557355579195	-1.5531999791
4.52452452452	-0.988151280311	-0.608439009675	-1.59659028999
4.53453453453	-0.976550570352	-0.657116401265	-1.63366697162
4.54454454454	-0.961088144404	-0.703195261872	-1.66428340628
4.55455455455	-0.941825147789	-0.746493375155	-1.68831852294
4.56456456456	-0.918837754976	-0.786839521085	-1.70567727606
4.57457457457	-0.892216868357	-0.824074153028	-1.71629102139
4.58458458458	-0.862067758776	-0.858050028663	-1.72011778744
4.59459459459	-0.828509649244	-0.88863279224	-1.71714244148
4.6046046046	-0.791675243475	-0.91570150589	-1.70737674936
4.61461461461	-0.751710201118	-0.939149127859	-1.69085932898
4.62462462462	-0.708772561755	-0.958882935806	-1.66765549756
4.63463463463	-0.663032119939	-0.974824893461	-1.6378570134
4.64464464464	-0.614669753754	-0.986911959224	-1.60158171298
4.65465465465	-0.56387670954	-0.995096335452	-1.55897304499
4.66466466466	-0.510853845621	-0.999345657474	-1.5101995031
4.67467467467	-0.455810838022	-0.999643121579	-1.4554539596
4.68468468468	-0.398965351315	-0.995987551461	-1.39495290278
4.69469469469	-0.340542177879	-0.988393402873	-1.32893558075
4.7047047047	-0.280772348966	-0.976890706462	-1.25766305543
4.71471471471	-0.219892221108	-0.961524949012	-1.18141717012
4.72472472472	-0.158142541449	-0.942356893575	-1.10049943502
4.73473473473	-0.095767495733	-0.91946233918	-1.01522983491
4.74474474474	-0.0330137426761	-0.892931821095	-0.925945563771
4.75475475475	0.0298705614263	-0.862870252806	-0.83299969138
4.76476476476	0.092636744022	-0.829396511147	-0.736759767125
4.77477477477	0.155036599664	-0.792642966205	-0.63760636654
4.78478478478	0.216823371526	-0.752754957868	-0.535931586342
4.79479479479	0.277752727186	-0.709890221091	-0.432137493905
4.8048048048	0.33758372483	-0.664218262138	-0.326634537308
4.81481481481	0.396079766039	-0.615919688281	-0.219839922242
4.82482482482	0.453009531408	-0.565185493598	-0.11217596219
4.83483483483	0.508147895284	-0.512216303695	-0.00406840841071
4.84484484484	0.561276816012	-0.457221582345	0.104055233668
4.85485485485	0.612186198173	-0.400418803176	0.211767394998
4.86486486486	0.66067472339	-0.34203258968	0.31864213371
4.87487487487	0.706550646434	-0.282293826957	0.424256819477
4.88488488488	0.749632553468	-0.221438748686	0.528193804782
4.89489489489	0.78975007944	-0.159708002957	0.630042076484
4.9049049049	0.826744581781	-0.0973457006366	0.729398881145
4.91491491491	0.860469767748	-0.0345984500508	0.825871317697
4.92492492492	0.890792272932	0.0282856182193	0.919077891151
4.93493493493	0.917592188639	0.0910578325543	1.00865002119
4.94494494494	0.940763536065	0.153469963655	1.09423349972
4.95495495495	0.960214685378	0.215275206152	1.17548989153
4.96496496496	0.975868718069	0.276229154583	1.25209787265
4.97497497497	0.98766373112	0.336090769882	1.323754501
4.98498498498	0.995553081795	0.394623332556	1.39017641435
4.99499499499	0.999505572086	0.451595378777	1.45110095086
5.00500500501	0.999505572086	0.506781615693	1.50628718778
5.01501501502	0.995553081795	0.559963812341	1.55551689414
5.02502502503	0.98766373112	0.610931662622	1.59859539374
5.03503503504	0.975868718069	0.659483616952	1.63535233502
5.04504504505	0.960214685378	0.705427679274	1.66564236465
5.05505505506	0.940763536065	0.748582166299	1.68934570236
5.06506506507	0.917592188639	0.788776425961	1.7063686146
5.07507507508	0.890792272932	0.825851512251	1.71664378518
5.08508508509	0.860469767748	0.859660813761	1.72013058151
5.0950950951	0.826744581781	0.890070633454	1.71681521523
5.10510510511	0.78975007944	0.916960717353	1.70671079679
5.11511511512	0.749632553468	0.94022473009	1.68985728356
5.12512512513	0.706550646434	0.959770675393	1.66632132183
5.13513513514	0.66067472339	0.975521259887	1.63619598328
5.14514514515	0.612186198173	0.987414198746	1.59960039692
5.15515515516	0.561276816012	0.99540246199	1.556679278
5.16516516517	0.508147895284	0.999454460469	1.50760235575
5.17517517518	0.453009531408	0.999554170775	1.45256370218
5.18518518519	0.396079766039	0.995701198609	1.39178096465
5.1951951952	0.33758372483	0.987910780339	1.32549450517
5.20520520521	0.277752727186	0.97621372275	1.25396644994
5.21521521522	0.216823371526	0.960656281219	1.17747965274
5.22522522523	0.155036599664	0.941299976799	1.09633657646
5.23523523524	0.092636744022	0.918221352942	1.01085809696
5.24524524525	0.0298705614263	0.891511672807	0.921382234233
5.25525525526	-0.0330137426761	0.861276558367	0.828262815691
5.26526526527	-0.095767495733	0.827635572735	0.731868077002
5.27527527528	-0.158142541449	0.790721747354	0.632579205904
5.28528528529	-0.219892221108	0.750681055933	0.530788834826
5.2952952953	-0.280772348966	0.707671837205	0.426899488239
5.30530530531	-0.340542177879	0.661864168779	0.321321990901
5.31531531532	-0.398965351315	0.613439194584	0.214473843268
5.32532532533	-0.455810838022	0.562588408538	0.106777570516
5.33533533534	-0.510853845621	0.509512897304	-0.00134094831736
5.34534534535	-0.56387670954	0.454422545096	-0.109454164444
5.35535535536	-0.614669753754	0.39753520371	-0.217134550044
5.36536536537	-0.663032119939	0.339075831034	-0.323956288905
5.37537537538	-0.708772561755	0.279275601471	-0.429496960284
5.38538538539	-0.751710201118	0.218370991769	-0.533339209349
5.3953953954	-0.791675243475	0.156602845885	-0.63507239759
5.40540540541	-0.828509649244	0.0942154225851	-0.734294226659
5.41541541542	-0.862067758776	0.0314554295335	-0.830612329243
5.42542542543	-0.892216868357	-0.0314289522992	-0.923645820656
5.43543543544	-0.918837754976	-0.0941890500536	-1.01302680503
5.44544544545	-0.941825147789	-0.156576682345	-1.09840183013
5.45545545546	-0.961088144404	-0.218345140682	-1.17943328509
5.46546546547	-0.976550570352	-0.279250165065	-1.25580073542
5.47547547548	-0.988151280311	-0.339050909896	-1.32720219021
5.48548548549	-0.995844399907	-0.397510896388	-1.3933552963
5.4954954955	-0.999599507118	-0.454398947714	-1.45399845483
5.50550550551	-0.999401752577	-0.509490103174	-1.50889185575
5.51551551552	-0.995251918294	-0.5625665078	-1.55781842609
5.52552552553	-0.987166414562	-0.613418273842	-1.6005846884
5.53553553554	-0.975177215064	-0.661844310764	-1.63702152583
5.54554554555	-0.959331730437	-0.707653120444	-1.66698485088
5.55555555556	-0.939692620786	-0.750663554441	-1.69035617523
5.56556556557	-0.916337547898	-0.790705530338	-1.70704307824
5.57557557558	-0.889358868137	-0.827620704326	-1.71697957246
5.58558558559	-0.85886326722	-0.86126309736	-1.72012636458
5.5955955956	-0.824971338339	-0.891499672434	-1.71647101077
5.60560560561	-0.787817105279	-0.918210860658	-1.70602796594
5.61561561562	-0.747547492428	-0.941291034094	-1.68883852652
5.62562562563	-0.704321743776	-0.960648923457	-1.66497066723
5.63563563564	-0.658310793188	-0.976207979027	-1.63451877221
5.64564564565	-0.609696588459	-0.987906673368	-1.59760326183
5.65565565566	-0.558671371813	-0.99569874463	-1.55437011644
5.66566566567	-0.505436919686	-0.999553379494	-1.50499029918
5.67567567568	-0.450203744818	-0.999455335014	-1.44965907983
5.68568568569	-0.393190263785	-0.995404998903	-1.38859526269
5.6956956957	-0.334621933292	-0.987418387994	-1.32204032129
5.70570570571	-0.274730358608	-0.975527084905	-1.25025744351
5.71571571572	-0.213752377698	-0.959778113145	-1.17353049084
5.72572572573	-0.151929124666	-0.940233751165	-1.09216287583
5.73573573574	-0.0895050761925	-0.916971286078	-1.00647636227
5.74574574575	-0.0267270847755	-0.890082708034	-0.91680979281
5.75575575576	0.036156597441	-0.859674346449	-0.823517749008
5.76576576577	0.0988973003642	-0.825866449532	-0.726969149167
5.77577577578	0.161246919305	-0.788792708766	-0.627545789461
5.78578578579	0.222958896095	-0.74859973024	-0.525640834145
5.7957957958	0.283789194086	-0.705446454894	-0.421657260808
5.80580580581	0.343497263182	-0.659503530004	-0.316006266823
5.81581581582	0.401846991078	-0.610952634362	-0.209105643284
5.82582582583	0.458607636956	-0.559985759836	-0.10137812288
5.83583583584	0.513554743939	-0.506804452154	0.00675029178431
5.84584584585	0.566471026685	-0.451619013898	0.114852012788
5.85585585586	0.617147230641	-0.394647672873	0.222499557768
5.86586586587	0.665382959521	-0.336115719143	0.329267240378
5.87587587588	0.710987467765	-0.276254614127	0.434732853638
5.88588588589	0.753780414831	-0.215301075301	0.538479339531
5.8958958959	0.793592578344	-0.15349614011	0.640096438233
5.90590590591	0.830266523272	-0.091084212803	0.739182310469
5.91591591592	0.863657224501	-0.028312097942	0.835345126559
5.92592592593	0.893632640323	0.0345719755667	0.92820461589
5.93593593594	0.920074234591	0.0973193360829	1.01739357067
5.94594594595	0.942877445461	0.159681852591	1.10255929805
5.95595595596	0.96195209888	0.221412915918	1.1833650148
5.96596596597	0.977222765169	0.282268413941	1.25949117911
5.97597597598	0.988629057313	0.342007696911	1.33063675422
5.98598598599	0.996125869751	0.40039452909	1.39652039884
5.995995996	0.999683556747	0.457198022933	1.45688157968
6.00600600601	0.99928804962	0.512193552122	1.51148160174
6.01601601602	0.994940912384	0.565163639834	1.56010455222
6.02602602603	0.986659335554	0.615898818745	1.6025581543
6.03603603604	0.974476068176	0.664198459357	1.63867452753
6.04604604605	0.958439288315	0.709871563374	1.66831085169
6.05605605606	0.938612412544	0.752737518996	1.69134993154
6.06606606607	0.915073845161	0.79262681514	1.7077006603
6.07607607608	0.887916668148	0.829381711757	1.7172983799
6.08608608609	0.85724827308	0.862856863614	1.72010513669
6.0960960961	0.823189936455	0.892919895048	1.7161098315
6.10610610611	0.785876340107	0.919451923439	1.70532826355
6.11611611612	0.745455038618	0.942348029329	1.68780306795
6.12612612613	0.702085875823	0.961517671314	1.66360354714
6.13613613614	0.655940352709	0.97688504409	1.6328253968
6.14614614615	0.607200949233	0.98838937822	1.59559032745
6.15615615616	0.556060402709	0.995985180442	1.55204558315
6.16616616617	0.502720945639	0.99964241357	1.50236335921
6.17617617618	0.447393505998	0.999346615274	1.44674012127
6.18618618619	0.39029687313	0.995098955274	1.3853958284
6.1961961962	0.331656832556	0.986916230709	1.31857306326
6.20620620621	0.27170527312	0.974830799717	1.24653607284
6.21621621622	0.210679269996	0.958890453476	1.16956972347
6.22622622623	0.148820147184	0.939158227216	1.0879783744
6.23623623624	0.0863725232145	0.91571215095	1.00208467416
6.24624624625	0.0235833438109	0.888644940909	0.91222828472
6.25625625626	-0.0392990946401	0.858063632898	0.818764538258
6.26626626627	-0.102026126964	0.824089159034	0.72206303207
6.27627627628	-0.164349702531	0.78685586952	0.622506166989
6.28628628629	-0.22602336616	0.74651100137	0.52048763521
6.2962962963	-0.286803232711	0.703214096166	0.416410863455
6.30630630631	-0.346448951515	0.657136369158	0.310687417644
6.31631631632	-0.404724656828	0.608460032206	0.203735375378
6.32632632633	-0.461399900552	0.557377573231	0.0959776726783
6.33633633634	-0.516250563526	0.50409099503	-0.0121595684952
6.34634634635	-0.569059741792	0.448811016474	-0.120248725318
6.35635635636	-0.619618604335	0.391756239222	-0.227862365113
6.36636636637	-0.667727218889	0.333152283281	-0.334574935608
6.37637637638	-0.713195342561	0.2732308948	-0.439964447761
6.38638638639	-0.755843174135	0.212229029642	-0.543614144493
6.3963963964	-0.795502065086	0.150387916357	-0.645114148729
6.40640640641	-0.832015186492	0.0879521022558	-0.744063084236
6.41641641642	-0.865238149205	0.0251684863618	-0.840069662843
6.42642642643	-0.89503957483	-0.0377146569394	-0.93275423177
6.43643643644	-0.921301615256	-0.100448659686	-1.02175027494
6.44644644645	-0.943920418674	-0.162785443684	-1.10670586236
6.45645645646	-0.962806540259	-0.224478501521	-1.18728504178
6.46646646647	-0.977885295874	-0.285283871362	-1.26316916724
6.47647647648	-0.989097057402	-0.344961101687	-1.33405815909
6.48648648649	-0.996397488543	-0.403274202144	-1.39967169069
6.4964964965	-0.999757720139	-0.459992576755	-1.45975029689
6.50650650651	-0.999164464339	-0.5148919358	-1.51405640014
6.51651651652	-0.99462006714	-0.567755182758	-1.5623752499
6.52652652653	-0.986142499113	-0.618373272799	-1.60451577191
6.53653653654	-0.973765284338	-0.666546039448	-1.64031132379
6.54654654655	-0.957537367837	-0.712082986125	-1.66962035396
6.55655655656	-0.937522922021	-0.754804039456	-1.69232696148
6.56656656657	-0.913801092924	-0.794540261365	-1.70834135429
6.57657657658	-0.886465687226	-0.83113451713	-1.71760020436
6.58658658659	-0.855624801299	-0.864442096762	-1.72006689806
6.5965965966	-0.821400393745	-0.894331287251	-1.715731681
6.60660660661	-0.783927803117	-0.920683893425	-1.70461169654
6.61661661662	-0.743355212731	-0.943395705339	-1.68675091807
6.62662662663	-0.699843064686	-0.962376910371	-1.66221997506
6.63663663664	-0.653563425397	-0.97755244838	-1.63111587378
6.64664664665	-0.604699305175	-0.988862308529	-1.5935616137
6.65665665666	-0.55344393452	-0.996261766593	-1.54970570111
6.66666666667	-0.5	-0.999721561817	-1.49972156182
6.67667667668	-0.44457884274	-0.999228012631	-1.44380685537
6.68668668669	-0.387399622686	-0.994783070748	-1.38218269343
6.6966966967	-0.328688451945	-0.986404313448	-1.31509276539
6.70670670671	-0.268677500641	-0.97412487407	-1.24280237471
6.71671671672	-0.207604078809	-0.957993310988	-1.1655973898
6.72672672673	-0.145709697966	-0.938073415588	-1.08378311355
6.73673673674	-0.0832391160672	-0.91444396001	-0.997683076077
6.74674674675	-0.0204393696219	-0.887198385649	-0.907637755271
6.75675675676	0.0424412031962	-0.856444433643	-0.814003230446
6.76676676677	0.10515394459	-0.822303718817	-0.717149774227
6.77677677678	0.167450860443	-0.784911248769	-0.617460388326
6.78678678679	0.229085600998	-0.744414889981	-0.515329288983
6.7967967968	0.289814435034	-0.700974783097	-0.411160348063
6.80680680681	0.349397213688	-0.654762709651	-0.305365495963
6.81681681682	0.407598320109	-0.605961412767	-0.198363092658
6.82682682683	0.464187601196	-0.554763874515	-0.0905762733186
6.83683683684	0.518941277722	-0.501372552766	0.0175687249556
6.84684684685	0.571642829258	-0.445998580594	0.125644248665
6.85685685686	0.622083850393	-0.38886093135	0.233222919043
6.86686686687	0.670064874858	-0.330185552754	0.339879322103
6.87687687688	0.715396164307	-0.270204473392	0.445191690915
6.88688688689	0.757898458629	-0.209154885172	0.548743573457
6.8968968969	0.797403684817	-0.147278205362	0.650125479455
6.90690690691	0.833755621609	-0.0848191219182	0.748936499691
6.91691691692	0.866810517252	-0.0220246258812	0.844785891371
6.92692692693	0.896437657964	0.040856965338	0.937294623302
6.93693693694	0.922519884832	0.103576989915	1.02609687475
6.94694694695	0.944954057113	0.165887424933	1.11084148205
6.95695695696	0.963651460093	0.227541867173	1.19119332727
6.96696696697	0.978538155914	0.288296507506	1.26683466342
6.97697697698	0.989555275949	0.347911095017	1.33746637097
6.98698698699	0.996659253595	0.406149887072	1.40280914067
6.996996997	0.999821996562	0.462782581542	1.4626045781
7.00700700701	0.999030997955	0.517585227524	1.51661622548
7.01701701702	0.994289385735	0.570341110943	1.56463049668
7.02702702703	0.985615910348	0.620841611535	1.60645752188
7.03703703704	0.97304487058	0.668887027823	1.6419318984
7.04704704705	0.956625977922	0.714287366827	1.67091334475
7.05705705706	0.936424159991	0.756863095383	1.69328725537
7.06706706707	0.912519303774	0.796445850092	1.70896515387
7.07707707708	0.885005939722	0.832879103111	1.71788504283
7.08708708709	0.853992867932	0.866018781126	1.72001164906
7.0970970971	0.819602727906	0.895733835086	1.71533656299
7.10710710711	0.781971513578	0.921906758432	1.70387827201
7.11711711712	0.741248035533	0.944434051765	1.6856820873
7.12712712713	0.697593332546	0.963226632131	1.66081996468
7.13713713714	0.651180034758	0.978210185297	1.62939022005
7.14714714715	0.602191681025	0.989325459618	1.59151714064
7.15715715716	0.550821993122	0.996528500347	1.54735049347
7.16716716717	0.497274109679	0.999790823453	1.49706493313
7.17717717718	0.44175978288	0.999099528258	1.44085931114
7.18718718719	0.384498541105	0.994457348449	1.37895588955
7.1971971972	0.325716820813	0.985882641275	1.31159946209
7.20720720721	0.265647071111	0.973409314947	1.23905638606
7.21721721722	0.204526834549	0.957086694555	1.1616135291
7.22722722723	0.142597807772	0.936979327009	1.07957713478
7.23723723724	0.0801048857378	0.9131667258	0.993271611538
7.24724724725	0.0172951933006	0.885743056561	0.903038249861
7.25725725726	-0.0455828920356	0.854816764695	0.80923387266
7.26726726727	-0.10828072231	0.820510146539	0.712229424229
7.27727727728	-0.170550362372	0.782958865744	0.612408503371
7.28728728729	-0.232145570325	0.742311416801	0.510165846476
7.2972972973	-0.292822771277	0.698728537832	0.405905766555
7.30730730731	-0.352342020544	0.652382574955	0.300040554411
7.31731731732	-0.410467952501	0.603456800755	0.192988848254
7.32732732733	-0.466970711319	0.552144689536	0.0851739782171
7.33733733734	-0.521626859919	0.498649152246	-0.0229777076725
7.34734734735	-0.574220263541	0.443181734071	-0.13103852947
7.35735735736	-0.624542944437	0.38596177789	-0.238581166547
7.36736736737	-0.67239590431	0.327215556902	-0.345180347408
7.37737737738	-0.71758991124	0.267175379835	-0.450414531405
7.38738738739	-0.759946247989	0.206078672294	-0.553867575695
7.3973973974	-0.799297418733	0.144167037879	-0.655130380854
7.40740740741	-0.835487811413	0.0816853027732	-0.75380250864
7.41741741742	-0.868374313094	0.0188805475911	-0.849493765503
7.42742742743	-0.897826875899	-0.0439988696872	-0.941825745586
7.43743743744	-0.923729031273	-0.106704295834	-1.03043332711
7.44744744745	-0.945978350556	-0.168987765661	-1.11496611622
7.45745745746	-0.964486850027	-0.230602982581	-1.19508983261
7.46746746747	-0.979181338833	-0.29130629258	-1.27048763141
7.47747747748	-0.990003708422	-0.350857647727	-1.34086135615
7.48748748749	-0.996911162321	-0.409021555435	-1.40593271776
7.4974974975	-0.999876385381	-0.465568009703	-1.46544439508
7.50750750751	-0.998887651789	-0.520273400659	-1.51916105245
7.51751751752	-0.993948871439	-0.572921398818	-1.56687027026
7.52752752753	-0.985079574467	-0.623303810541	-1.60838338501
7.53753753754	-0.972314834025	-0.671221401329	-1.64353623535
7.54754754755	-0.955705127584	-0.71648468368	-1.67218981126
7.55755755756	-0.935316137322	-0.758914666414	-1.69423080374
7.56756756757	-0.911228490388	-0.798343562476	-1.70957205286
7.57757757758	-0.88353744007	-0.834615452446	-1.71815289252
7.58758758759	-0.852352489117	-0.867586901113	-1.71993939023
7.5975975976	-0.817796956717	-0.897127524682	-1.7149244814
7.60760760761	-0.780007490838	-0.923120506366	-1.7031279972
7.61761761762	-0.739133527863	-0.945463058338	-1.6845965862
7.62762762763	-0.69533670165	-0.964066828192	-1.65940352984
7.63763763764	-0.648790204361	-0.978858248336	-1.6276484527
7.64764764765	-0.599678101582	-0.989778826905	-1.58945692849
7.65765765766	-0.548194604445	-0.996785379067	-1.54497998351
7.66766766767	-0.494543301632	-0.999850197793	-1.49439349943
7.67767767768	-0.438936354296	-0.998961163424	-1.43789751772
7.68768768769	-0.381593657079	-0.994121791599	-1.37571544868
7.6976976977	-0.322741968549	-0.985351219349	-1.3080931879
7.70770770771	-0.2626140145	-0.972684129424	-1.23529814392
7.71771771772	-0.20144756765	-0.956170613142	-1.15761818079
7.72772772773	-0.139484507376	-0.9358759723	-1.07536047968
7.73773773774	-0.076969863222	-0.911880460951	-0.988850324173
7.74774774775	-0.0141508459408	-0.884278968036	-0.898429813977
7.75775775776	0.0487241300892	-0.853180642153	-0.804456512064
7.76776776777	0.111406429203	-0.818708459937	-0.707302030733
7.77777777778	0.173648177667	-0.780998739752	-0.607350562085
7.78778778779	0.235203243879	-0.740200602632	-0.504997358753
7.7977977978	0.295828211688	-0.696475382586	-0.400647170898
7.80780780781	0.355283342961	-0.649995988611	-0.294712645649
7.81781781782	0.413333525626	-0.600946220937	-0.187612695312
7.82782782783	0.469749203398	-0.549520044197	-0.0797708407989
7.83783783784	0.524307283557	-0.495920820403	0.0283864631545
7.84784784785	0.576792019149	-0.440360504762	0.136431514387
7.85785785786	0.626995862148	-0.383058807514	0.243937054634
7.86786786787	0.674720284195	-0.324242325096	0.350477959099
7.87787787788	0.719776561664	-0.264143644082	0.455632917582
7.88788788789	0.761986521963	-0.203000421428	0.558986100534
7.8978978979	0.801183248104	-0.141054444676	0.660128803428
7.90790790791	0.837211738773	-0.0785506758126	0.75866106296
7.91791791792	0.869929521266	-0.0157362825843	0.854193238681
7.92792792793	0.899207214896	0.0471403389155	0.946347553811
7.93793793794	0.92492904262	0.109830546515	1.03475958914
7.94794794795	0.946993288874	0.172086435207	1.11907972408
7.95795795796	0.965312701797	0.233661817472	1.19897451927
7.96796796797	0.979814838271	0.29431319682	1.27412803509
7.97797797798	0.990442350387	0.353800730678	1.34424308106
7.98798798799	0.997153212228	0.411889178835	1.40904239106
7.997997998	0.999920886057	0.468348833692	1.46826971975
8.00800800801	0.998734427259	0.52295642862	1.52169085588
8.01801801802	0.99359852762	0.575496020863	1.56909454848
8.02802802803	0.984533496775	0.625759845468	1.61029334224
8.03803803804	0.971575181895	0.673549136882	1.64512431878
8.04804804805	0.954774825929	0.718674914956	1.67344974088
8.05805805806	0.934198864969	0.760958732261	1.69515759723
8.06806806807	0.909928665531	0.800233379748	1.71016204528
8.07807807808	0.882060202795	0.836343547964	1.71840375076
8.08808808809	0.850703681078	0.869146441218	1.7198501223
8.0980980981	0.815983098035	0.898512342256	1.71449544029
8.10810810811	0.778035754318	0.924325125225	1.70236087954
8.11811811812	0.737011710631	0.946482714881	1.68349442551
8.12812812813	0.693073194316	0.964897490244	1.65797068456
8.13813813814	0.646393957842	0.979496631089	1.62589058893
8.14814814815	0.597158591703	0.990222405909	1.58738099761
8.15815815816	0.54556179447	0.997032400213	1.54259419468
8.16816816817	0.491807602866	0.999899684249	1.49170728712
8.17817817818	0.436108584911	0.998812919499	1.43492150441
8.18818818819	0.378684999333	0.993776403515	1.37246140285
8.1981981982	0.319763924571	0.984810052925	1.3045739775
8.20820820821	0.259578360804	0.971949324673	1.23152768548
8.21821821822	0.198366308561	0.955245075808	1.15361138437
8.22822822823	0.136369827566	0.934763362372	1.07113318994
8.23823823824	0.0738340795231	0.910585178183	0.984419257706
8.24824824825	0.0110063586381	0.882806134553	0.893812493191
8.25825825826	-0.0518648862921	0.851536082196	0.799671195903
8.26826826827	-0.114531034357	0.816898676827	0.70236764247
8.27827827828	-0.176744275691	0.779030890179	0.602286614488
8.28828828829	-0.238258591423	0.73808246835	0.499823876927
8.2982982983	-0.298830726545	0.69421533964	0.395384613094
8.30830830831	-0.358221151852	0.647602974219	0.289381822366
8.31831831832	-0.416195011144	0.598429698144	0.182234686999
8.32832832833	-0.472523049956	0.546889964454	0.0743669144978
8.33833833834	-0.526982522129	0.493187584217	-0.0337949379123
8.34834834835	-0.57935807065	0.437534920567	-0.141823150083
8.35835835836	-0.629442579268	0.380152048929	-0.249290530339
8.36836836837	-0.677037991524	0.321265886739	-0.355772104784
8.37837837838	-0.721956093955	0.261109296116	-0.460846797838
8.38838838839	-0.764019260373	0.199920163017	-0.564099097356
8.3983983984	-0.803061154282	0.137940456534	-0.665120697748
8.40840840841	-0.83892738664	0.0754152720356	-0.763512114604
8.41841841842	-0.871476126386	0.0125918619557	-0.85888426443
8.42842842843	-0.900578661304	-0.0502813419557	-0.95086000326
8.43843843844	-0.926119907006	-0.112955711042	-1.03907561805
8.44844844845	-0.947998862029	-0.175183402927	-1.12318226496
8.45845845846	-0.966129007238	-0.236718341596	-1.20284734883
8.46846846847	-0.980438647961	-0.29731719049	-1.27775583845
8.47847847848	-0.990871197506	-0.356740314764	-1.34761151227
8.48848848849	-0.997385400923	-0.414752728913	-1.41213812984
8.4984984985	-0.99995549815	-0.471125026008	-1.47108052416
8.50850850851	-0.998571325879	-0.525634284874	-1.52420561075
8.51851851852	-0.993238357742	-0.578064951618	-1.57130330936
8.52852852853	-0.983977682672	-0.628209692028	-1.6121873747
8.53853853854	-0.970825921502	-0.675870211461	-1.64669613296
8.54854854855	-0.953835082157	-0.720858038992	-1.67469312115
8.55855855856	-0.933072353983	-0.762995272709	-1.69606762669
8.56856856857	-0.908619842057	-0.80211528322	-1.71073512528
8.57857857858	-0.880574242504	-0.838063372575	-1.71863761508
8.58858858859	-0.849046460119	-0.870697386015	-1.71974384613
8.5985985986	-0.814161169798	-0.899888274114	-1.71404944391
8.60860860861	-0.77605632352	-0.925520603095	-1.70157692661
8.61861861862	-0.734882604821	-0.947493011311	-1.68237561613
8.62862862863	-0.690802832929	-0.965718610072	-1.656521443
8.63863863864	-0.643991318896	-0.980125327242	-1.62411664614
8.64864864865	-0.594633176304	-0.990656192242	-1.58528936855
8.65865865866	-0.542923589236	-0.997269561341	-1.54019315058
8.66866866867	-0.489067040436	-0.999939282332	-1.48900632277
8.67867867868	-0.433276502688	-0.998654797948	-1.43193130064
8.68868868869	-0.375772596633	-0.993421187613	-1.36919378425
8.6986986987	-0.316782718332	-0.984259147354	-1.30104186569
8.70870870871	-0.256540140042	-0.97120490796	-1.227745048
8.71871871872	-0.195283087756	-0.954310091708	-1.14959317946
8.72872872873	-0.133253799146	-0.933641508228	-1.06689530737
8.73873873874	-0.070697565652	-0.909280890306	-0.979978455958
8.74874874875	-0.00786176248947	-0.881324570679	-0.889186333168
8.75875875876	0.0550051295842	-0.849883101087	-0.794877971503
8.76876876877	0.117654506872	-0.815080815109	-0.697426308237
8.77877877878	0.179838625827	-0.777055336486	-0.597216710659
8.78878878879	0.241311582741	-0.7359570349	-0.494645452159
8.7987987988	0.301830286157	-0.691948431345	-0.390118145188
8.80880880881	0.361155418163	-0.645203555444	-0.284048137281
8.81881881882	0.419052380758	-0.59590725726	-0.176854876501
8.82882882883	0.475292223561	-0.544254476316	-0.0689622527552
8.83883883884	0.529652549179	-0.490449470719	0.0392030784597
8.84884884885	0.581918392668	-0.43470500943	0.147213383238
8.85885885886	0.6318830716	-0.377241530882	0.254641540719
8.86886886887	0.679349003377	-0.318286271267	0.36106273211
8.87887887888	0.724128486558	-0.258072365945	0.466056120613
8.88888888889	0.766044443119	-0.196837927523	0.569206515596
8.8988988989	0.804931118695	-0.134825104248	0.670106014447
8.90890890891	0.840634738048	-0.0722791224494	0.768355615599
8.91891891892	0.873014113161	-0.00944731680157	0.86356679636
8.92892892893	0.901941201561	0.0534218477455	0.955363049307
8.93893893894	0.927301612655	0.116079758508	1.04338137116
8.94894894895	0.948995060078	0.178278638195	1.12727369827
8.95895895896	0.966935758276	0.239772524726	1.206708283
8.96896896897	0.981052761736	0.300318243881	1.28137100562
8.97897897898	0.991290245538	0.359676370915	1.35096661645
8.98898898899	0.99760772611	0.417612177349	1.41521990346
8.998998999	0.999980221319	0.473896559197	1.47387678052
9.00900900901	0.998398349262	0.528306942938	1.5267052922
9.01901901902	0.992868365367	0.580628165678	1.57349653105
9.02902902903	0.983412137654	0.630653325992	1.61406546365
9.03903903904	0.970067060258	0.678184602113	1.64825166237
9.04904904905	0.952885905561	0.7230340342	1.67591993976
9.05905905906	0.931936615503	0.765024267619	1.69696088312
9.06906906907	0.907302032909	0.803989254281	1.71129128719
9.07907907908	0.879079573893	0.839774909272	1.71885448316
9.08908908909	0.847380842629	0.872239720169	1.7196205628
9.0990990991	0.812331190024	0.901255306648	1.71358649667
9.10910910911	0.774069218016	0.926706928154	1.70077614617
9.11911911912	0.732746231489	0.948493937637	1.68124016913
9.12912912913	0.688525639939	0.966530179557	1.6550558195
9.13913913914	0.641582311285	0.980744330577	1.62232664186
9.14914914915	0.592101880361	0.991080181613	1.58318206197
9.15915915916	0.540280014833	0.997496860106	1.53777687494
9.16916916917	0.486321641442	0.99996899165	1.48629063309
9.17917917918	0.430440135636	0.998486800335	1.42892693597
9.18918918919	0.37285647778	0.993056147407	1.36591262519
9.1991991992	0.313798379312	0.983698508086	1.2974968874
9.20920920921	0.253499382261	0.970450886647	1.22395026891
9.21921921922	0.192197935725	0.953365670086	1.14556360581
9.22922922923	0.13013645293	0.932510420961	1.06264687389
9.23923923924	0.0675603526269	0.907967610218	0.975527962845
9.24924924925	0.00471708859304	0.879834291064	0.884551379657
9.25925925926	-0.0581448289105	0.848221715174	0.790076886264
9.26926926927	-0.120776815858	0.813254892758	0.6924780769
9.27927927928	-0.182931197472	0.775072098208	0.592140900735
9.28928928929	-0.24436218764	0.733824323303	0.489462135663
9.2992992993	-0.304826860859	0.68967468012	0.384847819261
9.30930930931	-0.364086112876	0.642797756016	0.27871164314
9.31931931932	-0.421905606211	0.593378923232	0.171473317021
9.32932932933	-0.478056696828	0.541613605847	0.0635569090196
9.33933933934	-0.532317338301	0.487706506988	-0.0446108313135
9.34934934935	-0.584472959883	0.431870799336	-0.152602160547
9.35935935936	-0.634317315011	0.374327282155	-0.259990032856
9.36936936937	-0.6816532969	0.315303508145	-0.366349788755
9.37937937938	-0.72629371799	0.255032883603	-0.471260834388
9.38938938939	-0.768062050171	0.193753745427	-0.574308304745
9.3993993994	-0.80679312285	0.131708418628	-0.675084704222
9.40940940941	-0.842333776112	0.0691422580686	-0.773191518043
9.41941941942	-0.874543466381	0.00630267821948	-0.868240788161
9.42942942943	-0.903294822193	-0.056561825227	-0.95985664742
9.43943943944	-0.928474147879	-0.119202658019	-1.0476768059
9.44944944945	-0.949981873168	-0.1813721104	-1.13135398357
9.45945945946	-0.967732946933	-0.242824336658	-1.21055728359
9.46946946947	-0.981657173522	-0.303316327316	-1.28497350084
9.47947947948	-0.991699490339	-0.362608870095	-1.35430836043
9.48948948949	-0.997820185589	-0.420467495866	-1.41828768146
9.4994994995	-0.999995055317	-0.47666340585	-1.47665846117
9.50950950951	-0.99821549912	-0.530974376383	-1.5291898755
9.51951951952	-0.992488554155	-0.583185637694	-1.57567419185
9.52952952953	-0.982836867314	-0.633090723196	-1.61592759051
9.53953953954	-0.969298605666	-0.68049228595	-1.64979089162
9.54954954955	-0.951927305529	-0.72520287906	-1.67713018459
9.55955955956	-0.930791660762	-0.767045696924	-1.69783735769
9.56956956957	-0.90597525112	-0.805855274399	-1.71183052552
9.57957957958	-0.877576211743	-0.841478141128	-1.71905435287
9.58958958959	-0.845706845082	-0.873773428425	-1.71948027351
9.5995995996	-0.81049317681	-0.902613426339	-1.71310660315
9.60960960961	-0.77207445746	-0.927884088669	-1.69995854613
9.61961961962	-0.730602611762	-0.94948548396	-1.68008809572
9.62962962963	-0.686241637869	-0.967332190671	-1.65357382854
9.63963963964	-0.639166958833	-0.981353634974	-1.62052059381
9.64964964965	-0.589564728906	-0.991494369831	-1.58105909874
9.65965965966	-0.537631097403	-0.997714294261	-1.53534539166
9.66966966967	-0.483571433037	-0.999988811909	-1.48356024495
9.67967967968	-0.427599511804	-0.998308928322	-1.42590844013
9.68968968969	-0.369936671614	-0.992681286505	-1.36261795812
9.6996996997	-0.310810937026	-0.983128140664	-1.29393907769
9.70970970971	-0.250456117533	-0.96968726819	-1.22014338572
9.71971971972	-0.189110882978	-0.952411820283	-1.14152270326
9.72972972973	-0.127017819747	-0.931370111759	-1.05838793151
9.73973973974	-0.0644224714728	-0.906645350907	-0.97106782238
9.74974974975	-0.00157236804759	-0.878335310446	-0.879907678494
9.75975975976	0.0612839532213	-0.846551940887	-0.785267987666
9.76976976977	0.123897930438	-0.811420927833	-0.687522997395
9.77977977978	0.186021960045	-0.773081194959	-0.587059234914
9.78978978979	0.247410375952	-0.731684354649	-0.484273978697
9.7997997998	0.307820421017	-0.68739410845	-0.379573687433
9.80980980981	0.367013207009	-0.640385599726	-0.273372392717
9.81981981982	0.424754659284	-0.590844721063	-0.166090061779
9.82982982983	0.480816442417	-0.538967379164	-0.0581509367466
9.83983983984	0.534976863143	-0.484958720148	0.0500181429946
9.84984984985	0.587021747031	-0.429032318315	0.157989428716
9.85985985986	0.636745285425	-0.371409331569	0.265335953856
9.86986986987	0.683950849304	-0.312317626872	0.371633222432
9.87987987988	0.728451766839	-0.251990879146	0.476460887692
9.88988988989	0.770072061578	-0.190667647229	0.579404414349
9.8998998999	0.808647148334	-0.128590430495	0.680056717839
9.90990990991	0.84402448403	-0.0660047099148	0.778019774115
9.91991991992	0.876064170921	-0.00315797730791	0.872906193613
9.92992992993	0.904639509812	0.059701243348	0.96434075316
9.93993993994	0.929637501083	0.122324378692	1.05196187977
9.94994994995	0.95095929154	0.18446378895	1.13542308049
9.95995995996	0.968520565327	0.245873747211	1.21439431254
9.96996996997	0.982251877342	0.306311411145	1.28856328849
9.97997997998	0.992098927861	0.365537783303	1.35763671116
9.98998998999	0.99802277726	0.423318656227	1.42134143349
10.0	1.0	0.479425538604	1.4794255386
