System params: f_X=1, f_Y=1, A_X=1, A_Y=1, phi=2, dt=0.01, N=1000

t	X	Y	Z
0.0	1.0	0.909297426826	1.90929742683
0.01001001001	0.99802277726	0.881343345458	1.87936612272
0.02002002002	0.992098927861	0.849904039882	1.84200296774
0.03003003003	0.982251877342	0.815103835117	1.79735571246
0.04004004004	0.968520565327	0.777080346677	1.745600912
0.0500500500501	0.95095929154	0.735983936373	1.68694322791
0.0600600600601	0.929637501083	0.691977117719	1.6216146188
0.0700700700701	0.904639509812	0.645233913281	1.54987342309
0.0800800800801	0.876064170921	0.595939166511	1.47200333743
0.0900900900901	0.84402448403	0.544287810798	1.38831229483
0.1001001001	0.808647148334	0.490484098612	1.29913124695
0.11011011011	0.770072061578	0.4347407938	1.20481285538
0.12012012012	0.728451766839	0.377278330221	1.10573009706
0.13013013013	0.683950849304	0.318323940055	1.00227478936
0.14014014014	0.636745285425	0.258110755223	0.894856040648
0.15015015015	0.587021747031	0.196876885482	0.783898632513
0.16016016016	0.534976863143	0.134864476831	0.669841339974
0.17017017017	0.480816442417	0.0723187539597	0.553135196377
0.18018018018	0.424754659284	0.00948705051867	0.434241709803
0.19019019019	0.367013207009	-0.0533821689464	0.313631038063
0.2002002002	0.307820421017	-0.116040291535	0.191780129482
0.21021021021	0.247410375952	-0.178239539117	0.069170836835
0.22022022022	0.186021960045	-0.239733948159	-0.0537119881148
0.23023023023	0.123897930438	-0.300280342374	-0.176382411936
0.24024024024	0.0612839532213	-0.359639294347	-0.298355341126
0.25025025025	-0.00157236804758	-0.417576072338	-0.419148440386
0.26026026026	-0.0644224714728	-0.473861568517	-0.53828403999
0.27027027027	-0.127017819747	-0.52827320496	-0.655291024706
0.28028028028	-0.189110882978	-0.580595813815	-0.769706696792
0.29029029029	-0.250456117533	-0.630622488178	-0.881078605711
0.3003003003	-0.310810937026	-0.678155400295	-0.98896633732
0.31031031031	-0.369936671614	-0.723006583854	-1.09294325547
0.32032032032	-0.427599511804	-0.764998677297	-1.1925981891
0.33033033033	-0.483571433037	-0.803965625178	-1.28753705822
0.34034034034	-0.537631097403	-0.839753334828	-1.37738443223
0.35035035035	-0.589564728906	-0.872220285699	-1.46178501461
0.36036036036	-0.639166958833	-0.901238089004	-1.54040504784
0.37037037037	-0.686241637869	-0.926691995423	-1.61293363329
0.38038038038	-0.730602611762	-0.94848134887	-1.67908396063
0.39039039039	-0.77207445746	-0.966519984535	-1.73859444199
0.4004004004	-0.81049317681	-0.980736569616	-1.79122974643
0.41041041041	-0.845706845082	-0.991074885403	-1.83678173048
0.42042042042	-0.877576211743	-0.997494049591	-1.87507026133
0.43043043043	-0.90597525112	-0.999968677943	-1.90594392906
0.44044044044	-0.930791660762	-0.998488984677	-1.92928064544
0.45045045045	-0.951927305529	-0.993060821161	-1.94498812669
0.46046046046	-0.969298605666	-0.983705652769	-1.95300425843
0.47047047047	-0.982836867314	-0.970460474006	-1.95329734132
0.48048048048	-0.992488554155	-0.953377662208	-1.94586621636
0.49049049049	-0.99821549912	-0.932524770425	-1.93074026954
0.500500500501	-0.999995055317	-0.907984260279	-1.9079793156
0.510510510511	-0.997820185589	-0.879853175879	-1.87767336147
0.520520520521	-0.991699490339	-0.848242760066	-1.8399422504
0.530530530531	-0.981657173522	-0.813278014505	-1.79493518803
0.540540540541	-0.967732946933	-0.775097205376	-1.74283015231
0.550550550551	-0.949981873168	-0.733851316608	-1.68383318978
0.560560560561	-0.928474147879	-0.689703452818	-1.6181776007
0.570570570571	-0.903294822193	-0.642828194327	-1.54612301652
0.580580580581	-0.874543466381	-0.59341090679	-1.46795437317
0.590590590591	-0.842333776112	-0.541647008174	-1.38398078429
0.600600600601	-0.80679312285	-0.487741195996	-1.29453431885
0.610610610611	-0.768062050171	-0.431906637851	-1.19996868802
0.620620620621	-0.72629371799	-0.374364128454	-1.10065784644
0.630630630631	-0.6816532969	-0.315341216521	-0.996994513421
0.640640640641	-0.634317315011	-0.255071304941	-0.889388619951
0.650650650651	-0.584472959883	-0.193792727791	-0.778265687674
0.660660660661	-0.532317338301	-0.131747807866	-0.664065146167
0.670670670671	-0.478056696828	-0.0691818984173	-0.547238595245
0.680680680681	-0.421905606211	-0.0063424129231	-0.428248019134
0.690690690691	-0.364086112876	0.0565221532972	-0.307563959579
0.700700700701	-0.304826860859	0.119163205744	-0.185663655115
0.710710710711	-0.24436218764	0.18133303379	-0.0630291538495
0.720720720721	-0.182931197472	0.242785790241	0.0598545927687
0.730730730731	-0.120776815858	0.303278463521	0.182501647663
0.740740740741	-0.0581448289105	0.362571838652	0.304427009742
0.750750750751	0.00471708859303	0.420431443215	0.425148531808
0.760760760761	0.0675603526269	0.476628474558	0.544188827185
0.770770770771	0.13013645293	0.530940704585	0.661077157514
0.780780780781	0.192197935725	0.583153358542	0.775351294267
0.790790790791	0.253499382261	0.633059964337	0.886559346599
0.800800800801	0.313798379312	0.680463169018	0.994261548331
0.810810810811	0.37285647778	0.725175519197	1.09803199698
0.820820820821	0.430440135636	0.767020202322	1.19746033796
0.830830830831	0.486321641442	0.805831745876	1.29215338732
0.840840840841	0.540280014833	0.841456671725	1.38173668656
0.850850850851	0.592101880361	0.873754103043	1.4658559834
0.860860860861	0.641582311285	0.902596321398	1.54417863268
0.870870870871	0.688525639939	0.927869271811	1.61639491175
0.880880880881	0.732746231489	0.949473013776	1.68221924526
0.890890890891	0.774069218016	0.967322116474	1.74139133449
0.900900900901	0.812331190024	0.981345996602	1.79367718663
0.910910910911	0.847380842629	0.99148919749	1.83887004012
0.920920920921	0.879079573893	0.997711608404	1.8767911823
0.930930930931	0.907302032909	0.999988623158	1.90729065607
0.940940940941	0.931936615503	0.998311237422	1.93024785292
0.950950950951	0.952885905561	0.992686084326	1.94557198989
0.960960960961	0.970067060258	0.983135408232	1.95320246849
0.970970970971	0.983412137654	0.969696976768	1.95310911442
0.980980980981	0.992868365367	0.952423931477	1.94529229684
0.990990990991	0.998398349262	0.931384577677	1.92978292694
1.001001001	0.999980221319	0.906662114343	1.90664233566
1.01101101101	0.99760772611	0.878354305111	1.87596203122
1.02102102102	0.991290245538	0.846573091668	1.83786333721
1.03103103103	0.981052761736	0.811444151089	1.79249691283
1.04104104104	0.966935758276	0.773106398856	1.74004215713
1.05105105105	0.948995060078	0.731711439519	1.6807064996
1.06106106106	0.927301612655	0.687422967188	1.61472457984
1.07107107107	0.901941201561	0.640416118211	1.54235731977
1.08108108108	0.873014113161	0.590876778612	1.46389089177
1.09109109109	0.840634738048	0.539000849006	1.37963558705
1.1011011011	0.804931118695	0.48499346993	1.28992458863
1.11111111111	0.766044443119	0.429068210619	1.19511265374
1.12112112112	0.724128486558	0.371446224463	1.09557471102
1.13113113113	0.679349003377	0.312355374463	0.99170437784
1.14114114114	0.6318830716	0.252029332165	0.883912403766
1.15115115115	0.581918392668	0.190706653614	0.772625046282
1.16116116116	0.529652549179	0.128629835999	0.658282385178
1.17117117117	0.475292223561	0.0660443587097	0.541336582271
1.18118118118	0.419052380758	0.0031977126051	0.422250093364
1.19119119119	0.361155418163	-0.0596615786797	0.301493839483
1.2012012012	0.301830286157	-0.122284941504	0.179545344653
1.21121121121	0.241311582741	-0.184424735195	0.0568868475456
1.22122122122	0.179838625827	-0.245835231325	-0.0659966054986
1.23123123123	0.117654506872	-0.306273585436	-0.188619078565
1.24124124124	0.0550051295842	-0.365500797352	-0.310495667768
1.25125125125	-0.00786176248947	-0.423282656292	-0.431144418782
1.26126126126	-0.070697565652	-0.479390667046	-0.550088232698
1.27127127127	-0.133253799146	-0.533602953543	-0.666856752689
1.28128128128	-0.195283087756	-0.585705136253	-0.780988224009
1.29129129129	-0.256540140042	-0.635491179935	-0.892031319977
1.3013013013	-0.316782718332	-0.682764208394	-0.999546926725
1.31131131131	-0.375772596633	-0.727337283015	-1.10310987965
1.32132132132	-0.433276502688	-0.769034142005	-1.20231064469
1.33133133133	-0.489067040436	-0.80768989741	-1.29675693785
1.34134134134	-0.542923589236	-0.84315168715	-1.38607527639
1.35135135135	-0.594633176304	-0.875279279514	-1.46991245582
1.36136136136	-0.643991318896	-0.903945627687	-1.54793694658
1.37137137137	-0.690802832929	-0.92903737216	-1.61984020509
1.38138138138	-0.734882604821	-0.950455288996	-1.68533789382
1.39139139139	-0.77605632352	-0.968114682212	-1.74417100573
1.4014014014	-0.814161169798	-0.981945718699	-1.7961068885
1.41141141141	-0.849046460119	-0.991893704378	-1.8409401645
1.42142142142	-0.880574242504	-0.997919300482	-1.87849354299
1.43143143143	-0.908619842057	-0.99999867912	-1.90861852118
1.44144144144	-0.933072353983	-0.998123617502	-1.93119597148
1.45145145145	-0.953835082157	-0.992301530457	-1.94613661261
1.46146146146	-0.970825921502	-0.982555441111	-1.95338136261
1.47147147147	-0.983977682672	-0.968923889842	-1.95290157251
1.48148148148	-0.993238357742	-0.951460781878	-1.94469913962
1.49149149149	-0.998571325879	-0.930235174126	-1.92880650001
1.5015015015	-0.99995549815	-0.905331002096	-1.90528650025
1.51151151151	-0.997385400923	-0.876846747977	-1.8742321489
1.52152152152	-0.990871197506	-0.844895051199	-1.83576624871
1.53153153153	-0.980438647961	-0.809602263006	-1.79004091097
1.54154154154	-0.966129007238	-0.771107946804	-1.73723695404
1.55155155155	-0.947998862029	-0.729564326268	-1.6775631883
1.56156156156	-0.926119907006	-0.68513568338	-1.61125559039
1.57157157157	-0.900578661304	-0.637997708787	-1.53857637009
1.58158158158	-0.871476126386	-0.588336807038	-1.45981293342
1.59159159159	-0.83892738664	-0.536349359462	-1.3752767461
1.6016016016	-0.803061154282	-0.482240947587	-1.28530210187
1.61161161161	-0.764019260373	-0.426225540176	-1.19024480055
1.62162162162	-0.721956093955	-0.368524647105	-1.09048074106
1.63163163163	-0.677037991524	-0.309366443409	-0.986404434933
1.64164164164	-0.629442579268	-0.24898486698	-0.878427446248
1.65165165165	-0.57935807065	-0.187618693469	-0.766976764119
1.66166166166	-0.526982522129	-0.125510592064	-0.652493114193
1.67167167167	-0.472523049956	-0.0629061658654	-0.535429215822
1.68168168168	-0.416195011144	-5.29806637483e-05	-0.416247991808
1.69169169169	-0.358221151852	0.0628004140471	-0.295420737805
1.7017017017	-0.298830726545	0.125405467945	-0.173425258601
1.71171171171	-0.238258591423	0.187514612756	-0.050743978667
1.72172172172	-0.176744275691	0.248882241255	0.072137965564
1.73173173173	-0.114531034357	0.3092656785	0.194734644143
1.74174174174	-0.0518648862921	0.368426141481	0.316561255189
1.75175175175	0.0110063586381	0.426129683373	0.437136042011
1.76176176176	0.0738340795231	0.482148118664	0.555982198187
1.77177177177	0.136369827566	0.536259925507	0.672629753073
1.78178178178	0.198366308561	0.588251121712	0.786617430274
1.79179179179	0.259578360804	0.637916110929	0.897494471733
1.8018018018	0.319763924571	0.685058495664	1.00482242024
1.81181181181	0.378684999333	0.729491853928	1.10817685326
1.82182182182	0.436108584911	0.771040476429	1.20714906134
1.83183183183	0.491807602866	0.809540061403	1.30134766427
1.84184184184	0.54556179447	0.844838364341	1.39040015881
1.85185185185	0.597158591703	0.876795800028	1.47395439173
1.86186186186	0.646393957842	0.905285994528	1.55167995237
1.87187187187	0.693073194316	0.93019628492	1.62326947924
1.88188188188	0.737011710631	0.951428164818	1.68843987545
1.89189189189	0.778035754318	0.96889767391	1.74693342823
1.9019019019	0.815983098035	0.982535729977	1.79851882801
1.91191191191	0.850703681078	0.992288402068	1.84299208315
1.92192192192	0.882060202795	0.998117123773	1.88017732657
1.93193193193	0.909928665531	0.99999884573	1.90992751126
1.94194194194	0.934198864969	0.997926126773	1.93212499174
1.95195195195	0.954774825929	0.991907163355	1.94668198928
1.96196196196	0.971575181895	0.981965757139	1.95354093903
1.97197197197	0.984533496775	0.968141220875	1.95267471765
1.98198198198	0.99359852762	0.950488222936	1.94408675056
1.99199199199	0.998734427259	0.929076571141	1.9278109984
2.002002002	0.999920886057	0.903990936699	1.90391182276
2.01201201201	0.997153212228	0.875330519385	1.87248373161
2.02202202202	0.990442350387	0.843208655255	1.83365100564
2.03203203203	0.979814838271	0.807752368471	1.78756720674
2.04204204204	0.965312701797	0.769101868985	1.73441457078
2.05205205205	0.946993288874	0.72740999809	1.67440328696
2.06206206206	0.92492904262	0.682841624016	1.60777066664
2.07207207207	0.899207214896	0.63557298997	1.53478020487
2.08208208208	0.869929521266	0.585791017186	1.45572053845
2.09209209209	0.837211738773	0.533692565763	1.37090430454
2.1021021021	0.801183248104	0.479483656186	1.28066690429
2.11211211211	0.761986521963	0.423378654633	1.1853651766
2.12212212212	0.719776561664	0.365599425272	1.08537598694
2.13213213213	0.674720284195	0.306374452917	0.981094737112
2.14214214214	0.626995862148	0.245937939492	0.87293380164
2.15215215215	0.576792019149	0.184528877894	0.761320897043
2.16216216216	0.524307283557	0.122390106909	0.646697390466
2.17217217217	0.469749203398	0.0597673509191	0.529516554317
2.18218218218	0.413333525626	-0.00309175180155	0.410241773824
2.19219219219	0.355283342961	-0.0659386283583	0.289344714603
2.2022022022	0.295828211688	-0.128524754204	0.167303457483
2.21221221221	0.235203243879	-0.190602635917	0.0446006079626
2.22222222222	0.173648177667	-0.251926789898	-0.0782786122307
2.23223223223	0.111406429203	-0.312254713123	-0.20084828392
2.24224224224	0.0487241300892	-0.37134784211	-0.32262371202
2.25225225225	-0.0141508459408	-0.428972496301	-0.443123342242
2.26226226226	-0.076969863222	-0.484900802144	-0.561870665366
2.27227227227	-0.139484507376	-0.538911594201	-0.678396101577
2.28228228228	-0.20144756765	-0.590791289742	-0.792238857391
2.29229229229	-0.2626140145	-0.640334733337	-0.902948747837
2.3023023023	-0.322741968549	-0.687346008141	-1.01008797669
2.31231231231	-0.381593657079	-0.731639210631	-1.11323286771
2.32232232232	-0.438936354296	-0.773039185751	-1.21197554005
2.33233233233	-0.494543301632	-0.811382219559	-1.30592552119
2.34234234234	-0.548194604445	-0.846516686616	-1.39471129106
2.35235235235	-0.599678101582	-0.878303649589	-1.47798175117
2.36236236236	-0.648790204361	-0.906617408665	-1.55540761303
2.37237237237	-0.69533670165	-0.931345998629	-1.62668270028
2.38238238238	-0.739133527863	-0.952391631618	-1.69152515948
2.39239239239	-0.780007490838	-0.969671083826	-1.74967857466
2.4024024024	-0.817796956717	-0.9831160246	-1.80091298132
2.41241241241	-0.852352489117	-0.992673286654	-1.84502577577
2.42242242242	-0.88353744007	-0.998305076319	-1.88184251639
2.43243243243	-0.911228490388	-0.999989122987	-1.91121761337
2.44244244244	-0.935316137322	-0.997718767188	-1.93303490451
2.45245245245	-0.955705127584	-0.991502986921	-1.94720811451
2.46246246246	-0.972314834025	-0.98136636215	-1.95368119618
2.47247247247	-0.985079574467	-0.967348977605	-1.95242855207
2.48248248248	-0.993948871439	-0.949506264269	-1.94345513571
2.49249249249	-0.998887651789	-0.927908780178	-1.92679643197
2.5025025025	-0.999876385381	-0.902641931406	-1.90251831679
2.51251251251	-0.996911162321	-0.87380563433	-1.87071679665
2.52252252252	-0.990003708422	-0.841513920513	-1.83151762893
2.53253253253	-0.979181338833	-0.805894485777	-1.78507582461
2.54254254254	-0.964486850027	-0.767088185236	-1.73157503526
2.55255255255	-0.945978350556	-0.725248476288	-1.67122682684
2.56256256256	-0.923729031273	-0.680540811782	-1.60426984306
2.57257257257	-0.897826875899	-0.633141985739	-1.53096886164
2.58258258258	-0.868374313094	-0.583239434233	-1.45161374733
2.59259259259	-0.835487811413	-0.531030494184	-1.3665183056
2.6026026026	-0.799297418733	-0.476721622997	-1.27601904173
2.61261261261	-0.759946247989	-0.420527582143	-1.18047383013
2.62262262262	-0.71758991124	-0.362670587893	-1.08026049913
2.63263263263	-0.67239590431	-0.303379432577	-0.975775336887
2.64264264264	-0.624542944437	-0.242888579835	-0.867431524272
2.65265265265	-0.574220263541	-0.181437237446	-0.755657500986
2.66266266266	-0.521626859919	-0.119268411394	-0.640895271313
2.67267267267	-0.466970711319	-0.0566279449116	-0.523598656231
2.68268268268	-0.410467952501	0.00623645369138	-0.40423149881
2.69269269269	-0.352342020544	0.0690761905783	-0.283265829966
2.7027027027	-0.292822771277	0.131642769436	-0.161180001841
2.71271271271	-0.232145570325	0.193688774138	-0.0384567961866
2.72272272272	-0.170550362372	0.254968847144	0.0844184847716
2.73273273273	-0.10828072231	0.315240659745	0.206959937434
2.74274274274	-0.0455828920356	0.374265870344	0.328682978308
2.75275275275	0.0172951933006	0.431811066964	0.449106260264
2.76276276276	0.0801048857378	0.487648690262	0.567753576
2.77277277277	0.142597807772	0.541557933402	0.684155741173
2.78278278278	0.204526834549	0.59332561522	0.797852449769
2.79279279279	0.265647071111	0.642747023241	0.908394094352
2.8028028028	0.325716820813	0.689626723202	1.01534354402
2.81281281281	0.384498541105	0.733779331886	1.11827787299
2.82282282282	0.44175978288	0.775030250207	1.21679003309
2.83283283283	0.497274109679	0.81321635366	1.31049046334
2.84284284284	0.550821993122	0.848186637379	1.3990086305
2.85285285285	0.602191681025	0.879802813284	1.48199449431
2.86286286286	0.651180034758	0.907939856932	1.55911989169
2.87287287287	0.697593332546	0.932486501917	1.63007983446
2.88288288288	0.741248035533	0.953345679871	1.6945937154
2.89289289289	0.781971513578	0.97043490431	1.75240641789
2.9029029029	0.819602727906	0.983686596829	1.80328932474
2.91291291291	0.853992867932	0.993048354333	1.84704122226
2.92292292292	0.885005939722	0.998483156261	1.88348909598
2.93293293293	0.912519303774	0.999969510986	1.91248881476
2.94294294294	0.936424159991	0.997501540798	1.93392570079
2.95295295295	0.956625977922	0.991089005153	1.94771498308
2.96296296296	0.97304487058	0.980757262071	1.95380213265
2.97297297297	0.985615910348	0.966547167868	1.95216307822
2.98298298298	0.994289385735	0.948514915587	1.94280430132
2.99299299299	0.999030997955	0.926731812786	1.92576281074
3.003003003	0.999821996562	0.901283999558	1.90110599612
3.01301301301	0.996659253595	0.872272107892	1.86893136149
3.02302302302	0.989555275949	0.839810863732	1.82936613968
3.03303303303	0.978538155914	0.804028633299	1.78256678921
3.04304304304	0.963651460093	0.765066915472	1.72871837557
3.05305305305	0.944954057113	0.723079782239	1.66803383935
3.06306306306	0.922519884832	0.678233269431	1.60075315426
3.07307307307	0.896437657964	0.630704720137	1.5271423781
3.08308308308	0.866810517252	0.580682083413	1.44749260067
3.09309309309	0.833755621609	0.52836317105	1.36211879266
3.1031031031	0.797403684817	0.473954875333	1.27135856015
3.11311311311	0.757898458629	0.417672350903	1.17557080953
3.12312312312	0.715396164307	0.359738163932	1.07513432824
3.13313313313	0.670064874858	0.300381412006	0.970446286864
3.14314314314	0.622083850393	0.239836818163	0.861920668556
3.15315315315	0.571642829258	0.178343802698	0.749986631957
3.16316316316	0.518941277722	0.11614553639	0.635086814112
3.17317317317	0.464187601196	0.0534879788897	0.517675580086
3.18318318318	0.407598320109	-0.00938109390665	0.398217226202
3.19319319319	0.349397213688	-0.0722130696786	0.277184144009
3.2032032032	0.289814435034	-0.134759482804	0.155054952231
3.21321321321	0.229085600998	-0.196772996901	0.0323126040972
3.22322322322	0.167450860443	-0.258008382911	-0.0905575224674
3.23323323323	0.10515394459	-0.318223488837	-0.213069544247
3.24324324324	0.0424412031961	-0.377180197326	-0.33473899413
3.25325325325	-0.0204393696219	-0.434645367289	-0.455084736911
3.26326326326	-0.0832391160672	-0.490391755844	-0.573630871912
3.27327327327	-0.145709697966	-0.544198916938	-0.689908614904
3.28328328328	-0.207604078809	-0.595854073085	-0.803458151893
3.29329329329	-0.268677500641	-0.645152956786	-0.913830457426
3.3033033033	-0.328688451945	-0.691900618293	-1.02058907024
3.31331331331	-0.387399622686	-0.735912196529	-1.12331181921
3.32332332332	-0.44457884274	-0.777013650106	-1.22159249285
3.33333333333	-0.5	-0.815042445567	-1.31504244557
3.34334334334	-0.55344393452	-0.849848200114	-1.40329213463
3.35335335335	-0.604699305175	-0.881293276288	-1.48599258146
3.36336336336	-0.653563425397	-0.90925332625	-1.56281675165
3.37337337337	-0.699843064686	-0.933617783506	-1.63346084819
3.38338338338	-0.743355212731	-0.954290300139	-1.69764551287
3.39339339339	-0.783927803117	-0.971189127809	-1.75511693093
3.4034034034	-0.821400393745	-0.984247441023	-1.80564783477
3.41341341341	-0.855624801299	-0.993413601393	-1.84903840269
3.42342342342	-0.886465687226	-0.998651361839	-1.88511704906
3.43343343343	-0.913801092924	-0.999940009921	-1.91374110284
3.44344344344	-0.937522922021	-0.997274449752	-1.93479737177
3.45345345345	-0.957537367837	-0.990665222143	-1.94820258998
3.46346346346	-0.973765284338	-0.980138462925	-1.95390374726
3.47347347347	-0.986142499113	-0.965735799594	-1.95187829871
3.48348348348	-0.99462006714	-0.947514186696	-1.94213425384
3.49349349349	-0.999164464339	-0.925545680605	-1.92471014494
3.5035035035	-0.999757720139	-0.899917154583	-1.89967487472
3.51351351351	-0.996397488543	-0.870729955236	-1.86712744378
3.52352352352	-0.989097057402	-0.838099501755	-1.82719655916
3.53353353353	-0.977885295874	-0.802154829488	-1.78004012536
3.54354354354	-0.962806540259	-0.763038079682	-1.72584461994
3.55355355355	-0.943920418674	-0.720903937391	-1.66482435606
3.56356356356	-0.921301615256	-0.675919019784	-1.59722063504
3.57357357357	-0.89503957483	-0.628261217265	-1.5233007921
3.58358358358	-0.865238149205	-0.578118990015	-1.44335713922
3.59359359359	-0.832015186492	-0.525690622739	-1.35770580923
3.6036036036	-0.795502065086	-0.471183440557	-1.26668550564
3.61361361361	-0.755843174135	-0.414812989148	-1.17065616328
3.62362362362	-0.713195342561	-0.356802182389	-1.06999752495
3.63363363363	-0.667727218889	-0.297380420854	-0.965107639743
3.64364364364	-0.619618604335	-0.236782684657	-0.856401288992
3.65365365365	-0.569059741792	-0.175248604244	-0.744308346036
3.66366366366	-0.516250563526	-0.11302151278	-0.629272076306
3.67367367367	-0.461399900552	-0.0503474839056	-0.511747384458
3.68368368368	-0.404724656828	0.0125256413488	-0.392199015479
3.69369369369	-0.346448951515	0.0753492346375	-0.271099716877
3.7037037037	-0.286803232711	0.137874863486	-0.148928369225
3.71371371371	-0.22602336616	0.199855273704	-0.0261680924567
3.72372372372	-0.164349702531	0.261045367138	0.0966956646067
3.73373373373	-0.102026126964	0.3212031709	0.219177043936
3.74374374374	-0.0392990946401	0.380090794235	0.340791699595
3.75375375375	0.0235833438109	0.437475369248	0.461058713059
3.76376376376	0.0863725232145	0.493129971764	0.579502494978
3.77377377377	0.148820147184	0.546834518692	0.695654665877
3.78378378378	0.210679269996	0.598376638331	0.809055908327
3.79379379379	0.27170527312	0.647552510177	0.919257783297
3.8038038038	0.331656832556	0.694167670926	1.02582450348
3.81381381381	0.39029687313	0.738037783468	1.1283346566
3.82382382382	0.447393505998	0.778989365833	1.22638287183
3.83383383383	0.502720945639	0.816860477222	1.31958142286
3.84384384384	0.556060402709	0.85150135839	1.4075617611
3.85385385385	0.607200949233	0.882775023861	1.48997597309
3.86386386386	0.655940352709	0.91055780363	1.56649815634
3.87387387387	0.702085875823	0.934739832208	1.63682570803
3.88388388388	0.745455038618	0.955225483083	1.7006805217
3.89389389389	0.785876340107	0.971933746864	1.75781008697
3.9039039039	0.823189936455	0.984798551634	1.80798848809
3.91391391391	0.85724827308	0.993769024224	1.8510172973
3.92392392392	0.887916668148	0.998809691389	1.88672635954
3.93393393393	0.915073845161	0.999900620085	1.91497446525
3.94394394394	0.938612412544	0.997037496294	1.93564990884
3.95395395395	0.958439288315	0.990231642083	1.9486709304
3.96396396396	0.974476068176	0.979509970832	1.95398603901
3.97397397397	0.986659335554	0.964914880805	1.95157421636
3.98398398398	0.994940912384	0.94650408749	1.94144499987
3.99399399399	0.99928804962	0.924350395365	1.92363844499
4.004004004	0.999683556747	0.898541409998	1.89822496674
4.01401401401	0.996125869751	0.869179191615	1.86530506137
4.02402402402	0.988629057313	0.836379851506	1.82500890882
4.03403403403	0.977222765169	0.800273092875	1.77749585804
4.04404404404	0.96195209888	0.761001697929	1.72295379681
4.05405405405	0.942877445461	0.71872096326	1.66159840872
4.06406406406	0.920074234591	0.673598085726	1.59367232032
4.07407407407	0.893632640323	0.625811501288	1.51944414161
4.08408408408	0.863657224501	0.575550179388	1.43920740389
4.09409409409	0.830266523272	0.523012875682	1.35327939895
4.1041041041	0.793592578344	0.468407346075	1.26199992442
4.11411411411	0.753780414831	0.411949525156	1.16572993999
4.12412412412	0.710987467765	0.3538626723	1.06485014006
4.13413413413	0.665382959521	0.294376488798	0.95975944832
4.14414414414	0.617147230641	0.233726209522	0.850873440163
4.15415415415	0.566471026685	0.172151672692	0.738622699378
4.16416416416	0.513554743939	0.109896371459	0.623451115398
4.17417417417	0.458607636956	0.0472064910169	0.505814127973
4.18418418418	0.401846991078	-0.0156700649204	0.386176926157
4.19419419419	0.343497263182	-0.0784846544404	0.265012608741
4.2042042042	0.283789194086	-0.140988880673	0.142800313413
4.21421421421	0.222958896095	-0.202935574065	0.0200233220304
4.22422422422	0.161246919305	-0.264079769792	-0.102832850487
4.23423423423	0.0988973003642	-0.324179676468	-0.225282376104
4.24424424424	0.036156597441	-0.382997632288	-0.346841034847
4.25425425425	-0.0267270847755	-0.440301044853	-0.467028129628
4.26426426426	-0.0895050761925	-0.495863310941	-0.585368387133
4.27427427427	-0.151929124666	-0.549464712601	-0.701393837266
4.28428428428	-0.213752377698	-0.600893286012	-0.81464566371
4.29429429429	-0.274730358608	-0.649945659685	-0.924676018292
4.3043043043	-0.334621933292	-0.696427858682	-1.03104979197
4.31431431431	-0.393190263785	-0.740156071682	-1.13334633547
4.32432432432	-0.450203744818	-0.78095737785	-1.23116112267
4.33433433433	-0.505436919686	-0.818670430646	-1.32410735033
4.34434434434	-0.558671371813	-0.853146095859	-1.41181746767
4.35435435435	-0.609696588459	-0.884248041349	-1.49394462981
4.36436436436	-0.658310793188	-0.911853276171	-1.57016406936
4.37437437437	-0.704321743776	-0.935852636926	-1.6401743807
4.38438438438	-0.747547492428	-0.956151219453	-1.70369871188
4.39439439439	-0.787817105279	-0.972668754112	-1.76048585939
4.4044044044	-0.824971338339	-0.985339923213	-1.81031126155
4.41441441441	-0.85886326722	-0.99411461931	-1.85297788653
4.42442442442	-0.889358868137	-0.998958143345	-1.88831701148
4.43443443443	-0.916337547898	-0.999851341866	-1.91618888976
4.44444444444	-0.939692620786	-0.996790682768	-1.93648330355
4.45445445445	-0.959331730437	-0.989788269261	-1.9491199997
4.46446446446	-0.975177215064	-0.978871792008	-1.95404900707
4.47447447447	-0.987166414562	-0.964084419621	-1.95125083418
4.48448448448	-0.995251918294	-0.94548462796	-1.94073654625
4.49449449449	-0.999401752577	-0.923145968887	-1.92254772146
4.5045045045	-0.999599507118	-0.89715677941	-1.89675628653
4.51451451451	-0.995844399907	-0.867619832362	-1.86346423227
4.52452452452	-0.988151280311	-0.834651929991	-1.8228032103
4.53453453453	-0.976550570352	-0.798383442069	-1.77493401242
4.54454454454	-0.961088144404	-0.758957790353	-1.72004593476
4.55455455455	-0.941825147789	-0.716530881435	-1.65835602922
4.56456456456	-0.918837754976	-0.671270490212	-1.59010824519
4.57457457457	-0.892216868357	-0.623355596433	-1.51557246479
4.58458458458	-0.862067758776	-0.572975676934	-1.43504343571
4.59459459459	-0.828509649244	-0.52032995636	-1.3488396056
4.6046046046	-0.791675243475	-0.465626619343	-1.25730186282
4.61461461461	-0.751710201118	-0.409081987245	-1.16079218836
4.62462462462	-0.708772561755	-0.350919662732	-1.05969222449
4.63463463463	-0.663032119939	-0.291369645546	-0.954401765485
4.64464464464	-0.614669753754	-0.230667422982	-0.845337176736
4.65465465465	-0.56387670954	-0.16905303867	-0.73292974821
4.66466466466	-0.510853845621	-0.106770143333	-0.617623988955
4.67467467467	-0.455810838022	-0.044065031286	-0.499875869308
4.68468468468	-0.398965351315	0.018814333525	-0.38015101779
4.69469469469	-0.340542177879	0.0816192980798	-0.258922879799
4.7047047047	-0.280772348966	0.14410150357	-0.136670845396
4.71471471471	-0.219892221108	0.206013867521	-0.0138783535861
4.72472472472	-0.158142541449	0.267111560866	0.108969019416
4.73473473473	-0.095767495733	0.327152976105	0.231385480372
4.74474474474	-0.0330137426761	0.385900682738	0.352886940062
4.75475475475	0.0298705614263	0.44312236616	0.472992927586
4.76476476476	0.092636744022	0.498591746345	0.591228490367
4.77477477477	0.155036599664	0.552089472652	0.707126072316
4.78478478478	0.216823371526	0.60340399124	0.820227362766
4.79479479479	0.277752727186	0.652332381643	0.930085108829
4.8048048048	0.33758372483	0.698681159208	1.03626488404
4.81481481481	0.396079766039	0.742267040222	1.13834680626
4.82482482482	0.453009531408	0.782917666694	1.2359271981
4.83483483483	0.508147895284	0.820472287939	1.32862018322
4.84484484484	0.561276816012	0.854782396254	1.41605921227
4.85485485485	0.612186198173	0.885712314186	1.49789851236
4.86486486486	0.66067472339	0.913139731062	1.57381445445
4.87487487487	0.706550646434	0.936956186656	1.64350683309
4.88488488488	0.749632553468	0.957067500094	1.70670005356
4.89489489489	0.78975007944	0.973394142283	1.76314422172
4.9049049049	0.826744581781	0.985871550406	1.81261613219
4.91491491491	0.860469767748	0.994450383234	1.85492015098
4.92492492492	0.890792272932	0.999096716239	1.88988898917
4.93493493493	0.917592188639	0.999792175752	1.91738436439
4.94494494494	0.940763536065	0.996534011615	1.93729754768
4.95495495495	0.960214685378	0.989335108062	1.94954979344
4.96496496496	0.975868718069	0.978223932762	1.95409265083
4.97497497497	0.98766373112	0.963244424254	1.95090815537
4.98498498498	0.995553081795	0.944455818188	1.94000889998
4.99499499499	0.999505572086	0.92193241308	1.92143798517
5.00500500501	0.999505572086	0.89576327651	1.8952688486
5.01501501502	0.995553081795	0.866051892901	1.8616049747
5.02502502503	0.98766373112	0.832915754299	1.82057948542
5.03503503504	0.975868718069	0.796485895758	1.77235461383
5.04504504505	0.960214685378	0.756906377167	1.71712106254
5.05505505506	0.940763536065	0.714333713575	1.65509724964
5.06506506507	0.917592188639	0.668936256258	1.5865284449
5.07507507508	0.890792272932	0.620893526987	1.51168579992
5.08508508509	0.860469767748	0.570395508115	1.43086527586
5.0950950951	0.826744581781	0.517641891305	1.34438647309
5.10510510511	0.78975007944	0.462841287858	1.2525913673
5.11511511512	0.749632553468	0.406210403773	1.15584295724
5.12512512513	0.706550646434	0.347973182793	1.05452382923
5.13513513514	0.66067472339	0.288359920833	0.949034644223
5.14514514515	0.612186198173	0.227606355288	0.839792553461
5.15515515516	0.561276816012	0.16595273282	0.727229548832
5.16516516517	0.508147895284	0.103642859318	0.611790754602
5.17517517518	0.453009531408	0.0409231357799	0.493932667188
5.18518518519	0.396079766039	-0.0219584160677	0.374121349971
5.1951951952	0.33758372483	-0.0847531345562	0.252830590274
5.20520520521	0.277752727186	-0.147212701395	0.130540025791
5.21521521522	0.216823371526	-0.209090123632	0.00773324789373
5.22522522523	0.155036599664	-0.270140710375	-0.115104110711
5.23523523524	0.092636744022	-0.330123040407	-0.237486296385
5.24524524525	0.0298705614263	-0.388799916875	-0.358929355448
5.25525525526	-0.0330137426761	-0.445939305268	-0.478953047945
5.26526526527	-0.095767495733	-0.501315250993	-0.597082746726
5.27527527528	-0.158142541449	-0.554708772889	-0.712851314338
5.28528528529	-0.219892221108	-0.605908729186	-0.825800950293
5.2952952953	-0.280772348966	-0.654712652448	-0.935485001414
5.30530530531	-0.340542177879	-0.700927550221	-1.0414697281
5.31531531532	-0.398965351315	-0.744370668212	-1.14333601953
5.32532532533	-0.455810838022	-0.78487021298	-1.240681051
5.33533533534	-0.510853845621	-0.822266031282	-1.3331198769
5.34534534535	-0.56387670954	-0.856410243394	-1.42028695293
5.35535535536	-0.614669753754	-0.88716782789	-1.50183758164
5.36536536537	-0.663032119939	-0.914417155581	-1.57744927552
5.37537537538	-0.708772561755	-0.938050470484	-1.64682303224
5.38538538539	-0.751710201118	-0.957974315945	-1.70968451706
5.3953953954	-0.791675243475	-0.974109904204	-1.76578514768
5.40540540541	-0.828509649244	-0.986393427955	-1.8149030772
5.41541541542	-0.862067758776	-0.994776312675	-1.85684407145
5.42542542543	-0.892216868357	-0.999225408702	-1.89144227706
5.43543543544	-0.918837754976	-0.999723122329	-1.9185608773
5.44544544545	-0.941825147789	-0.996267485374	-1.93809263316
5.45545545546	-0.961088144404	-0.988872162966	-1.94996030737
5.46546546547	-0.976550570352	-0.977566399503	-1.95411696986
5.47547547548	-0.988151280311	-0.962394903012	-1.95054618332
5.48548548549	-0.995844399907	-0.943417668347	-1.93926206825
5.4954954955	-0.999599507118	-0.920709739948	-1.92030924707
5.50550550551	-0.999401752577	-0.894360915081	-1.89376266766
5.51551551552	-0.995251918294	-0.864475388736	-1.85972730703
5.52552552553	-0.987166414562	-0.831171341598	-1.81833775616
5.53553553554	-0.975177215064	-0.794580472707	-1.76975768777
5.54554554555	-0.959331730437	-0.754847478657	-1.71417920909
5.55555555556	-0.939692620786	-0.712129481407	-1.65182210219
5.56556556557	-0.916337547898	-0.66659540695	-1.58293295485
5.57557557558	-0.889358868137	-0.618425317298	-1.50778418544
5.58558558559	-0.85886326722	-0.567809698447	-1.42667296567
5.5955955956	-0.824971338339	-0.514948707101	-1.33992004544
5.60560560561	-0.787817105279	-0.460051379167	-1.24786848445
5.61561561562	-0.747547492428	-0.403334803138	-1.15088229557
5.62562562563	-0.704321743776	-0.345023261619	-1.04934500539
5.63563563564	-0.658310793188	-0.285347344423	-0.943658137611
5.64564564565	-0.609696588459	-0.224543036711	-0.834239625171
5.65565565566	-0.558671371813	-0.162850785803	-0.721522157616
5.66566566567	-0.505436919686	-0.100514550341	-0.605951470028
5.67567567568	-0.450203744818	-0.0377808355699	-0.487984580388
5.68568568569	-0.393190263785	0.0251022814557	-0.36808798233
5.6956956957	-0.334621933292	0.0878861328779	-0.246735800414
5.70570570571	-0.274730358608	0.150322443379	-0.124407915228
5.71571571572	-0.213752377698	0.212164311974	-0.00158806572444
5.72572572573	-0.151929124666	0.273167188364	0.121238063699
5.73573573574	-0.0895050761925	0.333089840002	0.243584763809
5.74574574575	-0.0267270847755	0.391695306027	0.364968221251
5.75575575576	0.036156597441	0.44875183432	0.484908431761
5.76576576577	0.0988973003642	0.504033797951	0.602931098315
5.77577577578	0.161246919305	0.557322587408	0.718569506713
5.78578578579	0.222958896095	0.608407475079	0.831366371174
5.7957957958	0.283789194086	0.65708644856	0.940875642646
5.80580580581	0.343497263182	0.703167009506	1.04666427269
5.81581581582	0.401846991078	0.74646693485	1.14831392593
5.82582582583	0.458607636956	0.786814997397	1.24542263435
5.83583583584	0.513554743939	0.824051642936	1.33760638687
5.84584584585	0.566471026685	0.85802962118	1.42450064787
5.85585585586	0.617147230641	0.888614568068	1.50576179871
5.86586586587	0.665382959521	0.915685537095	1.58106849662
5.87587587588	0.710987467765	0.939135477589	1.65012294535
5.88588588589	0.753780414831	0.958871658039	1.71265207287
5.8958958959	0.793592578344	0.974816032796	1.76840861114
5.90590590591	0.830266523272	0.986905550699	1.81717207397
5.91591591592	0.863657224501	0.995092404409	1.85874962891
5.92592592593	0.893632640323	0.999344219459	1.89297685978
5.93593593594	0.920074234591	0.999644182278	1.91971841687
5.94594594595	0.942877445461	0.99599110668	1.93886855214
5.95595595596	0.96195209888	0.988399438552	1.95035153743
5.96596596597	0.977222765169	0.976899198733	1.9541219639
5.97597597598	0.988629057313	0.961535864294	1.95016492161
5.98598598599	0.996125869751	0.942370188704	1.93849605846
5.995995996	0.999683556747	0.919477961581	1.91916151833
6.00600600601	0.99928804962	0.89294970899	1.89223775861
6.01601601602	0.994940912384	0.862890335458	1.85783124784
6.02602602603	0.986659335554	0.829418709141	1.8160780447
6.03603603604	0.974476068176	0.792667191759	1.76714325994
6.04604604605	0.958439288315	0.752781115184	1.7112204035
6.05605605606	0.938612412544	0.709918206732	1.64853061928
6.06606606607	0.915073845161	0.664247965436	1.5793218106
6.07607607608	0.887916668148	0.615950991776	1.50386765992
6.08608608609	0.85724827308	0.565218273501	1.42246654658
6.0960960961	0.823189936455	0.51225043038	1.33544036684
6.10610610611	0.785876340107	0.457256920861	1.24313326097
6.11611611612	0.745455038618	0.400455213777	1.1459102524
6.12612612613	0.702085875823	0.342069928384	1.04415580421
6.13613613614	0.655940352709	0.28233194611	0.938272298819
6.14614614615	0.607200949233	0.221477497547	0.82867844678
6.15615615616	0.556060402709	0.159747228295	0.715807631004
6.16616616617	0.502720945639	0.0973852473389	0.600106192978
6.17617617618	0.447393505998	0.0346381617315	0.482031667729
6.18618618619	0.39029687313	-0.028245898598	0.362050974532
6.1961961962	0.331656832556	-0.0910182620615	0.240638570495
6.20620620621	0.27170527312	-0.15343069877	0.11827457435
6.21621621622	0.210679269996	-0.215236402146	-0.0045571321498
6.22622622623	0.148820147184	-0.276190964904	-0.127370817719
6.23623623624	0.0863725232145	-0.336053345549	-0.249680822335
6.24624624625	0.0235833438109	-0.394586821561	-0.371003477751
6.25625625626	-0.0392990946401	-0.451559925501	-0.490859020141
6.26626626627	-0.102026126964	-0.506747360335	-0.608773487299
6.27627627628	-0.164349702531	-0.559930890361	-0.724280592892
6.28628628629	-0.22602336616	-0.610900204208	-0.836923570369
6.2962962963	-0.286803232711	-0.659453746505	-0.946256979216
6.30630630631	-0.346448951515	-0.705399514915	-1.05184846643
6.31631631632	-0.404724656828	-0.748555819403	-1.15328047623
6.32632632633	-0.461399900552	-0.788752000714	-1.25015190127
6.33633633634	-0.516250563526	-0.825829105242	-1.34207966877
6.34634634635	-0.569059741792	-0.859640513598	-1.42870025539
6.35635635636	-0.619618604335	-0.890052520412	-1.50967112475
6.36636636637	-0.667727218889	-0.91694486306	-1.58467208195
6.37637637638	-0.713195342561	-0.94021119724	-1.6534065398
6.38638638639	-0.755843174135	-0.959759517501	-1.71560269164
6.3963963964	-0.795502065086	-0.975512521077	-1.77101458616
6.40640640641	-0.832015186492	-0.987407913574	-1.81942310007
6.41641641642	-0.865238149205	-0.995398655311	-1.86063680452
6.42642642643	-0.89503957483	-0.999453147336	-1.89449272217
6.43643643644	-0.921301615256	-0.999555356381	-1.92085697164
6.44644644645	-0.943920418674	-0.995704878266	-1.93962529694
6.45645645646	-0.962806540259	-0.987916939496	-1.95072347975
6.46646646647	-0.977885295874	-0.97622233705	-1.95410763292
6.47647647648	-0.989097057402	-0.960667316598	-1.949764374
6.48648648649	-0.996397488543	-0.941313389618	-1.93771087816
6.4964964965	-0.999757720139	-0.91823709016	-1.9179948103
6.50650650651	-0.999164464339	-0.891529672193	-1.89069413653
6.51651651652	-0.99462006714	-0.861296748743	-1.85591681588
6.52652652653	-0.986142499113	-0.827657874259	-1.81380037337
6.53653653654	-0.973765284338	-0.790746071836	-1.76451135617
6.54654654655	-0.957537367837	-0.750707307185	-1.70824467502
6.55655655656	-0.937522922021	-0.707699911416	-1.64522283344
6.56656656657	-0.913801092924	-0.661893954931	-1.57569504786
6.57657657658	-0.886465687226	-0.613470574889	-1.49993626212
6.58658658659	-0.855624801299	-0.562621258906	-1.4182460602
6.5965965966	-0.821400393745	-0.509547087828	-1.33094748157
6.60660660661	-0.783927803117	-0.454457940573	-1.23838574369
6.61661661662	-0.743355212731	-0.397571664169	-1.1409268769
6.62662662663	-0.699843064686	-0.339113212295	-1.03895627698
6.63663663664	-0.653563425397	-0.279313755712	-0.932877181109
6.64664664665	-0.604699305175	-0.218409768111	-0.823109073286
6.65665665666	-0.55344393452	-0.156642090989	-0.710086025509
6.66666666667	-0.5	-0.0942549812585	-0.594254981258
6.67667667668	-0.44457884274	-0.0314951453436	-0.476073988084
6.68668668669	-0.387399622686	0.0313892364064	-0.356010386279
6.6966966967	-0.328688451945	0.0941494911323	-0.234538960812
6.70670670671	-0.268677500641	0.156537436829	-0.112140063812
6.71671671672	-0.207604078809	0.218306363766	0.0107022849569
6.72672672673	-0.145709697966	0.27921201009	0.133502312123
6.73673673674	-0.0832391160672	0.339013527742	0.255774411675
6.74674674675	-0.0204393696219	0.397474434883	0.377035065261
6.75675675676	0.0424412031962	0.454363551041	0.496804754237
6.76676676677	0.10515394459	0.509455911309	0.614609855899
6.77677677678	0.167450860443	0.562533655952	0.729984516395
6.78678678679	0.229085600998	0.613386891922	0.842472492921
6.7967967968	0.289814435034	0.661814522871	0.951628957905
6.80680680681	0.349397213688	0.707625044371	1.05702225806
6.81681681682	0.407598320109	0.750637301214	1.15823562132
6.82682682683	0.464187601196	0.790681203774	1.25486880497
6.83683683684	0.518941277722	0.827598400623	1.34653967835
6.84684684685	0.571642829258	0.861242904718	1.43288573398
6.85685685686	0.622083850393	0.891481670701	1.51356552109
6.86686686687	0.670064874858	0.918195121023	1.58825999588
6.87687687688	0.715396164307	0.941277618799	1.65667378311
6.88688688689	0.757898458629	0.96063788555	1.71853634418
6.8968968969	0.797403684817	0.976199362158	1.77360304698
6.90690690691	0.833755621609	0.987900511612	1.82165613322
6.91691691692	0.866810517252	0.995695062353	1.86250557961
6.92692692693	0.896437657964	0.999552191257	1.89598984922
6.93693693694	0.922519884832	0.999456645516	1.92197653035
6.94694694695	0.944954057113	0.995408802962	1.94036286008
6.95695695696	0.963651460093	0.987424670568	1.95107613066
6.96696696697	0.978538155914	0.975535821149	1.95407397706
6.97697697698	0.989555275949	0.959789268512	1.94934454446
6.98698698699	0.996659253595	0.940247281541	1.93690653514
6.996996997	0.999821996562	0.916987137958	1.91680913452
7.00700700701	0.999030997955	0.890100818733	1.88913181669
7.01701701702	0.994289385735	0.85969464435	1.85398403008
7.02702702703	0.985615910348	0.825888854367	1.81150476471
7.03703703704	0.97304487058	0.788817131937	1.76186200252
7.04704704705	0.956625977922	0.748626075166	1.70525205309
7.05705705706	0.936424159991	0.705474617397	1.64189877739
7.06706706707	0.912519303774	0.659533398716	1.57205270249
7.07707707708	0.885005939722	0.610984091168	1.49599003089
7.08708708709	0.853992867932	0.560018680343	1.41401154827
7.0970970971	0.819602727906	0.506838706179	1.32644143408
7.10710710711	0.781971513578	0.451654465985	1.23362597956
7.11711711712	0.741248035533	0.39468418283	1.13593221836
7.12712712713	0.697593332546	0.336153142592	1.03374647514
7.13713713714	0.651180034758	0.276292803079	0.927472837837
7.14714714715	0.602191681025	0.21533987874	0.817531559766
7.15715715716	0.550821993122	0.153535404592	0.704357397714
7.16716716717	0.497274109679	0.0911237830561	0.588397892735
7.17717717718	0.44175978288	0.0283518174888	0.470111600369
7.18718718719	0.384498541105	-0.0345322637951	0.34996627731
7.1971971972	0.325716820813	-0.0972797891245	0.228437031688
7.20720720721	0.265647071111	-0.159642626832	0.106004444279
7.21721721722	0.204526834549	-0.221374166475	-0.0168473319252
7.22722722723	0.142597807772	-0.282230294046	-0.139632486274
7.23723723724	0.0801048857378	-0.341970357307	-0.261865471569
7.24724724725	0.0172951933006	-0.400358117434	-0.383062924134
7.25725725726	-0.0455828920356	-0.457162683214	-0.50274557525
7.26726726727	-0.10828072231	-0.512159424088	-0.620440146399
7.27727727728	-0.170550362372	-0.565130858443	-0.735681220816
7.28728728729	-0.232145570325	-0.61586751363	-0.848013083955
7.2972972973	-0.292822771277	-0.664168754311	-0.956991525588
7.30730730731	-0.352342020544	-0.709843575865	-1.06218559641
7.31731731732	-0.410467952501	-0.752711359699	-1.1631793122
7.32732732733	-0.466970711319	-0.792602587499	-1.25957329882
7.33733733734	-0.521626859919	-0.829359511581	-1.3509863715
7.34734734735	-0.574220263541	-0.862836778691	-1.43705704223
7.35735735736	-0.624542944437	-0.892902004803	-1.51744494924
7.36736736737	-0.67239590431	-0.919436298619	-1.59183220293
7.37737737738	-0.71758991124	-0.94233473172	-1.65992464296
7.38738738739	-0.759946247989	-0.961506753501	-1.72145300149
7.3973973974	-0.799297418733	-0.976876549248	-1.77617396798
7.40740740741	-0.835487811413	-0.98838333994	-1.82387115135
7.41741741742	-0.868374313094	-0.995981622603	-1.8643559357
7.42742742743	-0.897826875899	-0.999641350241	-1.89746822614
7.43743743744	-0.923729031273	-0.99934805066	-1.92307708193
7.44744744745	-0.945978350556	-0.995102883698	-1.94108123425
7.45745745746	-0.964486850027	-0.986922636637	-1.95140948666
7.46746746747	-0.979181338833	-0.974839657817	-1.95402099665
7.47747747748	-0.990003708422	-0.958901728719	-1.94890543714
7.48748748749	-0.996911162321	-0.939171875015	-1.93608303734
7.4974974975	-0.999876385381	-0.915728117335	-1.91560450272
7.50750750751	-0.998887651789	-0.888663162742	-1.88755081453
7.51751751752	-0.993948871439	-0.858084038123	-1.85203290956
7.52752752753	-0.985079574467	-0.824111666958	-1.80919124142
7.53753753754	-0.972314834025	-0.786880391137	-1.75919522516
7.54754754755	-0.955705127584	-0.746537439711	-1.7022425673
7.55755755756	-0.935316137322	-0.703242346682	-1.638558484
7.56756756757	-0.911228490388	-0.657166320134	-1.56839481052
7.57757757758	-0.88353744007	-0.608491565202	-1.49202900527
7.58758758759	-0.852352489117	-0.557410563551	-1.40976305267
7.5975975976	-0.817796956717	-0.504125312217	-1.32192226893
7.60760760761	-0.780007490838	-0.448846524821	-1.22885401566
7.61761761762	-0.739133527863	-0.391792798314	-1.13092632618
7.62762762763	-0.69533670165	-0.333189748547	-1.0285264502
7.63763763764	-0.648790204361	-0.273269118086	-0.922059322447
7.64764764765	-0.599678101582	-0.212267859795	-0.811945961377
7.65765765766	-0.548194604445	-0.150427199827	-0.698621804271
7.66766766767	-0.494543301632	-0.0879916836974	-0.58253498533
7.67767767768	-0.438936354296	-0.0252082092525	-0.464144563549
7.68768768769	-0.381593657079	0.0376749496816	-0.343918707397
7.6976976977	-0.322741968549	0.100409125081	-0.222332843467
7.70770770771	-0.2626140145	0.16274623807	-0.0998677764302
7.71771771772	-0.20144756765	0.224439779934	0.0229922122841
7.72772772773	-0.139484507376	0.285245786924	0.145761279548
7.73773773774	-0.076969863222	0.344923805002	0.26795394178
7.74774774775	-0.0141508459408	0.403237840698	0.389086994758
7.75775775776	0.0487241300892	0.459957294339	0.508681424428
7.76776776777	0.111406429203	0.514857871936	0.626264301139
7.77777777778	0.173648177667	0.567722472149	0.741370649816
7.78778778779	0.235203243879	0.618342044798	0.853545288678
7.7977977978	0.295828211688	0.666516417544	0.962344629232
7.80780780781	0.355283342961	0.712055087456	1.06733843042
7.81781781782	0.413333525626	0.754777974346	1.16811149997
7.82782782783	0.469749203398	0.794516132888	1.26426533629
7.83783783784	0.524307283557	0.8311124207	1.35541970426
7.84784784785	0.576792019149	0.864422119757	1.44121413891
7.85785785786	0.626995862148	0.894313508671	1.52130937082
7.86786786787	0.674720284195	0.920668383573	1.59538866777
7.87787787788	0.719776561664	0.943382525548	1.66315908721
7.88788788789	0.761986521963	0.96236611276	1.72435263472
7.8978978979	0.801183248104	0.977544075648	1.77872732375
7.90790790791	0.837211738773	0.988856393785	1.82606813256
7.91791791792	0.869929521266	0.996258333227	1.86618785449
7.92792792793	0.899207214896	0.999720623406	1.8989278383
7.93793793794	0.92492904262	0.999229572886	1.92415861551
7.94794794795	0.946993288874	0.994787123498	1.94178041237
7.95795795796	0.965312701797	0.986410842668	1.95172354446
7.96796796797	0.979814838271	0.97413385394	1.95394869221
7.97797797798	0.990442350387	0.958004705997	1.94844705638
7.98798798799	0.997153212228	0.938087180675	1.9352403929
7.997997998	0.999920886057	0.914460040743	1.9143809268
8.00800800801	0.998734427259	0.887216718436	1.8859511457
8.01801801802	0.99359852762	0.856464945989	1.85006347361
8.02802802803	0.984533496775	0.822326329608	1.80685982638
8.03803803804	0.971575181895	0.78493586859	1.75651105048
8.04804804805	0.954774825929	0.744441421475	1.6992162474
8.05805805806	0.934198864969	0.701003121346	1.63520198632
8.06806806807	0.909928665531	0.654792742594	1.56472140812
8.07807807808	0.882060202795	0.605993021641	1.48805322444
8.08808808809	0.850703681078	0.554796934322	1.4055006154
8.0980980981	0.815983098035	0.501406932775	1.31739003081
8.10810810811	0.778035754318	0.44603414485	1.22406989917
8.11811811812	0.737011710631	0.388897539217	1.12590924985
8.12812812813	0.693073194316	0.330223059468	1.02329625378
8.13813813814	0.646393957842	0.270242730634	0.916636688476
8.14814814815	0.597158591703	0.209193741656	0.806352333359
8.15815815816	0.54556179447	0.147317507432	0.692879301903
8.16816816817	0.491807602866	0.0848587141568	0.576666317023
8.17817817818	0.436108584911	0.0220643517229	0.458172936634
8.18818818819	0.378684999333	-0.0408172629868	0.337867736346
8.1981981982	0.319763924571	-0.103537468056	0.216226456516
8.20820820821	0.259578360804	-0.165848239852	0.0937301209521
8.21821821822	0.198366308561	-0.227503173826	-0.0291368652646
8.22822822823	0.136369827566	-0.288258458902	-0.151888631336
8.23823823824	0.0738340795231	-0.347873841619	-0.274039762096
8.24824824825	0.0110063586381	-0.406113576196	-0.395107217558
8.25825825826	-0.0518648862921	-0.462747356777	-0.514612243069
8.26826826827	-0.114531034357	-0.517551228166	-0.632082262523
8.27827827828	-0.176744275691	-0.570308471439	-0.747052747131
8.28828828829	-0.238258591423	-0.620810460957	-0.85906905238
8.2982982983	-0.298830726545	-0.668857489353	-0.967688215898
8.30830830831	-0.358221151852	-0.714259557274	-1.07248070913
8.31831831832	-0.416195011144	-0.756837124719	-1.17303213586
8.32832832833	-0.472523049956	-0.796421821017	-1.26894487097
8.33833833834	-0.526982522129	-0.832857110645	-1.35983963277
8.34834834835	-0.57935807065	-0.865998912237	-1.44535698289
8.35835835836	-0.629442579268	-0.895716168346	-1.52515874761
8.36836836837	-0.677037991524	-0.921891363702	-1.59892935523
8.37837837838	-0.721956093955	-0.944420989923	-1.66637708388
8.38838838839	-0.764019260373	-0.96321595483	-1.7272352152
8.3983983984	-0.803061154282	-0.978201934758	-1.78126308904
8.40840840841	-0.83892738664	-0.989319668468	-1.82824705511
8.41841841842	-0.871476126386	-0.996525191488	-1.86800131787
8.42842842843	-0.900578661304	-0.999790009969	-1.90036867127
8.43843843844	-0.926119907006	-0.999101213366	-1.92522112037
8.44844844845	-0.947998862029	-0.994461525485	-1.94246038751
8.45845845846	-0.966129007238	-0.985889293721	-1.95201830096
8.46846846847	-0.980438647961	-0.973418416497	-1.95385706446
8.47847847848	-0.990871197506	-0.957098209216	-1.94796940672
8.48848848849	-0.997385400923	-0.936993209249	-1.93437861017
8.4984984985	-0.99995549815	-0.913182920721	-1.91313841887
8.50850850851	-0.998571325879	-0.885761500121	-1.884332826
8.51851851852	-0.993238357742	-0.854837383961	-1.8480757417
8.52852852853	-0.983977682672	-0.820532859972	-1.80451054264
8.53853853854	-0.970825921502	-0.782983583525	-1.75380950503
8.54854854855	-0.953835082157	-0.742338041186	-1.69617312334
8.55855855856	-0.933072353983	-0.698756963535	-1.63182931752
8.56856856857	-0.908619842057	-0.65241268957	-1.56103253163
8.57857857858	-0.880574242504	-0.603488485193	-1.4840627277
8.58858858859	-0.849046460119	-0.552177818504	-1.40122427862
8.5985985986	-0.814161169798	-0.498683594738	-1.31284476454
8.60860860861	-0.77605632352	-0.443217353884	-1.2192736774
8.61861861862	-0.734882604821	-0.385998434169	-1.12088103899
8.62862862863	-0.690802832929	-0.327253104692	-1.01805593762
8.63863863864	-0.643991318896	-0.267213670654	-0.91120498955
8.64864864865	-0.594633176304	-0.206117554723	-0.800750731028
8.65865865866	-0.542923589236	-0.144206358161	-0.687129947397
8.66866866867	-0.489067040436	-0.0817249054174	-0.570791945853
8.67867867868	-0.433276502688	-0.018920275991	-0.452196778679
8.68868868869	-0.375772596633	0.0439591726352	-0.331813423997
8.6986986987	-0.316782718332	0.10666478711	-0.210117931222
8.70870870871	-0.256540140042	0.1689486015	-0.0875915385426
8.71871871872	-0.195283087756	0.230564317856	0.0352812301
8.72872872873	-0.133253799146	0.291268280187	0.158014481042
8.73873873874	-0.070697565652	0.350820437985	0.280122872333
8.74874874875	-0.00786176248947	0.408985295488	0.401123532999
8.75875875876	0.0550051295842	0.465532842938	0.520537972523
8.76876876877	0.117654506872	0.520239466142	0.637893973014
8.77877877878	0.179838625827	0.572888830741	0.752727456568
8.78878878879	0.241311582741	0.623272737694	0.864584320434
8.7987987988	0.301830286157	0.671191946586	0.973022232743
8.80880880881	0.361155418163	0.716456963519	1.07761238168
8.81881881882	0.419052380758	0.758888790452	1.17794117121
8.82882882883	0.475292223561	0.798319633039	1.2736118566
8.83883883884	0.529652549179	0.834593564162	1.36424611334
8.84884884885	0.581918392668	0.867567140538	1.44948553321
8.85885885886	0.6318830716	0.897109969957	1.52899304156
8.86886886887	0.679349003377	0.923105226911	1.60245423029
8.87887887888	0.724128486558	0.945450114574	1.66957860113
8.88888888889	0.766044443119	0.964056271305	1.73010071442
8.8988988989	0.804931118695	0.978850120073	1.78378123877
8.90890890891	0.840634738048	0.989773159408	1.83040789746
8.91891891892	0.873014113161	0.996782194748	1.86979630791
8.92892892893	0.901941201561	0.999849509244	1.90179071081
8.93893893894	0.927301612655	0.998962973369	1.92626458602
8.94894894895	0.948995060078	0.994126092879	1.94312115296
8.95895895896	0.966935758276	0.985357994956	1.95229375323
8.96896896897	0.981052761736	0.972693352564	1.9537461143
8.97897897898	0.991290245538	0.956182247342	1.94747249288
8.98898898899	0.99760772611	0.935889971554	1.93349769766
8.998998999	0.999980221319	0.9118967699	1.91187699122
9.00900900901	0.998398349262	0.884297522186	1.88269587145
9.01901901902	0.992868365367	0.853201368133	1.8460697335
9.02902902903	0.983412137654	0.818731275788	1.80214341344
9.03903903904	0.970067060258	0.78102355525	1.75109061551
9.04904904905	0.952885905561	0.740227319644	1.69311322521
9.05905905906	0.931936615503	0.696503895462	1.62844051096
9.06906906907	0.907302032909	0.650026184598	1.55732821751
9.07907907908	0.879079573893	0.600977980628	1.48005755452
9.08908908909	0.847380842629	0.549553241998	1.39693408463
9.0990990991	0.812331190024	0.495955325036	1.30828651506
9.10910910911	0.774069218016	0.44039617978	1.2144653978
9.11911911912	0.732746231489	0.383095511843	1.11584174333
9.12912912913	0.688525639939	0.32427991359	1.01280555353
9.13913913914	0.641582311285	0.264181968099	0.905764279385
9.14914914915	0.592101880361	0.203039329419	0.79514120978
9.15915915916	0.540280014833	0.141093782781	0.681373797613
9.16916916917	0.486321641442	0.0785902884705	0.564911929913
9.17917917918	0.430440135636	0.0157760131495	0.446216148785
9.18918918919	0.37285647778	-0.0471006475553	0.325755830225
9.1991991992	0.313798379312	-0.109791051317	0.204007327995
9.20920920921	0.253499382261	-0.172047292353	0.0814520899085
9.21921921922	0.192197935725	-0.233623181751	-0.0414252460264
9.22922922923	0.13013645293	-0.294275221014	-0.164138768084
9.23923923924	0.0675603526269	-0.35376356496	-0.286203212333
9.24924924925	0.00471708859304	-0.411852970176	-0.407135881583
9.25925925926	-0.0581448289105	-0.468313725275	-0.526458554186
9.26926926927	-0.120776815858	-0.522922559281	-0.643699375139
9.27927927928	-0.182931197472	-0.575463524537	-0.758394722009
9.28928928929	-0.24436218764	-0.625728850659	-0.870091038299
9.2992992993	-0.304826860859	-0.673519766157	-0.978346627016
9.30930930931	-0.364086112876	-0.71864728446	-1.08273339734
9.31931931932	-0.421905606211	-0.760932951258	-1.18283855747
9.32932932933	-0.478056696828	-0.800209550187	-1.27826624701
9.33933933934	-0.532317338301	-0.836321764078	-1.36863910238
9.34934934935	-0.584472959883	-0.86912678915	-1.45359974903
9.35935935936	-0.634317315011	-0.898494899719	-1.53281221473
9.36936936937	-0.6816532969	-0.924309961195	-1.60596325809
9.37937937938	-0.72629371799	-0.946469889323	-1.67276360731
9.38938938939	-0.768062050171	-0.964887053876	-1.73294910405
9.3993993994	-0.80679312285	-0.979488625181	-1.78628174803
9.40940940941	-0.842333776112	-0.99021686212	-1.83255063823
9.41941941942	-0.874543466381	-0.997029340465	-1.87157280685
9.42942942943	-0.903294822193	-0.999899120642	-1.90319394283
9.43943943944	-0.928474147879	-0.998814854262	-1.92728900214
9.44944944945	-0.949981873168	-0.993780828997	-1.94376270217
9.45945945946	-0.967732946933	-0.984816951626	-1.95254989856
9.46946946947	-0.981657173522	-0.971958669312	-1.95361584283
9.47947947948	-0.991699490339	-0.955256829433	-1.94695631977
9.48948948949	-0.997820185589	-0.934777478503	-1.93259766409
9.4994994995	-0.999995055317	-0.910601600999	-1.91059665632
9.50950950951	-0.99821549912	-0.88282479911	-1.88104029823
9.51951951952	-0.992488554155	-0.851556914686	-1.84404546884
9.52952952953	-0.982836867314	-0.81692159487	-1.79975846218
9.53953953954	-0.969298605666	-0.779055803147	-1.74835440881
9.54954954955	-0.951927305529	-0.738109277725	-1.69003658325
9.55955955956	-0.930791660762	-0.694243939406	-1.62503560017
9.56956956957	-0.90597525112	-0.64763325128	-1.5536085024
9.57957957958	-0.877576211743	-0.598461532771	-1.47603774451
9.58958958959	-0.845706845082	-0.54692323076	-1.39263007584
9.5995995996	-0.81049317681	-0.493222150651	-1.30371532746
9.60960960961	-0.77207445746	-0.437570650438	-1.2096451079
9.61961961962	-0.730602611762	-0.380188800945	-1.11079141271
9.62962962963	-0.686241637869	-0.321303515566	-1.00754515344
9.63963963964	-0.639166958833	-0.261147652953	-0.900314611786
9.64964964965	-0.589564728906	-0.199959096185	-0.789523825091
9.65965965966	-0.537631097403	-0.137979812072	-0.675610909475
9.66966966967	-0.483571433037	-0.0754548943156	-0.559026327353
9.67967967968	-0.427599511804	-0.0126315942933	-0.440231106097
9.68968968969	-0.369936671614	0.0502416566799	-0.319695014934
9.6996996997	-0.310810937026	0.112916229761	-0.197894707265
9.70970970971	-0.250456117533	0.175144281768	-0.0753118357649
9.71971971972	-0.189110882978	0.236679735261	0.0475688522835
9.72972972973	-0.127017819747	0.297279251646	0.170261431899
9.73973973974	-0.0644224714728	0.356703193438	0.292280721965
9.74974974975	-0.00157236804759	0.414716571899	0.413144203851
9.75975975976	0.0612839532213	0.471089976287	0.532373929508
9.76976976977	0.123897930438	0.525600481048	0.649498411486
9.77977977978	0.186021960045	0.578032527363	0.764054487408
9.78978978979	0.247410375952	0.628178775563	0.875589151515
9.7997997998	0.307820421017	0.675840925044	0.983661346061
9.80980980981	0.367013207009	0.720830498435	1.08784370544
9.81981981982	0.424754659284	0.76296958692	1.1877242462
9.82982982983	0.480816442417	0.802091553771	1.28290799619
9.83983983984	0.534976863143	0.838041693303	1.37301855645
9.84984984985	0.587021747031	0.87067784265	1.45769958968
9.85985985986	0.636745285425	0.899870943938	1.53661622936
9.86986986987	0.683950849304	0.92550555464	1.60945640394
9.87987987988	0.728451766839	0.947480304086	1.67593207092
9.88988988989	0.770072061578	0.965708294326	1.7357803559
9.8998998999	0.808647148334	0.980117443768	1.7887645921
9.90990990991	0.84402448403	0.990650772215	1.83467525625
9.91991991992	0.876064170921	0.997266626195	1.87333079712
9.92992992993	0.904639509812	0.999938843673	1.90457835348
9.93993993994	0.929637501083	0.998656857511	1.92829435859
9.94994994995	0.95095929154	0.993425737254	1.94438502879
9.95995995996	0.968520565327	0.984266169081	1.95278673441
9.96996996997	0.982251877342	0.971214374006	1.95346625135
9.97997997998	0.992098927861	0.95432196464	1.9464208925
9.98998998999	0.99802277726	0.933655741095	1.93167851836
10.0	1.0	0.909297426826	1.90929742683
