System params: f_X=1.9, f_Y=0.9, A_X=1, A_Y=1, phi=0, dt=0.01, N=1000

t	X	Y	Z
0.0	1.0	0.0	1.0
0.01001001001	0.992868365367	0.0565750491838	1.04944341455
0.02002002002	0.971575181895	0.112968871429	1.08454405332
0.03003003003	0.936424159991	0.169000820322	1.10542498031
0.04004004004	0.887916668148	0.224491408638	1.11240807679
0.0500500500501	0.826744581781	0.279262883293	1.10600746507
0.0600600600601	0.753780414831	0.333139794742	1.08692020957
0.0700700700701	0.670064874858	0.385949558995	1.05601443385
0.0800800800801	0.576792019149	0.437523010457	1.01431502961
0.0900900900901	0.475292223561	0.487694943814	0.962987167375
0.1001001001	0.367013207009	0.536304643237	0.903317850246
0.11011011011	0.253499382261	0.583196397206	0.836695779468
0.12012012012	0.136369827566	0.628219997296	0.764589824862
0.13013013013	0.0172951933006	0.671231219341	0.688526412641
0.14014014014	-0.102026126964	0.712092285431	0.610066158467
0.15015015015	-0.219892221108	0.750672305253	0.530780084145
0.16016016016	-0.334621933292	0.786847695372	0.452225762079
0.17017017017	-0.44457884274	0.820502575107	0.375923732367
0.18018018018	-0.548194604445	0.851529137733	0.303334533289
0.19019019019	-0.643991318896	0.879827995816	0.23583667692
0.2002002002	-0.730602611762	0.905308499583	0.174705887821
0.21021021021	-0.80679312285	0.927889027297	0.121095904446
0.22022022022	-0.871476126386	0.94749724672	0.0760211203343
0.23023023023	-0.923729031273	0.964070346816	0.0403413155429
0.24024024024	-0.962806540259	0.977555238948	0.0147486986885
0.25025025025	-0.988151280311	0.98790872694	-0.000242553371002
0.26026026026	-0.999401752577	0.99509764545	-0.00430410712713
0.27027027027	-0.996397488543	0.999098966205	0.00270147766216
0.28028028028	-0.979181338833	0.999899871767	0.0207185329333
0.29029029029	-0.947998862029	0.997497796594	0.0494989345653
0.3003003003	-0.903294822193	0.991900435259	0.0886056130661
0.31031031031	-0.845706845082	0.983125717796	0.137418872714
0.32032032032	-0.77605632352	0.97120175227	0.195145428751
0.33033033033	-0.69533670165	0.956166734739	0.260830033089
0.34034034034	-0.604699305175	0.938068826896	0.333369521721
0.35035035035	-0.505436919686	0.916966001796	0.41152908211
0.36036036036	-0.398965351315	0.89292585815	0.493960506834
0.37037037037	-0.286803232711	0.866025403784	0.579222171073
0.38038038038	-0.170550362372	0.836350808966	0.665800446593
0.39039039039	-0.0518648862921	0.803997130367	0.752132244075
0.4004004004	0.0675603526269	0.769068006574	0.836628359201
0.41041041041	0.186021960045	0.731675326102	0.917697286146
0.42042042042	0.301830286157	0.691938868978	0.993769155135
0.43043043043	0.413333525626	0.649985923054	1.06331944868
0.44044044044	0.518941277722	0.605950876264	1.12489215399
0.45045045045	0.617147230641	0.559974786138	1.17712201678
0.46046046046	0.706550646434	0.512204927953	1.21875557439
0.47047047047	0.785876340107	0.462794322967	1.24867066307
0.48048048048	0.853992867932	0.411901248244	1.26589411618
0.49049049049	0.909928665531	0.359688729645	1.26961739518
0.500500500501	0.952885905561	0.306324019607	1.25920992517
0.510510510511	0.982251877342	0.251978061385	1.23422993873
0.520520520521	0.99760772611	0.196824941468	1.19443266758
0.530530530531	0.998734427259	0.141041331925	1.13977575918
0.540540540541	0.985615910348	0.0848059244755	1.07042183482
0.550550550551	0.958439288315	0.0282988580831	0.986738146398
0.560560560561	0.917592188639	-0.0282988580831	0.889293330556
0.570570570571	0.863657224501	-0.0848059244755	0.778851300026
0.580580580581	0.797403684817	-0.141041331925	0.656362352892
0.590590590591	0.719776561664	-0.196824941468	0.522951620196
0.600600600601	0.6318830716	-0.251978061385	0.379905010215
0.610610610611	0.534976863143	-0.306324019607	0.228652843536
0.620620620621	0.430440135636	-0.359688729645	0.0707514059911
0.630630630631	0.319763924571	-0.411901248244	-0.0921373236727
0.640640640641	0.204526834549	-0.462794322967	-0.258267488418
0.650650650651	0.0863725232145	-0.512204927953	-0.425832404739
0.660660660661	-0.0330137426761	-0.559974786138	-0.592988528814
0.670670670671	-0.151929124666	-0.605950876264	-0.757880000929
0.680680680681	-0.268677500641	-0.649985923054	-0.918663423694
0.690690690691	-0.381593657079	-0.691938868978	-1.07353252606
0.700700700701	-0.489067040436	-0.731675326102	-1.22074236654
0.710710710711	-0.589564728906	-0.769068006574	-1.35863273548
0.720720720721	-0.6816532969	-0.803997130367	-1.48565042727
0.730730730731	-0.764019260373	-0.836350808966	-1.60037006934
0.740740740741	-0.835487811413	-0.866025403784	-1.7015132152
0.750750750751	-0.89503957483	-0.89292585815	-1.78796543298
0.760760760761	-0.941825147789	-0.916966001796	-1.85879114959
0.770770770771	-0.975177215064	-0.938068826896	-1.91324604196
0.780780780781	-0.99462006714	-0.956166734739	-1.95078680188
0.790790790791	-0.999876385381	-0.97120175227	-1.97107813765
0.800800800801	-0.990871197506	-0.983125717796	-1.9739969153
0.810810810811	-0.967732946933	-0.991900435259	-1.95963338219
0.820820820821	-0.930791660762	-0.997497796594	-1.92828945736
0.830830830831	-0.880574242504	-0.999899871767	-1.88047411427
0.840840840841	-0.817796956717	-0.999098966205	-1.81689592292
0.850850850851	-0.743355212731	-0.99509764545	-1.73845285818
0.860860860861	-0.658310793188	-0.98790872694	-1.64621952013
0.870870870871	-0.56387670954	-0.977555238948	-1.54143194849
0.880880880881	-0.461399900552	-0.964070346816	-1.42547024737
0.890890890891	-0.352342020544	-0.94749724672	-1.29983926726
0.900900900901	-0.238258591423	-0.927889027297	-1.16614761872
0.910910910911	-0.120776815858	-0.905308499583	-1.02608531544
0.920920920921	-0.00157236804758	-0.879827995816	-0.881400363864
0.930930930931	0.117654506872	-0.851529137733	-0.733874630861
0.940940940941	0.235203243879	-0.820502575107	-0.585299331228
0.950950950951	0.349397213688	-0.786847695372	-0.437450481684
0.960960960961	0.458607636956	-0.750672305253	-0.292064668296
0.970970970971	0.561276816012	-0.712092285431	-0.150815469419
0.980980980981	0.655940352709	-0.671231219341	-0.0152908666317
0.990990990991	0.741248035533	-0.628219997296	0.113028038238
1.001001001	0.815983098035	-0.583196397206	0.232786700828
1.01101101101	0.879079573893	-0.536304643237	0.342774930655
1.02102102102	0.929637501083	-0.487694943814	0.441942557269
1.03103103103	0.966935758276	-0.437523010457	0.529412747819
1.04104104104	0.990442350387	-0.385949558995	0.604492791391
1.05105105105	0.999821996562	-0.333139794742	0.66668220182
1.06106106106	0.994940912384	-0.279262883293	0.715678029091
1.07107107107	0.975868718069	-0.224491408638	0.751377309432
1.08108108108	0.942877445461	-0.169000820322	0.773876625139
1.09109109109	0.896437657964	-0.112968871429	0.783468786535
1.1011011011	0.837211738773	-0.0565750491838	0.780636689589
1.11111111111	0.766044443119	-2.44929359829e-16	0.766044443119
1.12112112112	0.683950849304	0.0565750491838	0.740525898488
1.13113113113	0.592101880361	0.112968871429	0.70507075179
1.14114114114	0.491807602866	0.169000820322	0.660808423188
1.15115115115	0.384498541105	0.224491408638	0.608989949743
1.16116116116	0.27170527312	0.279262883293	0.550968156413
1.17117117117	0.155036599664	0.333139794742	0.488176394406
1.18118118118	0.036156597441	0.385949558995	0.422106156436
1.19119119119	-0.0832391160672	0.437523010457	0.35428389439
1.2012012012	-0.20144756765	0.487694943814	0.286247376164
1.21121121121	-0.316782718332	0.536304643237	0.219521924906
1.22122122122	-0.427599511804	0.583196397206	0.155596885403
1.23123123123	-0.532317338301	0.628219997296	0.0959026589945
1.24124124124	-0.629442579268	0.671231219341	0.0417886400729
1.25125125125	-0.71758991124	0.712092285431	-0.00549762580876
1.26126126126	-0.795502065086	0.750672305253	-0.0448297598329
1.27127127127	-0.862067758776	0.786847695372	-0.0752200634045
1.28128128128	-0.916337547898	0.820502575107	-0.0958349727913
1.29129129129	-0.957537367837	0.851529137733	-0.106008230104
1.3013013013	-0.985079574467	0.879827995816	-0.105251578651
1.31131131131	-0.998571325879	0.905308499583	-0.0932628262962
1.32132132132	-0.997820185589	0.927889027297	-0.0699311582925
1.33133133133	-0.982836867314	0.94749724672	-0.0353396205936
1.34134134134	-0.953835082157	0.964070346816	0.0102352646594
1.35135135135	-0.911228490388	0.977555238948	0.0663267485596
1.36136136136	-0.855624801299	0.98790872694	0.132283925641
1.37137137137	-0.787817105279	0.99509764545	0.207280540171
1.38138138138	-0.708772561755	0.999098966205	0.29032640445
1.39139139139	-0.619618604335	0.999899871767	0.380281267432
1.4014014014	-0.521626859919	0.997497796594	0.475870936676
1.41141141141	-0.416195011144	0.991900435259	0.575705424115
1.42142142142	-0.304826860859	0.983125717796	0.678298856937
1.43143143143	-0.189110882978	0.97120175227	0.782090869292
1.44144144144	-0.070697565652	0.956166734739	0.885469169087
1.45145145145	0.0487241300892	0.938068826896	0.986792956985
1.46146146146	0.167450860443	0.916966001796	1.08441686224
1.47147147147	0.283789194086	0.89292585815	1.17671505224
1.48148148148	0.396079766039	0.866025403784	1.26210516982
1.49149149149	0.502720945639	0.836350808966	1.3390717546
1.5015015015	0.602191681025	0.803997130367	1.40618881139
1.51151151151	0.693073194316	0.769068006574	1.46214120089
1.52152152152	0.774069218016	0.731675326102	1.50574454412
1.53153153153	0.84402448403	0.691938868978	1.53596335301
1.54154154154	0.901941201561	0.649985923054	1.55192712462
1.55155155155	0.946993288874	0.605950876264	1.55294416514
1.56156156156	0.978538155914	0.559974786138	1.53851294205
1.57157157157	0.996125869751	0.512204927953	1.5083307977
1.58158158158	0.999505572086	0.462794322967	1.46229989505
1.59159159159	0.988629057313	0.411901248244	1.40053030556
1.6016016016	0.963651460093	0.359688729645	1.32334018974
1.61161161161	0.92492904262	0.306324019607	1.23125306223
1.62162162162	0.873014113161	0.251978061385	1.12499217455
1.63163163163	0.808647148334	0.196824941468	1.0054720898
1.64164164164	0.732746231489	0.141041331925	0.873787563414
1.65165165165	0.646393957842	0.0848059244755	0.731199882317
1.66166166166	0.550821993122	0.0282988580831	0.579120851205
1.67167167167	0.447393505998	-0.0282988580831	0.419094647915
1.68168168168	0.33758372483	-0.0848059244755	0.252777800354
1.69169169169	0.222958896095	-0.141041331925	0.0819175641701
1.7017017017	0.10515394459	-0.196824941468	-0.0916709968776
1.71171171171	-0.0141508459408	-0.251978061385	-0.266128907326
1.72172172172	-0.133253799146	-0.306324019607	-0.439577818752
1.73173173173	-0.250456117533	-0.359688729645	-0.610144847177
1.74174174174	-0.364086112876	-0.411901248244	-0.77598736112
1.75175175175	-0.472523049956	-0.462794322967	-0.935317372924
1.76176176176	-0.574220263541	-0.512204927953	-1.08642519149
1.77177177177	-0.667727218889	-0.559974786138	-1.22770200503
1.78178178178	-0.751710201118	-0.605950876264	-1.35766107738
1.79179179179	-0.824971338339	-0.649985923054	-1.47495726139
1.8018018018	-0.886465687226	-0.691938868978	-1.5784045562
1.81181181181	-0.935316137322	-0.731675326102	-1.66699146342
1.82182182182	-0.970825921502	-0.769068006574	-1.73989392808
1.83183183183	-0.992488554155	-0.803997130367	-1.79648568452
1.84184184184	-0.999995055317	-0.836350808966	-1.83634586428
1.85185185185	-0.993238357742	-0.866025403784	-1.85926376153
1.86186186186	-0.972314834025	-0.89292585815	-1.86524069218
1.87187187187	-0.937522922021	-0.916966001796	-1.85448892382
1.88188188188	-0.889358868137	-0.938068826896	-1.82742769503
1.89189189189	-0.828509649244	-0.956166734739	-1.78467638398
1.9019019019	-0.755843174135	-0.97120175227	-1.7270449264
1.91191191191	-0.67239590431	-0.983125717796	-1.65552162211
1.92192192192	-0.57935807065	-0.991900435259	-1.57125850591
1.93193193193	-0.478056696828	-0.997497796594	-1.47555449342
1.94194194194	-0.369936671614	-0.999899871767	-1.36983654338
1.95195195195	-0.256540140042	-0.999098966205	-1.25563910625
1.96196196196	-0.139484507376	-0.99509764545	-1.13458215283
1.97197197197	-0.0204393696219	-0.98790872694	-1.00834809656
1.98198198198	0.0988973003642	-0.977555238948	-0.878657938583
1.99199199199	0.216823371526	-0.964070346816	-0.74724697529
2.002002002	0.331656832556	-0.94749724672	-0.615840414164
2.01201201201	0.44175978288	-0.927889027297	-0.486129244416
2.02202202202	0.54556179447	-0.905308499583	-0.359746705112
2.03203203203	0.641582311285	-0.879827995816	-0.238245684531
2.04204204204	0.728451766839	-0.851529137733	-0.123077370894
2.05205205205	0.804931118695	-0.820502575107	-0.015571456412
2.06206206206	0.869929521266	-0.786847695372	0.083081825894
2.07207207207	0.922519884832	-0.750672305253	0.17184757958
2.08208208208	0.96195209888	-0.712092285431	0.249859813449
2.09209209209	0.98766373112	-0.671231219341	0.316432511779
2.1021021021	0.99928804962	-0.628219997296	0.371068052325
2.11211211211	0.996659253595	-0.583196397206	0.413462856389
2.12212212212	0.979814838271	-0.536304643237	0.443510195033
2.13213213213	0.948995060078	-0.487694943814	0.461300116264
2.14214214214	0.904639509812	-0.437523010457	0.467116499355
2.15215215215	0.847380842629	-0.385949558995	0.461431283634
2.16216216216	0.778035754318	-0.333139794742	0.444895959576
2.17217217217	0.697593332546	-0.279262883293	0.418330449253
2.18218218218	0.607200949233	-0.224491408638	0.382709540596
2.19219219219	0.508147895284	-0.169000820322	0.339147074962
2.2022022022	0.401846991078	-0.112968871429	0.288878119649
2.21221221221	0.289814435034	-0.0565750491838	0.23323938585
2.22222222222	0.173648177667	-4.89858719659e-16	0.173648177667
2.23223223223	0.0550051295842	0.0565750491838	0.111580178768
2.24224224224	-0.0644224714728	0.112968871429	0.0485463999563
2.25225225225	-0.182931197472	0.169000820322	-0.0139303771505
2.26226226226	-0.298830726545	0.224491408638	-0.0743393179079
2.27227227227	-0.410467952501	0.279262883293	-0.131205069208
2.28228228228	-0.516250563526	0.333139794742	-0.183110768783
2.29229229229	-0.614669753754	0.385949558995	-0.228720194759
2.3023023023	-0.704321743776	0.437523010457	-0.266798733319
2.31231231231	-0.783927803117	0.487694943814	-0.296232859303
2.32232232232	-0.852352489117	0.536304643237	-0.31604784588
2.33233233233	-0.908619842057	0.583196397206	-0.32542344485
2.34234234234	-0.951927305529	0.628219997296	-0.323707308233
2.35235235235	-0.981657173522	0.671231219341	-0.310425954181
2.36236236236	-0.997385400923	0.712092285431	-0.285293115492
2.37237237237	-0.998887651789	0.750672305253	-0.248215346537
2.38238238238	-0.986142499113	0.786847695372	-0.199294803741
2.39239239239	-0.959331730437	0.820502575107	-0.13882915533
2.4024024024	-0.918837754976	0.851529137733	-0.0673086172429
2.41241241241	-0.865238149205	0.879827995816	0.0145898466116
2.42242242242	-0.799297418733	0.905308499583	0.10601108085
2.43243243243	-0.721956093955	0.927889027297	0.205932933342
2.44244244244	-0.634317315011	0.94749724672	0.31317993171
2.45245245245	-0.537631097403	0.964070346816	0.426439249413
2.46246246246	-0.433276502688	0.977555238948	0.54427873626
2.47247247247	-0.322741968549	0.98790872694	0.665166758392
2.48248248248	-0.207604078809	0.99509764545	0.787493566641
2.49249249249	-0.0895050761925	0.999098966205	0.909593890012
2.5025025025	0.0298705614263	0.999899871767	1.02977043319
2.51251251251	0.148820147184	0.997497796594	1.14631794378
2.52252252252	0.265647071111	0.991900435259	1.25754750637
2.53253253253	0.378684999333	0.983125717796	1.36181071713
2.54254254254	0.486321641442	0.97120175227	1.45752339371
2.55255255255	0.587021747031	0.956166734739	1.54318848177
2.56256256256	0.679349003377	0.938068826896	1.61741783027
2.57257257257	0.761986521963	0.916966001796	1.67895252376
2.58258258258	0.833755621609	0.89292585815	1.72668147976
2.59259259259	0.893632640323	0.866025403784	1.75965804411
2.6026026026	0.940763536065	0.836350808966	1.77711434503
2.61261261261	0.974476068176	0.803997130367	1.77847319854
2.62262262262	0.994289385735	0.769068006574	1.76335739231
2.63263263263	0.999920886057	0.731675326102	1.73159621216
2.64264264264	0.991290245538	0.691938868978	1.68322911452
2.65265265265	0.968520565327	0.649985923054	1.61850648838
2.66266266266	0.931936615503	0.605950876264	1.53788749177
2.67267267267	0.882060202795	0.559974786138	1.44203498893
2.68268268268	0.819602727906	0.512204927953	1.33180765586
2.69269269269	0.745455038618	0.462794322967	1.20824936159
2.7027027027	0.66067472339	0.411901248244	1.07257597163
2.71271271271	0.566471026685	0.359688729645	0.92615975633
2.72272272272	0.464187601196	0.306324019607	0.770511620803
2.73273273273	0.355283342961	0.251978061385	0.607261404347
2.74274274274	0.241311582741	0.196824941468	0.438136524208
2.75275275275	0.123897930438	0.141041331925	0.264939262363
2.76276276276	0.00471708859303	0.0848059244755	0.0895230130685
2.77277277277	-0.114531034357	0.0282988580831	-0.086232176274
2.78278278278	-0.232145570325	-0.0282988580831	-0.260444428408
2.79279279279	-0.346448951515	-0.0848059244755	-0.43125487599
2.8028028028	-0.455810838022	-0.141041331925	-0.596852169947
2.81281281281	-0.558671371813	-0.196824941468	-0.755496313281
2.82282282282	-0.653563425397	-0.251978061385	-0.905541486782
2.83283283283	-0.739133527863	-0.306324019607	-1.04545754747
2.84284284284	-0.814161169798	-0.359688729645	-1.17384989944
2.85285285285	-0.877576211743	-0.411901248244	-1.28947745999
2.86286286286	-0.928474147879	-0.462794322967	-1.39126847085
2.87287287287	-0.966129007238	-0.512204927953	-1.47833393519
2.88288288288	-0.990003708422	-0.559974786138	-1.54997849456
2.89289289289	-0.999757720139	-0.605950876264	-1.6057085964
2.9029029029	-0.995251918294	-0.649985923054	-1.64523784135
2.91291291291	-0.976550570352	-0.691938868978	-1.66848943933
2.92292292292	-0.943920418674	-0.731675326102	-1.67559574478
2.93293293293	-0.897826875899	-0.769068006574	-1.66689488247
2.94294294294	-0.83892738664	-0.803997130367	-1.64292451701
2.95295295295	-0.768062050171	-0.836350808966	-1.60441285914
2.96296296296	-0.686241637869	-0.866025403784	-1.55226704165
2.97297297297	-0.594633176304	-0.89292585815	-1.48755903445
2.98298298298	-0.494543301632	-0.916966001796	-1.41150930343
2.99299299299	-0.387399622686	-0.938068826896	-1.32546844958
3.003003003	-0.274730358608	-0.956166734739	-1.23089709335
3.01301301301	-0.158142541449	-0.97120175227	-1.12934429372
3.02302302302	-0.0392990946401	-0.983125717796	-1.02242481244
3.03303303303	0.0801048857378	-0.991900435259	-0.911795549521
3.04304304304	0.198366308561	-0.997497796594	-0.799131488033
3.05305305305	0.313798379312	-0.999899871767	-0.686101492455
3.06306306306	0.424754659284	-0.999098966205	-0.574344306921
3.07307307307	0.529652549179	-0.99509764545	-0.465445096271
3.08308308308	0.626995862148	-0.98790872694	-0.360912864792
3.09309309309	0.715396164307	-0.977555238948	-0.262159074641
3.1031031031	0.793592578344	-0.964070346816	-0.170477768473
3.11311311311	0.860469767748	-0.94749724672	-0.0870274789723
3.12312312312	0.915073845161	-0.927889027297	-0.0128151821357
3.13313313313	0.956625977922	-0.905308499583	0.0513174783398
3.14314314314	0.984533496775	-0.879827995816	0.104705500959
3.15315315315	0.998398349262	-0.851529137733	0.146869211529
3.16316316316	0.99802277726	-0.820502575107	0.177520202153
3.17317317317	0.983412137654	-0.786847695372	0.196564442282
3.18318318318	0.954774825929	-0.750672305253	0.204102520676
3.19319319319	0.912519303774	-0.712092285431	0.200427018343
3.2032032032	0.85724827308	-0.671231219341	0.186017053739
3.21321321321	0.78975007944	-0.628219997296	0.161530082145
3.22322322322	0.710987467765	-0.583196397206	0.127791070559
3.23323323323	0.622083850393	-0.536304643237	0.0857792071556
3.24324324324	0.524307283557	-0.487694943814	0.0366123397436
3.25325325325	0.419052380758	-0.437523010457	-0.0184706296985
3.26326326326	0.307820421017	-0.385949558995	-0.0781291379787
3.27327327327	0.192197935725	-0.333139794742	-0.140941859017
3.28328328328	0.0738340795231	-0.279262883293	-0.20542880377
3.29329329329	-0.0455828920356	-0.224491408638	-0.270074300673
3.3033033033	-0.164349702531	-0.169000820322	-0.333350522853
3.31331331331	-0.280772348966	-0.112968871429	-0.393741220395
3.32332332332	-0.393190263785	-0.0565750491838	-0.449765312969
3.33333333333	-0.5	-7.34788079488e-16	-0.5
3.34334334334	-0.599678101582	0.0565750491838	-0.543103052398
3.35335335335	-0.690802832929	0.112968871429	-0.5778339615
3.36336336336	-0.77207445746	0.169000820322	-0.603073637138
3.37337337337	-0.842333776112	0.224491408638	-0.617842367474
3.38338338338	-0.900578661304	0.279262883293	-0.621315778011
3.39339339339	-0.945978350556	0.333139794742	-0.612838555814
3.4034034034	-0.977885295874	0.385949558995	-0.591935736879
3.41341341341	-0.995844399907	0.437523010457	-0.55832138945
3.42342342342	-0.999599507118	0.487694943814	-0.511904563305
3.43343343343	-0.989097057402	0.536304643237	-0.452792414165
3.44344344344	-0.964486850027	0.583196397206	-0.38129045282
3.45345345345	-0.926119907006	0.628219997296	-0.297899909711
3.46346346346	-0.874543466381	0.671231219341	-0.20331224704
3.47347347347	-0.81049317681	0.712092285431	-0.0984008913793
3.48348348348	-0.734882604821	0.750672305253	0.0157897004315
3.49349349349	-0.648790204361	0.786847695372	0.13805749101
3.5035035035	-0.55344393452	0.820502575107	0.267058640587
3.51351351351	-0.450203744818	0.851529137733	0.401325392916
3.52352352352	-0.340542177879	0.879827995816	0.539285817938
3.53353353353	-0.22602336616	0.905308499583	0.679285133422
3.54354354354	-0.10828072231	0.927889027297	0.819608304986
3.55355355355	0.0110063586381	0.94749724672	0.958503605358
3.56356356356	0.13013645293	0.964070346816	1.09420679975
3.57357357357	0.247410375952	0.977555238948	1.2249656149
3.58358358358	0.361155418163	0.98790872694	1.3490641451
3.59359359359	0.469749203398	0.99509764545	1.46484684885
3.6036036036	0.571642829258	0.999098966205	1.57074179546
3.61361361361	0.665382959521	0.999899871767	1.66528283129
3.62362362362	0.749632553468	0.997497796594	1.74713035006
3.63363363363	0.823189936455	0.991900435259	1.81509037171
3.64364364364	0.885005939722	0.983125717796	1.86813165752
3.65365365365	0.934198864969	0.97120175227	1.90540061724
3.66366366366	0.970067060258	0.956166734739	1.926233795
3.67367367367	0.992098927861	0.938068826896	1.93016775476
3.68368368368	0.999980221319	0.916966001796	1.91694622311
3.69369369369	0.99359852762	0.89292585815	1.88652438577
3.7037037037	0.97304487058	0.866025403784	1.83907027436
3.71371371371	0.938612412544	0.836350808966	1.77496322151
3.72372372372	0.890792272932	0.803997130367	1.6947894033
3.73373373373	0.830266523272	0.769068006574	1.59933452985
3.74374374374	0.757898458629	0.731675326102	1.48957378473
3.75375375375	0.674720284195	0.691938868978	1.36665915317
3.76376376376	0.581918392668	0.649985923054	1.23190431572
3.77377377377	0.480816442417	0.605950876264	1.08676731868
3.78378378378	0.37285647778	0.559974786138	0.932831263918
3.79379379379	0.259578360804	0.512204927953	0.771783288757
3.8038038038	0.142597807772	0.462794322967	0.605392130739
3.81381381381	0.0235833438109	0.411901248244	0.435484592055
3.82382382382	-0.095767495733	0.359688729645	0.263921233912
3.83383383383	-0.213752377698	0.306324019607	0.0925716419084
3.84384384384	-0.328688451945	0.251978061385	-0.0767103905594
3.85385385385	-0.438936354296	0.196824941468	-0.242111412829
3.86386386386	-0.542923589236	0.141041331925	-0.401882257312
3.87387387387	-0.639166958833	0.0848059244755	-0.554361034357
3.88388388388	-0.72629371799	0.0282988580831	-0.697994859907
3.89389389389	-0.803061154282	-0.0282988580831	-0.831360012365
3.9039039039	-0.868374313094	-0.0848059244755	-0.95318023757
3.91391391391	-0.921301615256	-0.141041331925	-1.06234294718
3.92392392392	-0.961088144404	-0.196824941468	-1.15791308587
3.93393393393	-0.987166414562	-0.251978061385	-1.23914447595
3.94394394394	-0.999164464339	-0.306324019607	-1.30548848395
3.95395395395	-0.996911162321	-0.359688729645	-1.35659989197
3.96396396396	-0.980438647961	-0.411901248244	-1.39233989621
3.97397397397	-0.949981873168	-0.462794322967	-1.41277619614
3.98398398398	-0.90597525112	-0.512204927953	-1.41818017907
3.99399399399	-0.849046460119	-0.559974786138	-1.40902124626
4.004004004	-0.780007490838	-0.605950876264	-1.3859583671
4.01401401401	-0.699843064686	-0.649985923054	-1.34982898774
4.02402402402	-0.609696588459	-0.691938868978	-1.30163545744
4.03403403403	-0.510853845621	-0.731675326102	-1.24252917172
4.04404404404	-0.404724656828	-0.769068006574	-1.1737926634
4.05405405405	-0.292822771277	-0.803997130367	-1.09681990164
4.06406406406	-0.176744275691	-0.836350808966	-1.01309508466
4.07407407407	-0.0581448289105	-0.866025403784	-0.924170232695
4.08408408408	0.0612839532213	-0.89292585815	-0.831641904928
4.09409409409	0.179838625827	-0.916966001796	-0.737127375969
4.1041041041	0.295828211688	-0.938068826896	-0.642240615209
4.11411411411	0.407598320109	-0.956166734739	-0.54856841463
4.12412412412	0.513554743939	-0.97120175227	-0.457647008332
4.13413413413	0.612186198173	-0.983125717796	-0.370939519623
4.14414414414	0.702085875823	-0.991900435259	-0.289814559436
4.15415415415	0.781971513578	-0.997497796594	-0.215526283016
4.16416416416	0.850703681078	-0.999899871767	-0.149196190689
4.17417417417	0.907302032909	-0.999098966205	-0.0917969332956
4.18418418418	0.95095929154	-0.99509764545	-0.0441383539099
4.19419419419	0.981052761736	-0.98790872694	-0.00685596520401
4.2042042042	0.997153212228	-0.977555238948	0.0195979732804
4.21421421421	0.999030997955	-0.964070346816	0.0349606511392
4.22422422422	0.986659335554	-0.94749724672	0.0391620888341
4.23423423423	0.960214685378	-0.927889027297	0.0323256580812
4.24424424424	0.920074234591	-0.905308499583	0.0147657350084
4.25425425425	0.866810517252	-0.879827995816	-0.013017478564
4.26426426426	0.801183248104	-0.851529137733	-0.050345889629
4.27427427427	0.724128486558	-0.820502575107	-0.0963740885492
4.28428428428	0.636745285425	-0.786847695372	-0.150102409947
4.29429429429	0.540280014833	-0.750672305253	-0.21039229042
4.3043043043	0.436108584911	-0.712092285431	-0.27598370052
4.31431431431	0.325716820813	-0.671231219341	-0.345514398528
4.32432432432	0.210679269996	-0.628219997296	-0.4175407273
4.33433433433	0.092636744022	-0.583196397206	-0.490559653184
4.34434434434	-0.0267270847755	-0.536304643237	-0.563031728013
4.35435435435	-0.145709697966	-0.487694943814	-0.63340464178
4.36436436436	-0.2626140145	-0.437523010457	-0.700137024957
4.37437437437	-0.375772596633	-0.385949558995	-0.761722155628
4.38438438438	-0.483571433037	-0.333139794742	-0.816711227779
4.39439439439	-0.584472959883	-0.279262883293	-0.863735843176
4.4044044044	-0.677037991524	-0.224491408638	-0.901529400161
4.41441441441	-0.759946247989	-0.169000820322	-0.928947068311
4.42442442442	-0.832015186492	-0.112968871429	-0.944984057921
4.43443443443	-0.892216868357	-0.0565750491838	-0.948791917541
4.44444444444	-0.939692620786	-9.79717439318e-16	-0.939692620786
4.45445445445	-0.973765284338	0.0565750491838	-0.917190235154
4.46446446446	-0.993948871439	0.112968871429	-0.88098000001
4.47447447447	-0.99995549815	0.169000820322	-0.830954677829
4.48448448448	-0.991699490339	0.224491408638	-0.767208081701
4.49449449449	-0.969298605666	0.279262883293	-0.690035722373
4.5045045045	-0.933072353983	0.333139794742	-0.599932559241
4.51451451451	-0.88353744007	0.385949558995	-0.497587881075
4.52452452452	-0.821400393745	0.437523010457	-0.383877383288
4.53453453453	-0.747547492428	0.487694943814	-0.259852548615
4.54454454454	-0.663032119939	0.536304643237	-0.126727476702
4.55455455455	-0.569059741792	0.583196397206	0.0141366554146
4.56456456456	-0.466970711319	0.628219997296	0.161249285976
4.57457457457	-0.358221151852	0.671231219341	0.313010067489
4.58458458458	-0.24436218764	0.712092285431	0.467730097791
4.59459459459	-0.127017819747	0.750672305253	0.623654485506
4.6046046046	-0.00786176248947	0.786847695372	0.778985932882
4.61461461461	0.111406429203	0.820502575107	0.93190900431
4.62462462462	0.229085600998	0.851529137733	1.08061473873
4.63463463463	0.343497263182	0.879827995816	1.223325259
4.64464464464	0.453009531408	0.905308499583	1.35831803099
4.65465465465	0.556060402709	0.927889027297	1.48394943001
4.66466466466	0.651180034758	0.94749724672	1.59867728148
4.67467467467	0.737011710631	0.964070346816	1.70108205745
4.68468468468	0.812331190024	0.977555238948	1.78988642897
4.69469469469	0.876064170921	0.98790872694	1.86397289786
4.7047047047	0.927301612655	0.99509764545	1.9223992581
4.71471471471	0.965312701797	0.999098966205	1.964411668
4.72472472472	0.989555275949	0.999899871767	1.98945514772
4.73473473473	0.999683556747	0.997497796594	1.99718135334
4.74474474474	0.995553081795	0.991900435259	1.98745351705
4.75475475475	0.977222765169	0.983125717796	1.96034848297
4.76476476476	0.944954057113	0.97120175227	1.91615580938
4.77477477477	0.899207214896	0.956166734739	1.85537394964
4.78478478478	0.840634738048	0.938068826896	1.77870356494
4.79479479479	0.770072061578	0.916966001796	1.68703806337
4.8048048048	0.688525639939	0.89292585815	1.58145149809
4.81481481481	0.597158591703	0.866025403784	1.46318399549
4.82482482482	0.497274109679	0.836350808966	1.33362491864
4.83483483483	0.39029687313	0.803997130367	1.1942940035
4.84484484484	0.277752727186	0.769068006574	1.04682073376
4.85485485485	0.161246919305	0.731675326102	0.892922245407
4.86486486486	0.0424412031961	0.691938868978	0.734380072174
4.87487487487	-0.076969863222	0.649985923054	0.573016059832
4.88488488488	-0.195283087756	0.605950876264	0.410667788508
4.89489489489	-0.310810937026	0.559974786138	0.249163849112
4.9049049049	-0.421905606211	0.512204927953	0.0902993217426
4.91491491491	-0.526982522129	0.462794322967	-0.0641881991621
4.92492492492	-0.624542944437	0.411901248244	-0.212641696193
4.93493493493	-0.713195342561	0.359688729645	-0.353506612916
4.94494494494	-0.791675243475	0.306324019607	-0.485351223868
4.95495495495	-0.85886326722	0.251978061385	-0.606885205835
4.96496496496	-0.913801092924	0.196824941468	-0.716976151456
4.97497497497	-0.955705127584	0.141041331925	-0.814663795659
4.98498498498	-0.983977682672	0.0848059244755	-0.899171758196
4.99499499499	-0.99821549912	0.0282988580831	-0.969916641037
5.00500500501	-0.99821549912	-0.0282988580831	-1.0265143572
5.01501501502	-0.983977682672	-0.0848059244755	-1.06878360715
5.02502502503	-0.955705127584	-0.141041331925	-1.09674645951
5.03503503504	-0.913801092924	-0.196824941468	-1.11062603439
5.04504504505	-0.85886326722	-0.251978061385	-1.11084132861
5.05505505506	-0.791675243475	-0.306324019607	-1.09799926308
5.06506506507	-0.713195342561	-0.359688729645	-1.07288407221
5.07507507508	-0.624542944437	-0.411901248244	-1.03644419268
5.08508508509	-0.526982522129	-0.462794322967	-0.989776845097
5.0950950951	-0.421905606211	-0.512204927953	-0.934110534164
5.10510510511	-0.310810937026	-0.559974786138	-0.870785723163
5.11511511512	-0.195283087756	-0.605950876264	-0.801233964019
5.12512512513	-0.076969863222	-0.649985923054	-0.726955786276
5.13513513514	0.0424412031961	-0.691938868978	-0.649497665781
5.14514514515	0.161246919305	-0.731675326102	-0.570428406797
5.15515515516	0.277752727186	-0.769068006574	-0.491315279388
5.16516516517	0.39029687313	-0.803997130367	-0.413700257237
5.17517517518	0.497274109679	-0.836350808966	-0.339076699287
5.18518518519	0.597158591703	-0.866025403784	-0.268866812082
5.1951951952	0.688525639939	-0.89292585815	-0.20440021821
5.20520520521	0.770072061578	-0.916966001796	-0.146893940218
5.21521521522	0.840634738048	-0.938068826896	-0.0974340888482
5.22522522523	0.899207214896	-0.956166734739	-0.0569595198434
5.23523523524	0.944954057113	-0.97120175227	-0.0262476951578
5.24524524525	0.977222765169	-0.983125717796	-0.00590295262628
5.25525525526	0.995553081795	-0.991900435259	0.0036526465358
5.26526526527	0.999683556747	-0.997497796594	0.00218576015203
5.27527527528	0.989555275949	-0.999899871767	-0.0103445958182
5.28528528529	0.965312701797	-0.999098966205	-0.0337862644077
5.2952952953	0.927301612655	-0.99509764545	-0.0677960327956
5.30530530531	0.876064170921	-0.98790872694	-0.111844556019
5.31531531532	0.812331190024	-0.977555238948	-0.165224048924
5.32532532533	0.737011710631	-0.964070346816	-0.227058636185
5.33533533534	0.651180034758	-0.94749724672	-0.296317211963
5.34534534535	0.556060402709	-0.927889027297	-0.371828624588
5.35535535536	0.453009531408	-0.905308499583	-0.452298968174
5.36536536537	0.343497263182	-0.879827995816	-0.536330732635
5.37537537538	0.229085600998	-0.851529137733	-0.622443536735
5.38538538539	0.111406429203	-0.820502575107	-0.709096145904
5.3953953954	-0.00786176248947	-0.786847695372	-0.794709457861
5.40540540541	-0.127017819747	-0.750672305253	-0.877690125
5.41541541542	-0.24436218764	-0.712092285431	-0.956454473071
5.42542542543	-0.358221151852	-0.671231219341	-1.02945237119
5.43543543544	-0.466970711319	-0.628219997296	-1.09519070861
5.44544544545	-0.569059741792	-0.583196397206	-1.152256139
5.45545545546	-0.663032119939	-0.536304643237	-1.19933676318
5.46546546547	-0.747547492428	-0.487694943814	-1.23524243624
5.47547547548	-0.821400393745	-0.437523010457	-1.2589234042
5.48548548549	-0.88353744007	-0.385949558995	-1.26948699907
5.4954954955	-0.933072353983	-0.333139794742	-1.26621214872
5.50550550551	-0.969298605666	-0.279262883293	-1.24856148896
5.51551551552	-0.991699490339	-0.224491408638	-1.21619089898
5.52552552553	-0.99995549815	-0.169000820322	-1.16895631847
5.53553553554	-0.993948871439	-0.112968871429	-1.10691774287
5.54554554555	-0.973765284338	-0.0565750491838	-1.03034033352
5.55555555556	-0.939692620786	-1.22464679915e-15	-0.939692620786
5.56556556557	-0.892216868357	0.0565750491838	-0.835641819173
5.57557557558	-0.832015186492	0.112968871429	-0.719046315063
5.58558558559	-0.759946247989	0.169000820322	-0.590945427667
5.5955955956	-0.677037991524	0.224491408638	-0.452546582886
5.60560560561	-0.584472959883	0.279262883293	-0.30521007659
5.61561561562	-0.483571433037	0.333139794742	-0.150431638295
5.62562562563	-0.375772596633	0.385949558995	0.0101769623626
5.63563563564	-0.2626140145	0.437523010457	0.174908995957
5.64564564565	-0.145709697966	0.487694943814	0.341985245847
5.65565565566	-0.0267270847755	0.536304643237	0.509577558462
5.66566566567	0.092636744022	0.583196397206	0.675833141228
5.67567567568	0.210679269996	0.628219997296	0.838899267291
5.68568568569	0.325716820813	0.671231219341	0.996948040154
5.6956956957	0.436108584911	0.712092285431	1.14820087034
5.70570570571	0.540280014833	0.750672305253	1.29095232009
5.71571571572	0.636745285425	0.786847695372	1.4235929808
5.72572572573	0.724128486558	0.820502575107	1.54463106166
5.73573573574	0.801183248104	0.851529137733	1.65271238584
5.74574574575	0.866810517252	0.879827995816	1.74663851307
5.75575575576	0.920074234591	0.905308499583	1.82538273417
5.76576576577	0.960214685378	0.927889027297	1.88810371267
5.77577577578	0.986659335554	0.94749724672	1.93415658227
5.78578578579	0.999030997955	0.964070346816	1.96310134477
5.7957957958	0.997153212228	0.977555238948	1.97470845118
5.80580580581	0.981052761736	0.98790872694	1.96896148868
5.81581581582	0.95095929154	0.99509764545	1.94605693699
5.82582582583	0.907302032909	0.999098966205	1.90640099911
5.83583583584	0.850703681078	0.999899871767	1.85060355284
5.84584584585	0.781971513578	0.997497796594	1.77946931017
5.85585585586	0.702085875823	0.991900435259	1.69398631108
5.86586586587	0.612186198173	0.983125717796	1.59531191597
5.87587587588	0.513554743939	0.97120175227	1.48475649621
5.88588588589	0.407598320109	0.956166734739	1.36376505485
5.8958958959	0.295828211688	0.938068826896	1.23389703858
5.90590590591	0.179838625827	0.916966001796	1.09680462762
5.91591591592	0.0612839532213	0.89292585815	0.954209811371
5.92592592593	-0.0581448289105	0.866025403784	0.807880574874
5.93593593594	-0.176744275691	0.836350808966	0.659606533275
5.94594594595	-0.292822771277	0.803997130367	0.51117435909
5.95595595596	-0.404724656828	0.769068006574	0.364343349746
5.96596596597	-0.510853845621	0.731675326102	0.22082148048
5.97597597598	-0.609696588459	0.691938868978	0.0822422805182
5.98598598599	-0.699843064686	0.649985923054	-0.0498571416323
5.995995996	-0.780007490838	0.605950876264	-0.174056614574
6.00600600601	-0.849046460119	0.559974786138	-0.289071673981
6.01601601602	-0.90597525112	0.512204927953	-0.393770323167
6.02602602603	-0.949981873168	0.462794322967	-0.487187550201
6.03603603604	-0.980438647961	0.411901248244	-0.568537399717
6.04604604605	-0.996911162321	0.359688729645	-0.637222432676
6.05605605606	-0.999164464339	0.306324019607	-0.692840444732
6.06606606607	-0.987166414562	0.251978061385	-0.735188353177
6.07607607608	-0.961088144404	0.196824941468	-0.764263202937
6.08608608609	-0.921301615256	0.141041331925	-0.780260283331
6.0960960961	-0.868374313094	0.0848059244755	-0.783568388619
6.10610610611	-0.803061154282	0.0282988580831	-0.774762296199
6.11611611612	-0.72629371799	-0.0282988580831	-0.754592576073
6.12612612613	-0.639166958833	-0.0848059244755	-0.723972883308
6.13613613614	-0.542923589237	-0.141041331925	-0.683964921161
6.14614614615	-0.438936354296	-0.196824941468	-0.635761295764
6.15615615616	-0.328688451945	-0.251978061385	-0.58066651333
6.16616616617	-0.213752377698	-0.306324019607	-0.520076397305
6.17617617618	-0.095767495733	-0.359688729645	-0.455456225378
6.18618618619	0.0235833438108	-0.411901248244	-0.388317904433
6.1961961962	0.142597807772	-0.462794322967	-0.320196515196
6.20620620621	0.259578360804	-0.512204927953	-0.252626567149
6.21621621622	0.37285647778	-0.559974786138	-0.187118308357
6.22622622623	0.480816442417	-0.605950876264	-0.125134433847
6.23623623624	0.581918392668	-0.649985923054	-0.0680675303853
6.24624624625	0.674720284195	-0.691938868978	-0.0172185847829
6.25625625626	0.757898458629	-0.731675326102	0.0262231325273
6.26626626627	0.830266523272	-0.769068006574	0.0611985166978
6.27627627628	0.890792272932	-0.803997130367	0.0867951425651
6.28628628629	0.938612412544	-0.836350808966	0.102261603578
6.2962962963	0.97304487058	-0.866025403784	0.107019466795
6.30630630631	0.99359852762	-0.89292585815	0.10067266947
6.31631631632	0.999980221319	-0.916966001796	0.0830142195227
6.32632632633	0.992098927861	-0.938068826896	0.054030100965
6.33633633634	0.970067060258	-0.956166734739	0.0139003255187
6.34634634635	0.934198864969	-0.97120175227	-0.0370028873014
6.35635635636	0.885005939722	-0.983125717796	-0.098119778074
6.36636636637	0.823189936455	-0.991900435259	-0.168710498804
6.37637637638	0.749632553468	-0.997497796594	-0.247865243126
6.38638638639	0.665382959521	-0.999899871767	-0.334516912245
6.3963963964	0.571642829258	-0.999098966205	-0.427456136946
6.40640640641	0.469749203398	-0.99509764545	-0.525348442052
6.41641641642	0.361155418163	-0.98790872694	-0.626753308777
6.42642642643	0.247410375952	-0.977555238948	-0.730144862996
6.43643643644	0.13013645293	-0.964070346816	-0.833933893886
6.44644644645	0.0110063586381	-0.94749724672	-0.936490888082
6.45645645646	-0.10828072231	-0.927889027297	-1.03616974961
6.46646646647	-0.22602336616	-0.905308499583	-1.13133186574
6.47647647648	-0.340542177879	-0.879827995816	-1.2203701737
6.48648648649	-0.450203744818	-0.851529137733	-1.30173288255
6.4964964965	-0.55344393452	-0.820502575107	-1.37394650963
6.50650650651	-0.648790204361	-0.786847695372	-1.43563789973
6.51651651652	-0.734882604821	-0.750672305253	-1.48555491007
6.52652652653	-0.81049317681	-0.712092285431	-1.52258546224
6.53653653654	-0.874543466381	-0.671231219341	-1.54577468572
6.54654654655	-0.926119907006	-0.628219997296	-1.5543399043
6.55655655656	-0.964486850027	-0.583196397206	-1.54768324723
6.56656656657	-0.989097057402	-0.536304643237	-1.52540170064
6.57657657658	-0.999599507118	-0.487694943814	-1.48729445093
6.58658658659	-0.995844399907	-0.437523010457	-1.43336741036
6.5965965966	-0.977885295874	-0.385949558995	-1.36383485487
6.60660660661	-0.945978350556	-0.333139794742	-1.2791181453
6.61661661662	-0.900578661304	-0.279262883293	-1.1798415446
6.62662662663	-0.842333776112	-0.224491408638	-1.06682518475
6.63663663664	-0.77207445746	-0.169000820322	-0.941075277782
6.64664664665	-0.690802832929	-0.112968871429	-0.803771704358
6.65665665666	-0.599678101582	-0.0565750491838	-0.656253150766
6.66666666667	-0.5	-1.46957615898e-15	-0.5
6.67667667668	-0.393190263785	0.0565750491838	-0.336615214602
6.68668668669	-0.280772348966	0.112968871429	-0.167803477537
6.6966966967	-0.164349702531	0.169000820322	0.00465111779055
6.70670670671	-0.0455828920356	0.224491408638	0.178908516602
6.71671671672	0.0738340795231	0.279262883293	0.353096962816
6.72672672673	0.192197935725	0.333139794742	0.525337730467
6.73673673674	0.307820421017	0.385949558995	0.693769980012
6.74674674675	0.419052380758	0.437523010457	0.856575391215
6.75675675676	0.524307283557	0.487694943814	1.01200222737
6.76676676677	0.622083850393	0.536304643237	1.15838849363
6.77677677678	0.710987467765	0.583196397206	1.29418386497
6.78678678679	0.78975007944	0.628219997296	1.41797007674
6.7967967968	0.85724827308	0.671231219341	1.52847949242
6.80680680681	0.912519303774	0.712092285431	1.62461158921
6.81681681682	0.954774825929	0.750672305253	1.70544713118
6.82682682683	0.983412137654	0.786847695372	1.77025983303
6.83683683684	0.99802277726	0.820502575107	1.81852535237
6.84684684685	0.998398349262	0.851529137733	1.849927487
6.85685685686	0.984533496775	0.879827995816	1.86436149259
6.86686686687	0.956625977922	0.905308499583	1.86193447751
6.87687687688	0.915073845161	0.927889027297	1.84296287246
6.88688688689	0.860469767748	0.94749724672	1.80796701447
6.8968968969	0.793592578344	0.964070346816	1.75766292516
6.90690690691	0.715396164307	0.977555238948	1.69295140325
6.91691691692	0.626995862148	0.98790872694	1.61490458909
6.92692692693	0.529652549179	0.99509764545	1.52475019463
6.93693693694	0.424754659284	0.999098966205	1.42385362549
6.94694694695	0.313798379312	0.999899871767	1.31369825108
6.95695695696	0.198366308561	0.997497796594	1.19586410516
6.96696696697	0.0801048857378	0.991900435259	1.072005321
6.97697697698	-0.0392990946401	0.983125717796	0.943826623156
6.98698698699	-0.158142541449	0.97120175227	0.813059210821
6.996996997	-0.274730358608	0.956166734739	0.681436376132
7.00700700701	-0.387399622686	0.938068826896	0.55066920421
7.01701701702	-0.494543301632	0.916966001796	0.422422700164
7.02702702703	-0.594633176304	0.89292585815	0.298292681845
7.03703703704	-0.686241637869	0.866025403784	0.179783765916
7.04704704705	-0.768062050171	0.836350808966	0.0682887587945
7.05705705706	-0.83892738664	0.803997130367	-0.034930256273
7.06706706707	-0.897826875899	0.769068006574	-0.128758869325
7.07707707708	-0.943920418674	0.731675326102	-0.212245092572
7.08708708709	-0.976550570352	0.691938868978	-0.284611701374
7.0970970971	-0.995251918294	0.649985923054	-0.34526599524
7.10710710711	-0.999757720139	0.605950876264	-0.393806843876
7.11711711712	-0.990003708422	0.559974786138	-0.430028922284
7.12712712713	-0.966129007238	0.512204927953	-0.453924079285
7.13713713714	-0.928474147879	0.462794322967	-0.465679824911
7.14714714715	-0.877576211743	0.411901248244	-0.465674963499
7.15715715716	-0.814161169798	0.359688729645	-0.454472440153
7.16716716717	-0.739133527863	0.306324019607	-0.432809508256
7.17717717718	-0.653563425397	0.251978061385	-0.401585364012
7.18718718719	-0.558671371813	0.196824941468	-0.361846430345
7.1971971972	-0.455810838022	0.141041331925	-0.314769506097
7.20720720721	-0.346448951515	0.0848059244755	-0.261643027039
7.21721721722	-0.232145570325	0.0282988580831	-0.203846712242
7.22722722723	-0.114531034357	-0.0282988580831	-0.14282989244
7.23723723724	0.00471708859302	-0.0848059244755	-0.0800888358825
7.24724724725	0.123897930438	-0.141041331925	-0.0171434014865
7.25725725726	0.241311582741	-0.196824941468	0.0444866412729
7.26726726727	0.355283342961	-0.251978061385	0.103305281576
7.27727727728	0.464187601196	-0.306324019607	0.157863581589
7.28728728729	0.566471026685	-0.359688729645	0.206782297041
7.2972972973	0.66067472339	-0.411901248244	0.248773475146
7.30730730731	0.745455038618	-0.462794322967	0.282660715651
7.31731731732	0.819602727906	-0.512204927953	0.307397799953
7.32732732733	0.882060202795	-0.559974786138	0.322085416657
7.33733733734	0.931936615503	-0.605950876264	0.32598573924
7.34734734735	0.968520565327	-0.649985923054	0.318534642273
7.35735735736	0.991290245538	-0.691938868978	0.29935137656
7.36736736737	0.999920886057	-0.731675326102	0.268245559955
7.37737737738	0.994289385735	-0.769068006574	0.22522137916
7.38738738739	0.974476068176	-0.803997130367	0.170478937809
7.3973973974	0.940763536065	-0.836350808966	0.104412727099
7.40740740741	0.893632640323	-0.866025403784	0.027607236539
7.41741741742	0.833755621609	-0.89292585815	-0.0591702365404
7.42742742743	0.761986521963	-0.916966001796	-0.154979479833
7.43743743744	0.679349003377	-0.938068826896	-0.258719823519
7.44744744745	0.587021747031	-0.956166734739	-0.369144987708
7.45745745746	0.486321641442	-0.97120175227	-0.484880110828
7.46746746747	0.378684999333	-0.983125717796	-0.604440718463
7.47747747748	0.265647071111	-0.991900435259	-0.726253364148
7.48748748749	0.148820147184	-0.997497796594	-0.84867764941
7.4974974975	0.0298705614263	-0.999899871767	-0.97002931034
7.50750750751	-0.0895050761925	-0.999098966205	-1.0886040424
7.51751751752	-0.207604078809	-0.99509764545	-1.20270172426
7.52752752753	-0.322741968549	-0.98790872694	-1.31065069549
7.53753753754	-0.433276502688	-0.977555238948	-1.41083174164
7.54754754755	-0.537631097403	-0.964070346816	-1.50170144422
7.55755755756	-0.634317315011	-0.94749724672	-1.58181456173
7.56756756757	-0.721956093955	-0.927889027297	-1.64984512125
7.57757757758	-0.799297418733	-0.905308499583	-1.70460591832
7.58758758759	-0.865238149205	-0.879827995816	-1.74506614502
7.5975975976	-0.918837754976	-0.851529137733	-1.77036689271
7.60760760761	-0.959331730437	-0.820502575107	-1.77983430554
7.61761761762	-0.986142499113	-0.786847695372	-1.77299019448
7.62762762763	-0.998887651789	-0.750672305253	-1.74955995704
7.63763763764	-0.997385400923	-0.712092285431	-1.70947768635
7.64764764765	-0.981657173522	-0.671231219341	-1.65288839286
7.65765765766	-0.951927305529	-0.628219997296	-1.58014730282
7.66766766767	-0.908619842057	-0.583196397206	-1.49181623926
7.67767767768	-0.852352489117	-0.536304643237	-1.38865713235
7.68768768769	-0.783927803117	-0.487694943814	-1.27162274693
7.6976976977	-0.704321743776	-0.437523010457	-1.14184475423
7.70770770771	-0.614669753754	-0.385949558995	-1.00061931275
7.71771771772	-0.516250563526	-0.333139794742	-0.849390358268
7.72772772773	-0.410467952501	-0.279262883293	-0.689730835794
7.73773773774	-0.298830726545	-0.224491408638	-0.523322135183
7.74774774775	-0.182931197472	-0.169000820322	-0.351932017794
7.75775775776	-0.0644224714728	-0.112968871429	-0.177391342902
7.76776776777	0.0550051295842	-0.0565750491838	-0.0015699195996
7.77777777778	0.173648177667	-1.71450551881e-15	0.173648177667
7.78778778779	0.289814435034	0.0565750491838	0.346389484218
7.7977977978	0.401846991078	0.112968871429	0.514815862507
7.80780780781	0.508147895284	0.169000820322	0.677148715606
7.81781781782	0.607200949233	0.224491408638	0.831692357871
7.82782782783	0.697593332546	0.279262883293	0.976856215839
7.83783783784	0.778035754318	0.333139794742	1.11117554906
7.84784784785	0.847380842629	0.385949558995	1.23333040162
7.85785785786	0.904639509812	0.437523010457	1.34216252027
7.86786786787	0.948995060078	0.487694943814	1.43669000389
7.87787787788	0.979814838271	0.536304643237	1.51611948151
7.88788788789	0.996659253595	0.583196397206	1.5798556508
7.8978978979	0.99928804962	0.628219997296	1.62750804692
7.90790790791	0.98766373112	0.671231219341	1.65889495046
7.91791791792	0.96195209888	0.712092285431	1.67404438431
7.92792792793	0.922519884832	0.750672305253	1.67319219009
7.93793793794	0.869929521266	0.786847695372	1.65677721664
7.94794794795	0.804931118695	0.820502575107	1.6254336938
7.95795795796	0.728451766839	0.851529137733	1.57998090457
7.96796796797	0.641582311285	0.879827995816	1.5214103071
7.97797797798	0.545561794471	0.905308499583	1.45087029405
7.98798798799	0.44175978288	0.927889027297	1.36964881018
7.997997998	0.331656832556	0.94749724672	1.27915407928
8.00800800801	0.216823371526	0.964070346816	1.18089371834
8.01801801802	0.0988973003642	0.977555238948	1.07645253931
8.02802802803	-0.0204393696219	0.98790872694	0.967469357318
8.03803803804	-0.139484507376	0.99509764545	0.855613138075
8.04804804805	-0.256540140042	0.999098966205	0.742558826163
8.05805805806	-0.369936671614	0.999899871767	0.629963200153
8.06806806807	-0.478056696828	0.997497796594	0.519441099767
8.07807807808	-0.57935807065	0.991900435259	0.412542364609
8.08808808809	-0.67239590431	0.983125717796	0.310729813485
8.0980980981	-0.755843174135	0.97120175227	0.215358578136
8.10810810811	-0.828509649244	0.956166734739	0.127657085495
8.11811811812	-0.889358868137	0.938068826896	0.048709958759
8.12812812813	-0.937522922021	0.916966001796	-0.0205569202248
8.13813813814	-0.972314834025	0.89292585815	-0.0793889758759
8.14814814815	-0.993238357742	0.866025403784	-0.127212953958
8.15815815816	-0.999995055317	0.836350808966	-0.163644246352
8.16816816817	-0.992488554155	0.803997130367	-0.188491423788
8.17817817818	-0.970825921502	0.769068006574	-0.201757914928
8.18818818819	-0.935316137322	0.731675326102	-0.20364081122
8.1981981982	-0.886465687226	0.691938868978	-0.194526818249
8.20820820821	-0.824971338339	0.649985923054	-0.174985415286
8.21821821822	-0.751710201118	0.605950876264	-0.145759324854
8.22822822823	-0.667727218889	0.559974786138	-0.107752432751
8.23823823824	-0.574220263541	0.512204927953	-0.0620153355875
8.24824824825	-0.472523049956	0.462794322967	-0.00972872698891
8.25825825826	-0.364086112876	0.411901248244	0.0478151353677
8.26826826827	-0.250456117533	0.359688729645	0.109232612112
8.27827827828	-0.133253799146	0.306324019607	0.173070220461
8.28828828829	-0.0141508459408	0.251978061385	0.237827215444
8.2982982983	0.10515394459	0.196824941468	0.301978886058
8.30830830831	0.222958896095	0.141041331925	0.36400022802
8.31831831832	0.33758372483	0.0848059244755	0.422389649305
8.32832832833	0.447393505998	0.0282988580831	0.475692364081
8.33833833834	0.550821993122	-0.0282988580831	0.522523135039
8.34834834835	0.646393957842	-0.0848059244755	0.561588033366
8.35835835836	0.732746231489	-0.141041331925	0.591704899564
8.36836836837	0.808647148334	-0.196824941468	0.611822206866
8.37837837838	0.873014113161	-0.251978061385	0.621036051776
8.38838838839	0.92492904262	-0.306324019607	0.618605023014
8.3983983984	0.963651460093	-0.359688729645	0.603962730449
8.40840840841	0.988629057313	-0.411901248244	0.576727809069
8.41841841842	0.999505572086	-0.462794322967	0.536711249118
8.42842842843	0.996125869751	-0.512204927953	0.483920941798
8.43843843844	0.978538155914	-0.559974786138	0.418563369777
8.44844844845	0.946993288874	-0.605950876264	0.34104241261
8.45845845846	0.901941201561	-0.649985923054	0.251955278508
8.46846846847	0.84402448403	-0.691938868978	0.152085615052
8.47847847848	0.774069218016	-0.731675326102	0.0423938919147
8.48848848849	0.693073194316	-0.769068006574	-0.0759948122579
8.4984984985	0.602191681025	-0.803997130367	-0.201805449342
8.50850850851	0.502720945639	-0.836350808966	-0.333629863327
8.51851851852	0.396079766039	-0.866025403784	-0.469945637745
8.52852852853	0.283789194086	-0.89292585815	-0.609136664063
8.53853853854	0.167450860443	-0.916966001796	-0.749515141353
8.54854854855	0.0487241300892	-0.938068826896	-0.889344696807
8.55855855856	-0.070697565652	-0.956166734739	-1.02686430039
8.56856856857	-0.189110882978	-0.97120175227	-1.16031263525
8.57857857858	-0.304826860859	-0.983125717796	-1.28795257865
8.58858858859	-0.416195011144	-0.991900435259	-1.4080954464
8.5985985986	-0.521626859919	-0.997497796594	-1.51912465651
8.60860860861	-0.619618604335	-0.999899871767	-1.6195184761
8.61861861862	-0.708772561755	-0.999098966205	-1.70787152796
8.62862862863	-0.787817105279	-0.99509764545	-1.78291475073
8.63863863864	-0.855624801299	-0.98790872694	-1.84353352824
8.64864864865	-0.911228490388	-0.977555238948	-1.88878372934
8.65865865866	-0.953835082157	-0.964070346816	-1.91790542897
8.66866866867	-0.982836867314	-0.94749724672	-1.93033411403
8.67867867868	-0.997820185589	-0.927889027297	-1.92570921289
8.68868868869	-0.998571325879	-0.905308499583	-1.90387982546
8.6986986987	-0.985079574467	-0.879827995816	-1.86490757028
8.70870870871	-0.957537367837	-0.851529137733	-1.80906650557
8.71871871872	-0.916337547898	-0.820502575107	-1.73684012301
8.72872872873	-0.862067758776	-0.786847695372	-1.64891545415
8.73873873874	-0.795502065086	-0.750672305253	-1.54617437034
8.74874874875	-0.71758991124	-0.712092285431	-1.42968219667
8.75875875876	-0.629442579268	-0.671231219341	-1.30067379861
8.76876876877	-0.532317338301	-0.628219997296	-1.1605373356
8.77877877878	-0.427599511804	-0.583196397206	-1.01079590901
8.78878878879	-0.316782718332	-0.536304643237	-0.853087361569
8.7987987988	-0.20144756765	-0.487694943814	-0.689142511463
8.80880880881	-0.0832391160672	-0.437523010457	-0.520762126524
8.81881881882	0.036156597441	-0.385949558995	-0.349792961554
8.82882882883	0.155036599664	-0.333139794742	-0.178103195078
8.83883883884	0.27170527312	-0.279262883293	-0.00755761017242
8.84884884885	0.384498541105	-0.224491408638	0.160007132468
8.85885885886	0.491807602866	-0.169000820322	0.322806782545
8.86886886887	0.592101880361	-0.112968871429	0.479133008932
8.87887887888	0.683950849304	-0.0565750491838	0.62737580012
8.88888888889	0.766044443119	-1.95943487864e-15	0.766044443119
8.8988988989	0.837211738773	0.0565750491838	0.893786787956
8.90890890891	0.896437657964	0.112968871429	1.00940652939
8.91891891892	0.942877445461	0.169000820322	1.11187826578
8.92892892893	0.975868718069	0.224491408638	1.20036012671
8.93893893894	0.994940912384	0.279262883293	1.27420379568
8.94894894895	0.999821996562	0.333139794742	1.3329617913
8.95895895896	0.990442350387	0.385949558995	1.37639190938
8.96896896897	0.966935758276	0.437523010457	1.40445876873
8.97897897898	0.929637501083	0.487694943814	1.4173324449
8.98898898899	0.879079573893	0.536304643237	1.41538421713
8.998998999	0.815983098035	0.583196397206	1.39917949524
9.00900900901	0.741248035533	0.628219997296	1.36946803283
9.01901901902	0.655940352709	0.671231219341	1.32717157205
9.02902902903	0.561276816012	0.712092285431	1.27336910144
9.03903903904	0.458607636956	0.750672305253	1.20927994221
9.04904904905	0.349397213688	0.786847695372	1.13624490906
9.05905905906	0.235203243879	0.820502575107	1.05570581899
9.06906906907	0.117654506872	0.851529137733	0.969183644605
9.07907907908	-0.00157236804758	0.879827995816	0.878255627769
9.08908908909	-0.120776815858	0.905308499583	0.784531683724
9.0990990991	-0.238258591423	0.927889027297	0.689630435873
9.10910910911	-0.352342020544	0.94749724672	0.595155226176
9.11911911912	-0.461399900552	0.964070346816	0.502670446264
9.12912912913	-0.56387670954	0.977555238948	0.413678529408
9.13913913914	-0.658310793188	0.98790872694	0.329597933753
9.14914914915	-0.743355212731	0.99509764545	0.251742432719
9.15915915916	-0.817796956717	0.999098966205	0.181302009488
9.16916916917	-0.880574242504	0.999899871767	0.119325629263
9.17917917918	-0.930791660762	0.997497796594	0.0667061358322
9.18918918919	-0.967732946933	0.991900435259	0.0241674883254
9.1991991992	-0.990871197506	0.983125717796	-0.00774547971016
9.20920920921	-0.999876385381	0.97120175227	-0.0286746331107
9.21921921922	-0.99462006714	0.956166734739	-0.0384533324006
9.22922922923	-0.975177215064	0.938068826896	-0.0371083881682
9.23923923924	-0.941825147789	0.916966001796	-0.0248591459932
9.24924924925	-0.89503957483	0.89292585815	-0.0021137166809
9.25925925926	-0.835487811413	0.866025403784	0.0305375923715
9.26926926927	-0.764019260373	0.836350808966	0.0723315485923
9.27927927928	-0.6816532969	0.803997130367	0.122343833467
9.28928928929	-0.589564728906	0.769068006574	0.179503277668
9.2992992993	-0.489067040436	0.731675326102	0.242608285666
9.30930930931	-0.381593657079	0.691938868978	0.310345211899
9.31931931932	-0.268677500641	0.649985923054	0.381308422413
9.32932932933	-0.151929124666	0.605950876264	0.454021751598
9.33933933934	-0.0330137426761	0.559974786138	0.526961043461
9.34934934935	0.0863725232145	0.512204927953	0.598577451168
9.35935935936	0.204526834549	0.462794322967	0.667321157517
9.36936936937	0.319763924571	0.411901248244	0.731665172815
9.37937937938	0.430440135636	0.359688729645	0.79012886528
9.38938938939	0.534976863143	0.306324019607	0.84130088275
9.3993993994	0.6318830716	0.251978061385	0.883861132986
9.40940940941	0.719776561664	0.196824941468	0.916601503131
9.41941941942	0.797403684817	0.141041331925	0.938445016742
9.42942942943	0.863657224501	0.0848059244755	0.948463148977
9.43943943944	0.917592188639	0.0282988580831	0.945891046722
9.44944944945	0.958439288315	-0.0282988580831	0.930140430232
9.45945945946	0.985615910348	-0.0848059244755	0.900809985872
9.46946946947	0.998734427259	-0.141041331925	0.857693095334
9.47947947948	0.99760772611	-0.196824941468	0.800782784642
9.48948948949	0.982251877342	-0.251978061385	0.730273815957
9.4994994995	0.952885905561	-0.306324019607	0.646561885954
9.50950950951	0.909928665531	-0.359688729645	0.550239935886
9.51951951952	0.853992867932	-0.411901248244	0.442091619688
9.52952952953	0.785876340107	-0.462794322967	0.32308201714
9.53953953954	0.706550646434	-0.512204927953	0.194345718481
9.54954954955	0.617147230641	-0.559974786138	0.0571724445039
9.55955955956	0.518941277722	-0.605950876264	-0.0870095985415
9.56956956957	0.413333525626	-0.649985923054	-0.236652397428
9.57957957958	0.301830286157	-0.691938868978	-0.39010858282
9.58958958959	0.186021960045	-0.731675326102	-0.545653366057
9.5995995996	0.0675603526269	-0.769068006574	-0.701507653947
9.60960960961	-0.0518648862921	-0.803997130367	-0.855862016659
9.61961961962	-0.170550362372	-0.836350808966	-1.00690117134
9.62962962963	-0.286803232711	-0.866025403784	-1.1528286365
9.63963963964	-0.398965351315	-0.89292585815	-1.29189120946
9.64964964965	-0.505436919686	-0.916966001796	-1.42240292148
9.65965965966	-0.604699305175	-0.938068826896	-1.54276813207
9.66966966967	-0.69533670165	-0.956166734739	-1.65150343639
9.67967967968	-0.77605632352	-0.97120175227	-1.74725807579
9.68968968969	-0.845706845082	-0.983125717796	-1.82883256288
9.6996996997	-0.903294822193	-0.991900435259	-1.89519525745
9.70970970971	-0.947998862029	-0.997497796594	-1.94549665862
9.71971971972	-0.979181338833	-0.999899871767	-1.9790812106
9.72972972973	-0.996397488543	-0.999098966205	-1.99549645475
9.73973973974	-0.999401752577	-0.99509764545	-1.99449939803
9.74974974975	-0.988151280311	-0.98790872694	-1.97606000725
9.75975975976	-0.962806540259	-0.977555238948	-1.94036177921
9.76976976977	-0.923729031273	-0.964070346816	-1.88779937809
9.77977977978	-0.871476126386	-0.94749724672	-1.81897337311
9.78978978979	-0.80679312285	-0.927889027297	-1.73468215015
9.7997997998	-0.730602611762	-0.905308499583	-1.63591111134
9.80980980981	-0.643991318896	-0.879827995816	-1.52381931471
9.81981981982	-0.548194604445	-0.851529137733	-1.39972374218
9.82982982983	-0.44457884274	-0.820502575107	-1.26508141785
9.83983983984	-0.334621933292	-0.786847695372	-1.12146962866
9.84984984985	-0.219892221108	-0.750672305253	-0.97056452636
9.85985985986	-0.102026126964	-0.712092285431	-0.814118412395
9.86986986987	0.0172951933006	-0.671231219341	-0.65393602604
9.87987987988	0.136369827566	-0.628219997296	-0.49185016973
9.88988988989	0.253499382261	-0.583196397206	-0.329697014945
9.8998998999	0.367013207009	-0.536304643237	-0.169291436228
9.90990990991	0.475292223561	-0.487694943814	-0.0124027202526
9.91991991992	0.576792019149	-0.437523010457	0.139269008692
9.92992992993	0.670064874858	-0.385949558995	0.284115315862
9.93993993994	0.753780414831	-0.333139794742	0.420640620089
9.94994994995	0.826744581781	-0.279262883293	0.547481698488
9.95995995996	0.887916668148	-0.224491408638	0.66342525951
9.96996996997	0.936424159991	-0.169000820322	0.76742333967
9.97997997998	0.971575181895	-0.112968871429	0.858606310466
9.98998998999	0.992868365367	-0.0565750491838	0.936293316184
10.0	1.0	-2.20436423847e-15	1.0
